1                        1                        1                        0.1504                   0.1                      10                       5.331893955728635E-13    5.331919821699846E-13    0.25                     5.0E10                   2700                     4714.045207910317        2721.655269759087        2502.294445801098
1                        1                        1                        0.1504                   0.2                      5                        5.335380473537741E-13    5.332027339255391E-13    0.25                     5.0E10                   2700                     4714.045207910317        2721.655269759087        2502.294445801098
1                        1                        1                        0.1504                   0.30000000000000004      3.3333333333333326       5.367553745022802E-13    5.36406580104043E-13     0.25                     5.0E10                   2700                     4714.045207910317        2721.655269759087        2502.294445801098
1                        1                        1                        0.1504                   0.4                      2.5                      5.329778609500536E-13    5.332412597328923E-13    0.25                     5.0E10                   2700                     4714.045207910317        2721.655269759087        2502.294445801098
1                        1                        1                        0.1504                   0.5                      2                        5.333233875180691E-13    5.333318758460485E-13    0.25                     5.0E10                   2700                     4714.045207910317        2721.655269759087        2502.294445801098
1                        1                        1                        0.1504                   0.6                      1.6666666666666667       5.366626065209898E-13    5.366563820649632E-13    0.25                     5.0E10                   2700                     4714.045207910317        2721.655269759087        2502.294445801098
1                        1                        1                        0.1504                   0.7000000000000001       1.4285714285714284       5.375132542348492E-13    5.375069745345899E-13    0.25                     5.0E10                   2700                     4714.045207910317        2721.655269759087        2502.294445801098
1                        1                        1                        0.1504                   0.8                      1.25                     5.346329653162359E-13    5.332953224283394E-13    0.25                     5.0E10                   2700                     4714.045207910317        2721.655269759087        2502.294445801098
1                        1                        1                        0.1504                   0.9                      1.1111111111111112       5.324644885470722E-13    5.337743600430723E-13    0.25                     5.0E10                   2700                     4714.045207910317        2721.655269759087        2502.294445801098
1                        1                        1                        0.1504                   1                        1                        5.34945177008104E-13     5.332725405949391E-13    0.25                     5.0E10                   2700                     4714.045207910317        2721.655269759087        2502.294445801098
1                        1                        1                        0.1504                   1.1                      0.909090909090909        5.352531338016261E-13    5.360151546827702E-13    0.25                     5.0E10                   2700                     4714.045207910317        2721.655269759087        2502.294445801098
1                        1                        1                        0.1504                   1.2000000000000002       0.8333333333333331       5.356884842623036E-13    5.366431170768501E-13    0.25                     5.0E10                   2700                     4714.045207910317        2721.655269759087        2502.294445801098
1                        1                        1                        0.1504                   1.3000000000000003       0.769230769230769        5.361631103823088E-13    5.345956197034575E-13    0.25                     5.0E10                   2700                     4714.045207910317        2721.655269759087        2502.294445801098
1                        1                        1                        0.1504                   1.4000000000000001       0.7142857142857142       5.376884719579235E-13    5.361062934969439E-13    0.25                     5.0E10                   2700                     4714.045207910317        2721.655269759087        2502.294445801098
1                        1                        1                        0.1504                   1.5000000000000002       0.6666666666666665       5.36392766825528E-13     5.369521227083374E-13    0.25                     5.0E10                   2700                     4714.045207910317        2721.655269759087        2502.294445801098
1                        1                        1                        0.1504                   1.6                      0.625                    5.318433877182227E-13    5.337819348624167E-13    0.25                     5.0E10                   2700                     4714.045207910317        2721.655269759087        2502.294445801098
1                        1                        1                        0.1504                   1.7000000000000002       0.588235294117647        5.347819488263743E-13    5.363155512965914E-13    0.25                     5.0E10                   2700                     4714.045207910317        2721.655269759087        2502.294445801098
1                        1                        1                        0.1504                   1.8000000000000003       0.5555555555555555       5.37916781379296E-13     5.379919201887034E-13    0.25                     5.0E10                   2700                     4714.045207910317        2721.655269759087        2502.294445801098
1                        1                        1                        0.1504                   1.9000000000000001       0.5263157894736842       5.369536135293052E-13    5.355834253106022E-13    0.25                     5.0E10                   2700                     4714.045207910317        2721.655269759087        2502.294445801098
1                        1                        1                        0.1504                   2                        0.5                      5.359912019419624E-13    5.337763306750179E-13    0.25                     5.0E10                   2700                     4714.045207910317        2721.655269759087        2502.294445801098
1                        1                        1                        0.1504                   2.1                      0.47619047619047616      5.370998094668998E-13    5.348963720743935E-13    0.25                     5.0E10                   2700                     4714.045207910317        2721.655269759087        2502.294445801098
1                        1                        1                        0.1504                   2.2                      0.4545454545454545       5.385745434036935E-13    5.370945358109127E-13    0.25                     5.0E10                   2700                     4714.045207910317        2721.655269759087        2502.294445801098
1                        1                        1                        0.1504                   2.3000000000000003       0.43478260869565216      5.38400836630994E-13     5.380206596118871E-13    0.25                     5.0E10                   2700                     4714.045207910317        2721.655269759087        2502.294445801098
1                        1                        1                        0.1504                   2.4000000000000004       0.4166666666666666       5.364348755261814E-13    5.371548063546795E-13    0.25                     5.0E10                   2700                     4714.045207910317        2721.655269759087        2502.294445801098
1                        1                        1                        0.1504                   2.5000000000000004       0.3999999999999999       5.339259824651794E-13    5.354757178360846E-13    0.25                     5.0E10                   2700                     4714.045207910317        2721.655269759087        2502.294445801098
1                        1                        1                        0.1504                   2.6                      0.3846153846153846       5.32112244481638E-13     5.341437772139485E-13    0.25                     5.0E10                   2700                     4714.045207910317        2721.655269759087        2502.294445801098
1                        1                        1                        0.1504                   2.7                      0.37037037037037035      5.316007291687749E-13    5.337808705450461E-13    0.25                     5.0E10                   2700                     4714.045207910317        2721.655269759087        2502.294445801098
1                        1                        1                        0.1504                   2.8000000000000003       0.3571428571428571       5.322914341861621E-13    5.343592774848628E-13    0.25                     5.0E10                   2700                     4714.045207910317        2721.655269759087        2502.294445801098
1                        1                        1                        0.1504                   2.9000000000000004       0.3448275862068965       5.337047849796678E-13    5.35480451007352E-13     0.25                     5.0E10                   2700                     4714.045207910317        2721.655269759087        2502.294445801098
1                        1                        1                        0.1504                   3.0000000000000004       0.33333333333333326      5.352924616496242E-13    5.366656290142726E-13    0.25                     5.0E10                   2700                     4714.045207910317        2721.655269759087        2502.294445801098
1                        1                        1                        0.1504                   3.1                      0.32258064516129037      5.366339286491094E-13    5.375468450237862E-13    0.25                     5.0E10                   2700                     4714.045207910317        2721.655269759087        2502.294445801098
1                        1                        1                        0.1504                   3.2                      0.3125                   5.375084501508159E-13    5.379401989709546E-13    0.25                     5.0E10                   2700                     4714.045207910317        2721.655269759087        2502.294445801098
1                        1                        1                        0.1504                   3.3000000000000003       0.30303030303030304      5.378788624948698E-13    5.378334056293334E-13    0.25                     5.0E10                   2700                     4714.045207910317        2721.655269759087        2502.294445801098
1                        1                        1                        0.1504                   3.4000000000000004       0.2941176470588235       5.378792404303079E-13    5.37354398423667E-13     0.25                     5.0E10                   2700                     4714.045207910317        2721.655269759087        2502.294445801098
1                        1                        1                        0.1504                   3.5000000000000004       0.2857142857142857       5.37548543973064E-13     5.365987013047561E-13    0.25                     5.0E10                   2700                     4714.045207910317        2721.655269759087        2502.294445801098
1                        1                        1                        0.1504                   3.6                      0.2777777777777778       5.371010530702949E-13    5.35767687468192E-13     0.25                     5.0E10                   2700                     4714.045207910317        2721.655269759087        2502.294445801098
1                        1                        1                        0.1504                   3.7                      0.2702702702702703       5.366633785577839E-13    5.349942218169689E-13    0.25                     5.0E10                   2700                     4714.045207910317        2721.655269759087        2502.294445801098
1                        1                        1                        0.1504                   3.8000000000000003       0.2631578947368421       5.363234650291804E-13    5.34370744943265E-13     0.25                     5.0E10                   2700                     4714.045207910317        2721.655269759087        2502.294445801098
1                        1                        1                        0.1504                   3.9000000000000004       0.2564102564102564       5.36128982378148E-13     5.339479468302599E-13    0.25                     5.0E10                   2700                     4714.045207910317        2721.655269759087        2502.294445801098
1                        1                        1                        0.1504                   4                        0.25                     5.360937729033721E-13    5.337412136825217E-13    0.25                     5.0E10                   2700                     4714.045207910317        2721.655269759087        2502.294445801098
1                        1                        1                        0.1504                   4.1                      0.24390243902439027      5.3620674000734E-13      5.337395332648117E-13    0.25                     5.0E10                   2700                     4714.045207910317        2721.655269759087        2502.294445801098
1                        1                        1                        0.1504                   4.2                      0.23809523809523808      5.364408226136003E-13    5.339145308599392E-13    0.25                     5.0E10                   2700                     4714.045207910317        2721.655269759087        2502.294445801098
1                        1                        1                        0.1504                   4.3                      0.23255813953488372      5.367607261238016E-13    5.34228324098169E-13     0.25                     5.0E10                   2700                     4714.045207910317        2721.655269759087        2502.294445801098
1                        1                        1                        0.1504                   4.3999999999999995       0.22727272727272732      5.371289091552309E-13    5.346396905661467E-13    0.25                     5.0E10                   2700                     4714.045207910317        2721.655269759087        2502.294445801098
1                        1                        1                        0.1504                   4.5                      0.22222222222222224      5.375098008145077E-13    5.351085064811806E-13    0.25                     5.0E10                   2700                     4714.045207910317        2721.655269759087        2502.294445801098
1                        1                        1                        0.1504                   4.6                      0.2173913043478261       5.378724595533927E-13    5.355986472948794E-13    0.25                     5.0E10                   2700                     4714.045207910317        2721.655269759087        2502.294445801098
1                        1                        1                        0.1504                   4.7                      0.2127659574468085       5.381925240078561E-13    5.360801337331224E-13    0.25                     5.0E10                   2700                     4714.045207910317        2721.655269759087        2502.294445801098
1                        1                        1                        0.1504                   4.8                      0.20833333333333334      5.384505241296884E-13    5.365278590959764E-13    0.25                     5.0E10                   2700                     4714.045207910317        2721.655269759087        2502.294445801098
1                        1                        1                        0.1504                   4.9                      0.20408163265306117      5.386348458407984E-13    5.369244742774109E-13    0.25                     5.0E10                   2700                     4714.045207910317        2721.655269759087        2502.294445801098
1                        1                        1                        0.1504                   5                        0.2                      5.387492061478277E-13    5.372612273475479E-13    0.25                     5.0E10                   2700                     4714.045207910317        2721.655269759087        2502.294445801098
1                        1                        1                        0.1504                   5.1                      0.19607843137254904      5.38765091606293E-13     5.375214231021846E-13    0.25                     5.0E10                   2700                     4714.045207910317        2721.655269759087        2502.294445801098
1                        1                        1                        0.1504                   5.2                      0.1923076923076923       5.387020237781842E-13    5.37709259332427E-13     0.25                     5.0E10                   2700                     4714.045207910317        2721.655269759087        2502.294445801098
1                        1                        1                        0.1504                   5.3                      0.18867924528301888      5.385653750680152E-13    5.378259746457977E-13    0.25                     5.0E10                   2700                     4714.045207910317        2721.655269759087        2502.294445801098
1                        1                        1                        0.1504                   5.4                      0.18518518518518517      5.383625503961393E-13    5.378753609415448E-13    0.25                     5.0E10                   2700                     4714.045207910317        2721.655269759087        2502.294445801098
1                        1                        1                        0.1504                   5.5                      0.18181818181818182      5.381022386596852E-13    5.378630184569463E-13    0.25                     5.0E10                   2700                     4714.045207910317        2721.655269759087        2502.294445801098
1                        1                        1                        0.1504                   5.6                      0.17857142857142858      5.37793788527947E-13     5.377957166669744E-13    0.25                     5.0E10                   2700                     4714.045207910317        2721.655269759087        2502.294445801098
1                        1                        1                        0.1504                   5.7                      0.17543859649122806      5.374467093353364E-13    5.37680866732602E-13     0.25                     5.0E10                   2700                     4714.045207910317        2721.655269759087        2502.294445801098
1                        1                        1                        0.1504                   5.8                      0.1724137931034483       5.370702889888549E-13    5.375261018478169E-13    0.25                     5.0E10                   2700                     4714.045207910317        2721.655269759087        2502.294445801098
1                        1                        1                        0.1504                   5.9                      0.1694915254237288       5.366733159420135E-13    5.373389561909395E-13    0.25                     5.0E10                   2700                     4714.045207910317        2721.655269759087        2502.294445801098
1                        1                        1                        0.1504                   6                        0.16666666666666666      5.362638898624542E-13    5.371266300905136E-13    0.25                     5.0E10                   2700                     4714.045207910317        2721.655269759087        2502.294445801098
1                        1                        1                        0.1504                   6.1                      0.16393442622950818      5.358493052461137E-13    5.368958279782818E-13    0.25                     5.0E10                   2700                     4714.045207910317        2721.655269759087        2502.294445801098
1                        1                        1                        0.1504                   6.2                      0.16129032258064518      5.354359930536296E-13    5.366526558480835E-13    0.25                     5.0E10                   2700                     4714.045207910317        2721.655269759087        2502.294445801098
1                        1                        1                        0.1504                   6.3                      0.15873015873015872      5.35029506889264E-13     5.364025658993092E-13    0.25                     5.0E10                   2700                     4714.045207910317        2721.655269759087        2502.294445801098
1                        1                        1                        0.1504                   6.4                      0.15625                  5.346345421438215E-13    5.361503374985758E-13    0.25                     5.0E10                   2700                     4714.045207910317        2721.655269759087        2502.294445801098
1                        1                        1                        0.1504                   6.5                      0.15384615384615383      5.342549783598299E-13    5.359000851060907E-13    0.25                     5.0E10                   2700                     4714.045207910317        2721.655269759087        2502.294445801098
1                        1                        1                        0.1504                   6.6                      0.15151515151515152      5.338939369479006E-13    5.356552854297687E-13    0.25                     5.0E10                   2700                     4714.045207910317        2721.655269759087        2502.294445801098
1                        1                        1                        0.1504                   6.7                      0.1492537313432836       5.335538480716034E-13    5.354188175632103E-13    0.25                     5.0E10                   2700                     4714.045207910317        2721.655269759087        2502.294445801098
1                        1                        1                        0.1504                   6.8                      0.14705882352941177      5.332365219167212E-13    5.351930111325938E-13    0.25                     5.0E10                   2700                     4714.045207910317        2721.655269759087        2502.294445801098
1                        1                        1                        0.1504                   6.9                      0.14492753623188404      5.329432207663705E-13    5.349796986659567E-13    0.25                     5.0E10                   2700                     4714.045207910317        2721.655269759087        2502.294445801098
1                        1                        1                        0.1504                   7                        0.14285714285714285      5.326747294025931E-13    5.347802693287146E-13    0.25                     5.0E10                   2700                     4714.045207910317        2721.655269759087        2502.294445801098
1                        1                        1                        0.1504                   7.1                      0.14084507042253522      5.324334212691121E-13    5.345976040831689E-13    0.25                     5.0E10                   2700                     4714.045207910317        2721.655269759087        2502.294445801098
1                        1                        1                        0.1504                   7.2                      0.1388888888888889       5.3221539191572E-13      5.34428665782227E-13     0.25                     5.0E10                   2700                     4714.045207910317        2721.655269759087        2502.294445801098
1                        1                        1                        0.1504                   7.3                      0.13698630136986303      5.320223057329965E-13    5.342756357374104E-13    0.25                     5.0E10                   2700                     4714.045207910317        2721.655269759087        2502.294445801098
1                        1                        1                        0.1504                   7.4                      0.13513513513513514      5.31853657838963E-13     5.341386341751099E-13    0.25                     5.0E10                   2700                     4714.045207910317        2721.655269759087        2502.294445801098
1                        1                        1                        0.1504                   7.5                      0.13333333333333333      5.317087497791626E-13    5.340175739720331E-13    0.25                     5.0E10                   2700                     4714.045207910317        2721.655269759087        2502.294445801098
1                        1                        1                        0.1504                   7.6                      0.13157894736842105      5.315867301915306E-13    5.339121967915386E-13    0.25                     5.0E10                   2700                     4714.045207910317        2721.655269759087        2502.294445801098
1                        1                        1                        0.1504                   7.7                      0.12987012987012989      5.314866302998334E-13    5.33822105190989E-13     0.25                     5.0E10                   2700                     4714.045207910317        2721.655269759087        2502.294445801098
1                        1                        1                        0.1504                   7.8                      0.12820512820512822      5.314073946774092E-13    5.337467909463983E-13    0.25                     5.0E10                   2700                     4714.045207910317        2721.655269759087        2502.294445801098
1                        1                        1                        0.1504                   7.9                      0.12658227848101267      5.31347907632146E-13     5.336856597687827E-13    0.25                     5.0E10                   2700                     4714.045207910317        2721.655269759087        2502.294445801098
1                        1                        1                        0.1504                   8                        0.125                    5.313070156134971E-13    5.336380527237813E-13    0.25                     5.0E10                   2700                     4714.045207910317        2721.655269759087        2502.294445801098
1                        1                        1                        0.1504                   8.1                      0.1234567901234568       5.312835461506E-13       5.336032646405488E-13    0.25                     5.0E10                   2700                     4714.045207910317        2721.655269759087        2502.294445801098
1                        1                        1                        0.1504                   8.2                      0.12195121951219513      5.312763235016225E-13    5.335805597375838E-13    0.25                     5.0E10                   2700                     4714.045207910317        2721.655269759087        2502.294445801098
1                        1                        1                        0.1504                   8.3                      0.12048192771084336      5.312841816725548E-13    5.335691848761411E-13    0.25                     5.0E10                   2700                     4714.045207910317        2721.655269759087        2502.294445801098
1                        1                        1                        0.1504                   8.4                      0.11904761904761904      5.313059748923162E-13    5.335683805910631E-13    0.25                     5.0E10                   2700                     4714.045207910317        2721.655269759087        2502.294445801098
1                        1                        1                        0.1504                   8.5                      0.11764705882352941      5.313405860461161E-13    5.335773902350489E-13    0.25                     5.0E10                   2700                     4714.045207910317        2721.655269759087        2502.294445801098
1                        1                        1                        0.1504                   8.6                      0.11627906976744186      5.31386933257619E-13     5.335954674607461E-13    0.25                     5.0E10                   2700                     4714.045207910317        2721.655269759087        2502.294445801098
1                        1                        1                        0.1504                   8.7                      0.11494252873563218      5.314439749170354E-13    5.336218822242537E-13    0.25                     5.0E10                   2700                     4714.045207910317        2721.655269759087        2502.294445801098
1                        1                        1                        0.1504                   8.8                      0.11363636363636362      5.315107133610929E-13    5.336559255507443E-13    0.25                     5.0E10                   2700                     4714.045207910317        2721.655269759087        2502.294445801098
1                        1                        1                        0.1504                   8.9                      0.11235955056179775      5.315861974581413E-13    5.336969132160469E-13    0.25                     5.0E10                   2700                     4714.045207910317        2721.655269759087        2502.294445801098
1                        1                        1                        0.1504                   9                        0.11111111111111112      5.316695242278797E-13    5.337441885086357E-13    0.25                     5.0E10                   2700                     4714.045207910317        2721.655269759087        2502.294445801098
1                        1                        1                        0.1504                   9.1                      0.1098901098901099       5.317598396802157E-13    5.337971242070214E-13    0.25                     5.0E10                   2700                     4714.045207910317        2721.655269759087        2502.294445801098
1                        1                        1                        0.1504                   9.2                      0.10869565217391305      5.318563389860701E-13    5.338551238895361E-13    0.25                     5.0E10                   2700                     4714.045207910317        2721.655269759087        2502.294445801098
1                        1                        1                        0.1504                   9.3                      0.10752688172043011      5.319582661460304E-13    5.339176227087815E-13    0.25                     5.0E10                   2700                     4714.045207910317        2721.655269759087        2502.294445801098
1                        1                        1                        0.1504                   9.4                      0.10638297872340426      5.320649132030922E-13    5.33984087695952E-13     0.25                     5.0E10                   2700                     4714.045207910317        2721.655269759087        2502.294445801098
1                        1                        1                        0.1504                   9.5                      0.10526315789473685      5.321756191569833E-13    5.340540176995821E-13    0.25                     5.0E10                   2700                     4714.045207910317        2721.655269759087        2502.294445801098
1                        1                        1                        0.1504                   9.6                      0.10416666666666667      5.322897685188172E-13    5.341269429906938E-13    0.25                     5.0E10                   2700                     4714.045207910317        2721.655269759087        2502.294445801098
1                        1                        1                        0.1504                   9.700000000000001        0.1030927835051546       5.324067897665208E-13    5.342024246549E-13       0.25                     5.0E10                   2700                     4714.045207910317        2721.655269759087        2502.294445801098
1                        1                        1                        0.1504                   9.8                      0.10204081632653059      5.325261536281092E-13    5.3428005378649E-13      0.25                     5.0E10                   2700                     4714.045207910317        2721.655269759087        2502.294445801098
1                        1                        1                        0.1504                   9.9                      0.101010101010101        5.326473711841505E-13    5.343594504976048E-13    0.25                     5.0E10                   2700                     4714.045207910317        2721.655269759087        2502.294445801098
1                        1                        1                        0.1504                   10                       0.1                      5.327869589149472E-13    5.344107409090397E-13    0.25                     5.0E10                   2700                     4714.045207910317        2721.655269759087        2502.294445801098
