1                        1                        1                        0.2386                   0.1                      10                       5.331403236130979E-13    5.331430188774882E-13    0.25                     5.0E10                   2700                     4714.045207910317        2721.655269759087        2502.294445801098
1                        1                        1                        0.2386                   0.2                      5                        5.334889512898899E-13    5.331536266101402E-13    0.25                     5.0E10                   2700                     4714.045207910317        2721.655269759087        2502.294445801098
1                        1                        1                        0.2386                   0.30000000000000004      3.3333333333333326       5.366435929076742E-13    5.362918316930152E-13    0.25                     5.0E10                   2700                     4714.045207910317        2721.655269759087        2502.294445801098
1                        1                        1                        0.2386                   0.4                      2.5                      5.329310136968431E-13    5.331922270579389E-13    0.25                     5.0E10                   2700                     4714.045207910317        2721.655269759087        2502.294445801098
1                        1                        1                        0.2386                   0.5                      2                        5.331951651842989E-13    5.33208671242436E-13     0.25                     5.0E10                   2700                     4714.045207910317        2721.655269759087        2502.294445801098
1                        1                        1                        0.2386                   0.6                      1.6666666666666667       5.36543325159784E-13     5.365261773328508E-13    0.25                     5.0E10                   2700                     4714.045207910317        2721.655269759087        2502.294445801098
1                        1                        1                        0.2386                   0.7000000000000001       1.4285714285714284       5.374512369615218E-13    5.374454875204648E-13    0.25                     5.0E10                   2700                     4714.045207910317        2721.655269759087        2502.294445801098
1                        1                        1                        0.2386                   0.8                      1.25                     5.345804298270901E-13    5.332524492942283E-13    0.25                     5.0E10                   2700                     4714.045207910317        2721.655269759087        2502.294445801098
1                        1                        1                        0.2386                   0.9                      1.1111111111111112       5.324471200431525E-13    5.337544262573547E-13    0.25                     5.0E10                   2700                     4714.045207910317        2721.655269759087        2502.294445801098
1                        1                        1                        0.2386                   1                        1                        5.349555020266724E-13    5.332801308794166E-13    0.25                     5.0E10                   2700                     4714.045207910317        2721.655269759087        2502.294445801098
1                        1                        1                        0.2386                   1.1                      0.909090909090909        5.352754046386446E-13    5.360233254199998E-13    0.25                     5.0E10                   2700                     4714.045207910317        2721.655269759087        2502.294445801098
1                        1                        1                        0.2386                   1.2000000000000002       0.8333333333333331       5.356166226911213E-13    5.3657065594783E-13      0.25                     5.0E10                   2700                     4714.045207910317        2721.655269759087        2502.294445801098
1                        1                        1                        0.2386                   1.3000000000000003       0.769230769230769        5.362811124895879E-13    5.346797326434901E-13    0.25                     5.0E10                   2700                     4714.045207910317        2721.655269759087        2502.294445801098
1                        1                        1                        0.2386                   1.4000000000000001       0.7142857142857142       5.377553001068995E-13    5.359979171089741E-13    0.25                     5.0E10                   2700                     4714.045207910317        2721.655269759087        2502.294445801098
1                        1                        1                        0.2386                   1.5000000000000002       0.6666666666666665       5.366144051435133E-13    5.370234550562931E-13    0.25                     5.0E10                   2700                     4714.045207910317        2721.655269759087        2502.294445801098
1                        1                        1                        0.2386                   1.6                      0.625                    5.317438905555223E-13    5.336579217274183E-13    0.25                     5.0E10                   2700                     4714.045207910317        2721.655269759087        2502.294445801098
1                        1                        1                        0.2386                   1.7000000000000002       0.588235294117647        5.345329384697786E-13    5.361147573957013E-13    0.25                     5.0E10                   2700                     4714.045207910317        2721.655269759087        2502.294445801098
1                        1                        1                        0.2386                   1.8000000000000003       0.5555555555555555       5.377846824594758E-13    5.379297038801952E-13    0.25                     5.0E10                   2700                     4714.045207910317        2721.655269759087        2502.294445801098
1                        1                        1                        0.2386                   1.9000000000000001       0.5263157894736842       5.36915605752152E-13     5.355840759139066E-13    0.25                     5.0E10                   2700                     4714.045207910317        2721.655269759087        2502.294445801098
1                        1                        1                        0.2386                   2                        0.5                      5.359266060804705E-13    5.337020159453613E-13    0.25                     5.0E10                   2700                     4714.045207910317        2721.655269759087        2502.294445801098
1                        1                        1                        0.2386                   2.1                      0.47619047619047616      5.37023399991215E-13     5.347597315983628E-13    0.25                     5.0E10                   2700                     4714.045207910317        2721.655269759087        2502.294445801098
1                        1                        1                        0.2386                   2.2                      0.4545454545454545       5.385521679772924E-13    5.369811811960633E-13    0.25                     5.0E10                   2700                     4714.045207910317        2721.655269759087        2502.294445801098
1                        1                        1                        0.2386                   2.3000000000000003       0.43478260869565216      5.384544354576071E-13    5.379771442312111E-13    0.25                     5.0E10                   2700                     4714.045207910317        2721.655269759087        2502.294445801098
1                        1                        1                        0.2386                   2.4000000000000004       0.4166666666666666       5.365368870717835E-13    5.372480560039555E-13    0.25                     5.0E10                   2700                     4714.045207910317        2721.655269759087        2502.294445801098
1                        1                        1                        0.2386                   2.5000000000000004       0.3999999999999999       5.340103570657849E-13    5.355576180574838E-13    0.25                     5.0E10                   2700                     4714.045207910317        2721.655269759087        2502.294445801098
1                        1                        1                        0.2386                   2.6                      0.3846153846153846       5.321827955427949E-13    5.342160333143658E-13    0.25                     5.0E10                   2700                     4714.045207910317        2721.655269759087        2502.294445801098
1                        1                        1                        0.2386                   2.7                      0.37037037037037035      5.31654122638445E-13     5.338406985429388E-13    0.25                     5.0E10                   2700                     4714.045207910317        2721.655269759087        2502.294445801098
1                        1                        1                        0.2386                   2.8000000000000003       0.3571428571428571       5.323293326063663E-13    5.344076474413877E-13    0.25                     5.0E10                   2700                     4714.045207910317        2721.655269759087        2502.294445801098
1                        1                        1                        0.2386                   2.9000000000000004       0.3448275862068965       5.337318752015793E-13    5.355207519268085E-13    0.25                     5.0E10                   2700                     4714.045207910317        2721.655269759087        2502.294445801098
1                        1                        1                        0.2386                   3.0000000000000004       0.33333333333333326      5.353140134673514E-13    5.367017632257862E-13    0.25                     5.0E10                   2700                     4714.045207910317        2721.655269759087        2502.294445801098
1                        1                        1                        0.2386                   3.1                      0.32258064516129037      5.366537183976209E-13    5.375813171108516E-13    0.25                     5.0E10                   2700                     4714.045207910317        2721.655269759087        2502.294445801098
1                        1                        1                        0.2386                   3.2                      0.3125                   5.375283478115021E-13    5.37973886418039E-13     0.25                     5.0E10                   2700                     4714.045207910317        2721.655269759087        2502.294445801098
1                        1                        1                        0.2386                   3.3000000000000003       0.30303030303030304      5.378991546527746E-13    5.378658963042789E-13    0.25                     5.0E10                   2700                     4714.045207910317        2721.655269759087        2502.294445801098
1                        1                        1                        0.2386                   3.4000000000000004       0.2941176470588235       5.378852407411878E-13    5.373777297366715E-13    0.25                     5.0E10                   2700                     4714.045207910317        2721.655269759087        2502.294445801098
1                        1                        1                        0.2386                   3.5000000000000004       0.2857142857142857       5.375570173592454E-13    5.366208233887563E-13    0.25                     5.0E10                   2700                     4714.045207910317        2721.655269759087        2502.294445801098
1                        1                        1                        0.2386                   3.6                      0.2777777777777778       5.371096776407771E-13    5.357861768392012E-13    0.25                     5.0E10                   2700                     4714.045207910317        2721.655269759087        2502.294445801098
1                        1                        1                        0.2386                   3.7                      0.2702702702702703       5.366711610015052E-13    5.35008170063129E-13     0.25                     5.0E10                   2700                     4714.045207910317        2721.655269759087        2502.294445801098
1                        1                        1                        0.2386                   3.8000000000000003       0.2631578947368421       5.36330238691928E-13     5.343802402634445E-13    0.25                     5.0E10                   2700                     4714.045207910317        2721.655269759087        2502.294445801098
1                        1                        1                        0.2386                   3.9000000000000004       0.2564102564102564       5.36134800949078E-13     5.339535146112239E-13    0.25                     5.0E10                   2700                     4714.045207910317        2721.655269759087        2502.294445801098
1                        1                        1                        0.2386                   4                        0.25                     5.360992409372558E-13    5.337439674154577E-13    0.25                     5.0E10                   2700                     4714.045207910317        2721.655269759087        2502.294445801098
1                        1                        1                        0.2386                   4.1                      0.24390243902439027      5.362125599419906E-13    5.33740719893234E-13     0.25                     5.0E10                   2700                     4714.045207910317        2721.655269759087        2502.294445801098
1                        1                        1                        0.2386                   4.2                      0.23809523809523808      5.3644761130581E-13      5.339153124072906E-13    0.25                     5.0E10                   2700                     4714.045207910317        2721.655269759087        2502.294445801098
1                        1                        1                        0.2386                   4.3                      0.23255813953488372      5.367689080794895E-13    5.342296433406591E-13    0.25                     5.0E10                   2700                     4714.045207910317        2721.655269759087        2502.294445801098
1                        1                        1                        0.2386                   4.3999999999999995       0.22727272727272732      5.371386760712443E-13    5.346422101110811E-13    0.25                     5.0E10                   2700                     4714.045207910317        2721.655269759087        2502.294445801098
1                        1                        1                        0.2386                   4.5                      0.22222222222222224      5.375211198546127E-13    5.35112603238077E-13     0.25                     5.0E10                   2700                     4714.045207910317        2721.655269759087        2502.294445801098
1                        1                        1                        0.2386                   4.6                      0.2173913043478261       5.378851120178523E-13    5.35604443381109E-13     0.25                     5.0E10                   2700                     4714.045207910317        2721.655269759087        2502.294445801098
1                        1                        1                        0.2386                   4.7                      0.2127659574468085       5.382056106611705E-13    5.36087046822038E-13     0.25                     5.0E10                   2700                     4714.045207910317        2721.655269759087        2502.294445801098
1                        1                        1                        0.2386                   4.8                      0.20833333333333334      5.384641225715793E-13    5.365361205852259E-13    0.25                     5.0E10                   2700                     4714.045207910317        2721.655269759087        2502.294445801098
1                        1                        1                        0.2386                   4.9                      0.20408163265306117      5.386485005781102E-13    5.369337640562177E-13    0.25                     5.0E10                   2700                     4714.045207910317        2721.655269759087        2502.294445801098
1                        1                        1                        0.2386                   5                        0.2                      5.387605090993186E-13    5.372648384054915E-13    0.25                     5.0E10                   2700                     4714.045207910317        2721.655269759087        2502.294445801098
1                        1                        1                        0.2386                   5.1                      0.19607843137254904      5.387760059674868E-13    5.375266469771882E-13    0.25                     5.0E10                   2700                     4714.045207910317        2721.655269759087        2502.294445801098
1                        1                        1                        0.2386                   5.2                      0.1923076923076923       5.387118462787746E-13    5.377153887649274E-13    0.25                     5.0E10                   2700                     4714.045207910317        2721.655269759087        2502.294445801098
1                        1                        1                        0.2386                   5.3                      0.18867924528301888      5.385735496514466E-13    5.378323793533631E-13    0.25                     5.0E10                   2700                     4714.045207910317        2721.655269759087        2502.294445801098
1                        1                        1                        0.2386                   5.4                      0.18518518518518517      5.383686764673462E-13    5.378815133102659E-13    0.25                     5.0E10                   2700                     4714.045207910317        2721.655269759087        2502.294445801098
1                        1                        1                        0.2386                   5.5                      0.18181818181818182      5.381060666237366E-13    5.378685047845018E-13    0.25                     5.0E10                   2700                     4714.045207910317        2721.655269759087        2502.294445801098
1                        1                        1                        0.2386                   5.6                      0.17857142857142858      5.37795206484024E-13     5.37800237448051E-13     0.25                     5.0E10                   2700                     4714.045207910317        2721.655269759087        2502.294445801098
1                        1                        1                        0.2386                   5.7                      0.17543859649122806      5.374457243132117E-13    5.376842292764677E-13    0.25                     5.0E10                   2700                     4714.045207910317        2721.655269759087        2502.294445801098
1                        1                        1                        0.2386                   5.8                      0.1724137931034483       5.370670055309934E-13    5.375282080466285E-13    0.25                     5.0E10                   2700                     4714.045207910317        2721.655269759087        2502.294445801098
1                        1                        1                        0.2386                   5.9                      0.1694915254237288       5.36667914186335E-13     5.373397877346076E-13    0.25                     5.0E10                   2700                     4714.045207910317        2721.655269759087        2502.294445801098
1                        1                        1                        0.2386                   6                        0.16666666666666666      5.362566046226484E-13    5.371262328508008E-13    0.25                     5.0E10                   2700                     4714.045207910317        2721.655269759087        2502.294445801098
1                        1                        1                        0.2386                   6.1                      0.16393442622950818      5.358404070728338E-13    5.368942967964348E-13    0.25                     5.0E10                   2700                     4714.045207910317        2721.655269759087        2502.294445801098
1                        1                        1                        0.2386                   6.2                      0.16129032258064518      5.354257718421761E-13    5.366501205286368E-13    0.25                     5.0E10                   2700                     4714.045207910317        2721.655269759087        2502.294445801098
1                        1                        1                        0.2386                   6.3                      0.15873015873015872      5.350182582180421E-13    5.363991788818659E-13    0.25                     5.0E10                   2700                     4714.045207910317        2721.655269759087        2502.294445801098
1                        1                        1                        0.2386                   6.4                      0.15625                  5.346225563712269E-13    5.361462634101423E-13    0.25                     5.0E10                   2700                     4714.045207910317        2721.655269759087        2502.294445801098
1                        1                        1                        0.2386                   6.5                      0.15384615384615383      5.342425322726399E-13    5.358954922444224E-13    0.25                     5.0E10                   2700                     4714.045207910317        2721.655269759087        2502.294445801098
1                        1                        1                        0.2386                   6.6                      0.15151515151515152      5.338812877003329E-13    5.356503390454915E-13    0.25                     5.0E10                   2700                     4714.045207910317        2721.655269759087        2502.294445801098
1                        1                        1                        0.2386                   6.7                      0.1492537313432836       5.335412291158719E-13    5.354136748171892E-13    0.25                     5.0E10                   2700                     4714.045207910317        2721.655269759087        2502.294445801098
1                        1                        1                        0.2386                   6.8                      0.14705882352941177      5.332241405859293E-13    5.35187817485899E-13     0.25                     5.0E10                   2700                     4714.045207910317        2721.655269759087        2502.294445801098
1                        1                        1                        0.2386                   6.9                      0.14492753623188404      5.329312572151261E-13    5.349745855063321E-13    0.25                     5.0E10                   2700                     4714.045207910317        2721.655269759087        2502.294445801098
1                        1                        1                        0.2386                   7                        0.14285714285714285      5.326633366010471E-13    5.347753526017735E-13    0.25                     5.0E10                   2700                     4714.045207910317        2721.655269759087        2502.294445801098
1                        1                        1                        0.2386                   7.1                      0.14084507042253522      5.324207265261465E-13    5.345911016078156E-13    0.25                     5.0E10                   2700                     4714.045207910317        2721.655269759087        2502.294445801098
1                        1                        1                        0.2386                   7.2                      0.1388888888888889       5.322034279063423E-13    5.34422476005593E-13     0.25                     5.0E10                   2700                     4714.045207910317        2721.655269759087        2502.294445801098
1                        1                        1                        0.2386                   7.3                      0.13698630136986303      5.320111522423454E-13    5.342698281620103E-13    0.25                     5.0E10                   2700                     4714.045207910317        2721.655269759087        2502.294445801098
1                        1                        1                        0.2386                   7.4                      0.13513513513513514      5.318433734910398E-13    5.341332638199944E-13    0.25                     5.0E10                   2700                     4714.045207910317        2721.655269759087        2502.294445801098
1                        1                        1                        0.2386                   7.5                      0.13333333333333333      5.31701305384566E-13     5.340145129260609E-13    0.25                     5.0E10                   2700                     4714.045207910317        2721.655269759087        2502.294445801098
1                        1                        1                        0.2386                   7.6                      0.13157894736842105      5.315802755229008E-13    5.339097028843048E-13    0.25                     5.0E10                   2700                     4714.045207910317        2721.655269759087        2502.294445801098
1                        1                        1                        0.2386                   7.7                      0.12987012987012989      5.314811723153368E-13    5.338201962670471E-13    0.25                     5.0E10                   2700                     4714.045207910317        2721.655269759087        2502.294445801098
1                        1                        1                        0.2386                   7.8                      0.12820512820512822      5.314029277326549E-13    5.337454752609145E-13    0.25                     5.0E10                   2700                     4714.045207910317        2721.655269759087        2502.294445801098
1                        1                        1                        0.2386                   7.9                      0.12658227848101267      5.313444154402038E-13    5.336849372802432E-13    0.25                     5.0E10                   2700                     4714.045207910317        2721.655269759087        2502.294445801098
1                        1                        1                        0.2386                   8                        0.125                    5.313044730648275E-13    5.336379163228644E-13    0.25                     5.0E10                   2700                     4714.045207910317        2721.655269759087        2502.294445801098
1                        1                        1                        0.2386                   8.1                      0.1234567901234568       5.312819209621608E-13    5.336037013028539E-13    0.25                     5.0E10                   2700                     4714.045207910317        2721.655269759087        2502.294445801098
1                        1                        1                        0.2386                   8.2                      0.12195121951219513      5.312755777191764E-13    5.335815515923498E-13    0.25                     5.0E10                   2700                     4714.045207910317        2721.655269759087        2502.294445801098
1                        1                        1                        0.2386                   8.3                      0.12048192771084336      5.312842730043506E-13    5.335707101760992E-13    0.25                     5.0E10                   2700                     4714.045207910317        2721.655269759087        2502.294445801098
1                        1                        1                        0.2386                   8.4                      0.11904761904761904      5.313068578882757E-13    5.335704145826537E-13    0.25                     5.0E10                   2700                     4714.045207910317        2721.655269759087        2502.294445801098
1                        1                        1                        0.2386                   8.5                      0.11764705882352941      5.31342213114263E-13     5.335799059295948E-13    0.25                     5.0E10                   2700                     4714.045207910317        2721.655269759087        2502.294445801098
1                        1                        1                        0.2386                   8.6                      0.11627906976744186      5.313892555521818E-13    5.335984363103455E-13    0.25                     5.0E10                   2700                     4714.045207910317        2721.655269759087        2502.294445801098
1                        1                        1                        0.2386                   8.7                      0.11494252873563218      5.314469431015407E-13    5.336252747198218E-13    0.25                     5.0E10                   2700                     4714.045207910317        2721.655269759087        2502.294445801098
1                        1                        1                        0.2386                   8.8                      0.11363636363636362      5.315142782280552E-13    5.336597117129075E-13    0.25                     5.0E10                   2700                     4714.045207910317        2721.655269759087        2502.294445801098
1                        1                        1                        0.2386                   8.9                      0.11235955056179775      5.315903104656755E-13    5.337010630304914E-13    0.25                     5.0E10                   2700                     4714.045207910317        2721.655269759087        2502.294445801098
1                        1                        1                        0.2386                   9                        0.11111111111111112      5.316741379409794E-13    5.337486722849384E-13    0.25                     5.0E10                   2700                     4714.045207910317        2721.655269759087        2502.294445801098
1                        1                        1                        0.2386                   9.1                      0.1098901098901099       5.317649081026583E-13    5.338019128655336E-13    0.25                     5.0E10                   2700                     4714.045207910317        2721.655269759087        2502.294445801098
1                        1                        1                        0.2386                   9.2                      0.10869565217391305      5.31861817841465E-13     5.338601892057309E-13    0.25                     5.0E10                   2700                     4714.045207910317        2721.655269759087        2502.294445801098
1                        1                        1                        0.2386                   9.3                      0.10752688172043011      5.319641130788802E-13    5.339229374943422E-13    0.25                     5.0E10                   2700                     4714.045207910317        2721.655269759087        2502.294445801098
1                        1                        1                        0.2386                   9.4                      0.10638297872340426      5.320710879318809E-13    5.33989625945993E-13     0.25                     5.0E10                   2700                     4714.045207910317        2721.655269759087        2502.294445801098
1                        1                        1                        0.2386                   9.5                      0.10526315789473685      5.321820835768095E-13    5.340597546998945E-13    0.25                     5.0E10                   2700                     4714.045207910317        2721.655269759087        2502.294445801098
1                        1                        1                        0.2386                   9.6                      0.10416666666666667      5.32296486755068E-13     5.341328553864588E-13    0.25                     5.0E10                   2700                     4714.045207910317        2721.655269759087        2502.294445801098
1                        1                        1                        0.2386                   9.700000000000001        0.1030927835051546       5.324137282157804E-13    5.342084905041918E-13    0.25                     5.0E10                   2700                     4714.045207910317        2721.655269759087        2502.294445801098
1                        1                        1                        0.2386                   9.8                      0.10204081632653059      5.325332809308458E-13    5.342862525700346E-13    0.25                     5.0E10                   2700                     4714.045207910317        2721.655269759087        2502.294445801098
1                        1                        1                        0.2386                   9.9                      0.101010101010101        5.326546582200402E-13    5.343657631296463E-13    0.25                     5.0E10                   2700                     4714.045207910317        2721.655269759087        2502.294445801098
1                        1                        1                        0.2386                   10                       0.1                      5.327794332923373E-13    5.344013634732807E-13    0.25                     5.0E10                   2700                     4714.045207910317        2721.655269759087        2502.294445801098
