1                        1                        1                        0.9388                   0.1                      10                       5.331360492830662E-13    5.33138530999313E-13     0.25                     5.0E10                   2700                     4714.045207910317        2721.655269759087        2502.294445801098
1                        1                        1                        0.9388                   0.2                      5                        5.334842644830362E-13    5.331494011288295E-13    0.25                     5.0E10                   2700                     4714.045207910317        2721.655269759087        2502.294445801098
1                        1                        1                        0.9388                   0.30000000000000004      3.3333333333333326       5.36660474429838E-13     5.363097947569295E-13    0.25                     5.0E10                   2700                     4714.045207910317        2721.655269759087        2502.294445801098
1                        1                        1                        0.9388                   0.4                      2.5                      5.329430451374978E-13    5.332074133818945E-13    0.25                     5.0E10                   2700                     4714.045207910317        2721.655269759087        2502.294445801098
1                        1                        1                        0.9388                   0.5                      2                        5.331661963580142E-13    5.331775271768771E-13    0.25                     5.0E10                   2700                     4714.045207910317        2721.655269759087        2502.294445801098
1                        1                        1                        0.9388                   0.6                      1.6666666666666667       5.365571909158782E-13    5.365471766856382E-13    0.25                     5.0E10                   2700                     4714.045207910317        2721.655269759087        2502.294445801098
1                        1                        1                        0.9388                   0.7000000000000001       1.4285714285714284       5.373629410417109E-13    5.373613835384046E-13    0.25                     5.0E10                   2700                     4714.045207910317        2721.655269759087        2502.294445801098
1                        1                        1                        0.9388                   0.8                      1.25                     5.345620641603103E-13    5.332731717771133E-13    0.25                     5.0E10                   2700                     4714.045207910317        2721.655269759087        2502.294445801098
1                        1                        1                        0.9388                   0.9                      1.1111111111111112       5.324013051993483E-13    5.337139390076681E-13    0.25                     5.0E10                   2700                     4714.045207910317        2721.655269759087        2502.294445801098
1                        1                        1                        0.9388                   1                        1                        5.348668049403484E-13    5.33208919615086E-13     0.25                     5.0E10                   2700                     4714.045207910317        2721.655269759087        2502.294445801098
1                        1                        1                        0.9388                   1.1                      0.909090909090909        5.35219874646708E-13     5.360479569090677E-13    0.25                     5.0E10                   2700                     4714.045207910317        2721.655269759087        2502.294445801098
1                        1                        1                        0.9388                   1.2000000000000002       0.8333333333333331       5.356426058581117E-13    5.36621039188936E-13     0.25                     5.0E10                   2700                     4714.045207910317        2721.655269759087        2502.294445801098
1                        1                        1                        0.9388                   1.3000000000000003       0.769230769230769        5.361862361954859E-13    5.346545954013377E-13    0.25                     5.0E10                   2700                     4714.045207910317        2721.655269759087        2502.294445801098
1                        1                        1                        0.9388                   1.4000000000000001       0.7142857142857142       5.377632609180288E-13    5.36043652615419E-13     0.25                     5.0E10                   2700                     4714.045207910317        2721.655269759087        2502.294445801098
1                        1                        1                        0.9388                   1.5000000000000002       0.6666666666666665       5.364847780572295E-13    5.369716039056736E-13    0.25                     5.0E10                   2700                     4714.045207910317        2721.655269759087        2502.294445801098
1                        1                        1                        0.9388                   1.6                      0.625                    5.318056271850707E-13    5.337754429652372E-13    0.25                     5.0E10                   2700                     4714.045207910317        2721.655269759087        2502.294445801098
1                        1                        1                        0.9388                   1.7000000000000002       0.588235294117647        5.347740682816685E-13    5.362959872045258E-13    0.25                     5.0E10                   2700                     4714.045207910317        2721.655269759087        2502.294445801098
1                        1                        1                        0.9388                   1.8000000000000003       0.5555555555555555       5.379017162026737E-13    5.379813701969901E-13    0.25                     5.0E10                   2700                     4714.045207910317        2721.655269759087        2502.294445801098
1                        1                        1                        0.9388                   1.9000000000000001       0.5263157894736842       5.369826164663408E-13    5.356242847153472E-13    0.25                     5.0E10                   2700                     4714.045207910317        2721.655269759087        2502.294445801098
1                        1                        1                        0.9388                   2                        0.5                      5.359832182345162E-13    5.338069219617445E-13    0.25                     5.0E10                   2700                     4714.045207910317        2721.655269759087        2502.294445801098
1                        1                        1                        0.9388                   2.1                      0.47619047619047616      5.37089122226711E-13     5.349134037853705E-13    0.25                     5.0E10                   2700                     4714.045207910317        2721.655269759087        2502.294445801098
1                        1                        1                        0.9388                   2.2                      0.4545454545454545       5.385707520912554E-13    5.37103699382326E-13     0.25                     5.0E10                   2700                     4714.045207910317        2721.655269759087        2502.294445801098
1                        1                        1                        0.9388                   2.3000000000000003       0.43478260869565216      5.384127488054022E-13    5.380335744198346E-13    0.25                     5.0E10                   2700                     4714.045207910317        2721.655269759087        2502.294445801098
1                        1                        1                        0.9388                   2.4000000000000004       0.4166666666666666       5.36512738461407E-13     5.371763978051305E-13    0.25                     5.0E10                   2700                     4714.045207910317        2721.655269759087        2502.294445801098
1                        1                        1                        0.9388                   2.5000000000000004       0.3999999999999999       5.340003989751055E-13    5.354908222101136E-13    0.25                     5.0E10                   2700                     4714.045207910317        2721.655269759087        2502.294445801098
1                        1                        1                        0.9388                   2.6                      0.3846153846153846       5.321689699298281E-13    5.341529672228443E-13    0.25                     5.0E10                   2700                     4714.045207910317        2721.655269759087        2502.294445801098
1                        1                        1                        0.9388                   2.7                      0.37037037037037035      5.316276838549921E-13    5.337735772374874E-13    0.25                     5.0E10                   2700                     4714.045207910317        2721.655269759087        2502.294445801098
1                        1                        1                        0.9388                   2.8000000000000003       0.3571428571428571       5.322897886524511E-13    5.343353336042136E-13    0.25                     5.0E10                   2700                     4714.045207910317        2721.655269759087        2502.294445801098
1                        1                        1                        0.9388                   2.9000000000000004       0.3448275862068965       5.336839837319725E-13    5.354466361995491E-13    0.25                     5.0E10                   2700                     4714.045207910317        2721.655269759087        2502.294445801098
1                        1                        1                        0.9388                   3.0000000000000004       0.33333333333333326      5.352638816848747E-13    5.366303131646766E-13    0.25                     5.0E10                   2700                     4714.045207910317        2721.655269759087        2502.294445801098
1                        1                        1                        0.9388                   3.1                      0.32258064516129037      5.366065361056462E-13    5.375161706713259E-13    0.25                     5.0E10                   2700                     4714.045207910317        2721.655269759087        2502.294445801098
1                        1                        1                        0.9388                   3.2                      0.3125                   5.375825374991365E-13    5.380205050411538E-13    0.25                     5.0E10                   2700                     4714.045207910317        2721.655269759087        2502.294445801098
1                        1                        1                        0.9388                   3.3000000000000003       0.30303030303030304      5.379466644003385E-13    5.379064052188679E-13    0.25                     5.0E10                   2700                     4714.045207910317        2721.655269759087        2502.294445801098
1                        1                        1                        0.9388                   3.4000000000000004       0.2941176470588235       5.379031845925625E-13    5.374125068846989E-13    0.25                     5.0E10                   2700                     4714.045207910317        2721.655269759087        2502.294445801098
1                        1                        1                        0.9388                   3.5000000000000004       0.2857142857142857       5.375786627770754E-13    5.366609957475293E-13    0.25                     5.0E10                   2700                     4714.045207910317        2721.655269759087        2502.294445801098
1                        1                        1                        0.9388                   3.6                      0.2777777777777778       5.371344521782435E-13    5.358301033843513E-13    0.25                     5.0E10                   2700                     4714.045207910317        2721.655269759087        2502.294445801098
1                        1                        1                        0.9388                   3.7                      0.2702702702702703       5.366976750606963E-13    5.350535427409996E-13    0.25                     5.0E10                   2700                     4714.045207910317        2721.655269759087        2502.294445801098
1                        1                        1                        0.9388                   3.8000000000000003       0.2631578947368421       5.363567024551351E-13    5.344245993096683E-13    0.25                     5.0E10                   2700                     4714.045207910317        2721.655269759087        2502.294445801098
1                        1                        1                        0.9388                   3.9000000000000004       0.2564102564102564       5.361601548812063E-13    5.339952081588357E-13    0.25                     5.0E10                   2700                     4714.045207910317        2721.655269759087        2502.294445801098
1                        1                        1                        0.9388                   4                        0.25                     5.36122695489951E-13     5.337818198849377E-13    0.25                     5.0E10                   2700                     4714.045207910317        2721.655269759087        2502.294445801098
1                        1                        1                        0.9388                   4.1                      0.24390243902439027      5.362338054416185E-13    5.337741863675879E-13    0.25                     5.0E10                   2700                     4714.045207910317        2721.655269759087        2502.294445801098
1                        1                        1                        0.9388                   4.2                      0.23809523809523808      5.364667328624196E-13    5.33944375039257E-13     0.25                     5.0E10                   2700                     4714.045207910317        2721.655269759087        2502.294445801098
1                        1                        1                        0.9388                   4.3                      0.23255813953488372      5.36786262590063E-13     5.342546674629149E-13    0.25                     5.0E10                   2700                     4714.045207910317        2721.655269759087        2502.294445801098
1                        1                        1                        0.9388                   4.3999999999999995       0.22727272727272732      5.371548616633044E-13    5.346638511956733E-13    0.25                     5.0E10                   2700                     4714.045207910317        2721.655269759087        2502.294445801098
1                        1                        1                        0.9388                   4.5                      0.22222222222222224      5.375366056269469E-13    5.351315373182018E-13    0.25                     5.0E10                   2700                     4714.045207910317        2721.655269759087        2502.294445801098
1                        1                        1                        0.9388                   4.6                      0.2173913043478261       5.379004105070681E-13    5.35621396016691E-13     0.25                     5.0E10                   2700                     4714.045207910317        2721.655269759087        2502.294445801098
1                        1                        1                        0.9388                   4.7                      0.2127659574468085       5.383088023987297E-13    5.361936209455344E-13    0.25                     5.0E10                   2700                     4714.045207910317        2721.655269759087        2502.294445801098
1                        1                        1                        0.9388                   4.8                      0.20833333333333334      5.385609323139849E-13    5.366344596264733E-13    0.25                     5.0E10                   2700                     4714.045207910317        2721.655269759087        2502.294445801098
1                        1                        1                        0.9388                   4.9                      0.20408163265306117      5.387400067135386E-13    5.370250535375269E-13    0.25                     5.0E10                   2700                     4714.045207910317        2721.655269759087        2502.294445801098
1                        1                        1                        0.9388                   5                        0.2                      5.388533149326524E-13    5.373599480989318E-13    0.25                     5.0E10                   2700                     4714.045207910317        2721.655269759087        2502.294445801098
1                        1                        1                        0.9388                   5.1                      0.19607843137254904      5.388686198878446E-13    5.376174746744173E-13    0.25                     5.0E10                   2700                     4714.045207910317        2721.655269759087        2502.294445801098
1                        1                        1                        0.9388                   5.2                      0.1923076923076923       5.388046332767417E-13    5.378031731624438E-13    0.25                     5.0E10                   2700                     4714.045207910317        2721.655269759087        2502.294445801098
1                        1                        1                        0.9388                   5.3                      0.18867924528301888      5.386665551847331E-13    5.379179818255892E-13    0.25                     5.0E10                   2700                     4714.045207910317        2721.655269759087        2502.294445801098
1                        1                        1                        0.9388                   5.4                      0.18518518518518517      5.384617007394173E-13    5.379654755881281E-13    0.25                     5.0E10                   2700                     4714.045207910317        2721.655269759087        2502.294445801098
1                        1                        1                        0.9388                   5.5                      0.18181818181818182      5.381989150374416E-13    5.379512948313542E-13    0.25                     5.0E10                   2700                     4714.045207910317        2721.655269759087        2502.294445801098
1                        1                        1                        0.9388                   5.6                      0.17857142857142858      5.378872282081745E-13    5.378817710362482E-13    0.25                     5.0E10                   2700                     4714.045207910317        2721.655269759087        2502.294445801098
1                        1                        1                        0.9388                   5.7                      0.17543859649122806      5.375363910446188E-13    5.377644571185796E-13    0.25                     5.0E10                   2700                     4714.045207910317        2721.655269759087        2502.294445801098
1                        1                        1                        0.9388                   5.8                      0.1724137931034483       5.371557844209968E-13    5.376069906615521E-13    0.25                     5.0E10                   2700                     4714.045207910317        2721.655269759087        2502.294445801098
1                        1                        1                        0.9388                   5.9                      0.1694915254237288       5.367543024707738E-13    5.374169356292211E-13    0.25                     5.0E10                   2700                     4714.045207910317        2721.655269759087        2502.294445801098
1                        1                        1                        0.9388                   6                        0.16666666666666666      5.363401542492987E-13    5.372015381978476E-13    0.25                     5.0E10                   2700                     4714.045207910317        2721.655269759087        2502.294445801098
1                        1                        1                        0.9388                   6.1                      0.16393442622950818      5.359207405314172E-13    5.369675571596027E-13    0.25                     5.0E10                   2700                     4714.045207910317        2721.655269759087        2502.294445801098
1                        1                        1                        0.9388                   6.2                      0.16129032258064518      5.355025907002537E-13    5.367211556086686E-13    0.25                     5.0E10                   2700                     4714.045207910317        2721.655269759087        2502.294445801098
1                        1                        1                        0.9388                   6.3                      0.15873015873015872      5.350913458412819E-13    5.364678413661736E-13    0.25                     5.0E10                   2700                     4714.045207910317        2721.655269759087        2502.294445801098
1                        1                        1                        0.9388                   6.4                      0.15625                  5.346917761862205E-13    5.362124450325696E-13    0.25                     5.0E10                   2700                     4714.045207910317        2721.655269759087        2502.294445801098
1                        1                        1                        0.9388                   6.5                      0.15384615384615383      5.343078228436555E-13    5.359591261065303E-13    0.25                     5.0E10                   2700                     4714.045207910317        2721.655269759087        2502.294445801098
1                        1                        1                        0.9388                   6.6                      0.15151515151515152      5.339426556953727E-13    5.357113991780978E-13    0.25                     5.0E10                   2700                     4714.045207910317        2721.655269759087        2502.294445801098
1                        1                        1                        0.9388                   6.7                      0.1492537313432836       5.335987409830476E-13    5.354721737355607E-13    0.25                     5.0E10                   2700                     4714.045207910317        2721.655269759087        2502.294445801098
1                        1                        1                        0.9388                   6.8                      0.14705882352941177      5.332779136480838E-13    5.352438024550939E-13    0.25                     5.0E10                   2700                     4714.045207910317        2721.655269759087        2502.294445801098
1                        1                        1                        0.9388                   6.9                      0.14492753623188404      5.329814506853884E-13    5.350281340156827E-13    0.25                     5.0E10                   2700                     4714.045207910317        2721.655269759087        2502.294445801098
1                        1                        1                        0.9388                   7                        0.14285714285714285      5.327101429118787E-13    5.348265674912835E-13    0.25                     5.0E10                   2700                     4714.045207910317        2721.655269759087        2502.294445801098
1                        1                        1                        0.9388                   7.1                      0.14084507042253522      5.324643632206838E-13    5.346401061385739E-13    0.25                     5.0E10                   2700                     4714.045207910317        2721.655269759087        2502.294445801098
1                        1                        1                        0.9388                   7.2                      0.1388888888888889       5.322441302524872E-13    5.344694090970122E-13    0.25                     5.0E10                   2700                     4714.045207910317        2721.655269759087        2502.294445801098
1                        1                        1                        0.9388                   7.3                      0.13698630136986303      5.320496445011975E-13    5.343153170178888E-13    0.25                     5.0E10                   2700                     4714.045207910317        2721.655269759087        2502.294445801098
1                        1                        1                        0.9388                   7.4                      0.13513513513513514      5.318794590900713E-13    5.34177015751539E-13     0.25                     5.0E10                   2700                     4714.045207910317        2721.655269759087        2502.294445801098
1                        1                        1                        0.9388                   7.5                      0.13333333333333333      5.317333062190733E-13    5.34054859153969E-13     0.25                     5.0E10                   2700                     4714.045207910317        2721.655269759087        2502.294445801098
1                        1                        1                        0.9388                   7.6                      0.13157894736842105      5.316103141056787E-13    5.33948577222875E-13     0.25                     5.0E10                   2700                     4714.045207910317        2721.655269759087        2502.294445801098
1                        1                        1                        0.9388                   7.7                      0.12987012987012989      5.31509492420286E-13     5.338577595667038E-13    0.25                     5.0E10                   2700                     4714.045207910317        2721.655269759087        2502.294445801098
1                        1                        1                        0.9388                   7.8                      0.12820512820512822      5.314297636360739E-13    5.337818841905744E-13    0.25                     5.0E10                   2700                     4714.045207910317        2721.655269759087        2502.294445801098
1                        1                        1                        0.9388                   7.9                      0.12658227848101267      5.313699899095144E-13    5.337203426172698E-13    0.25                     5.0E10                   2700                     4714.045207910317        2721.655269759087        2502.294445801098
1                        1                        1                        0.9388                   8                        0.125                    5.313289958993119E-13    5.336724616357707E-13    0.25                     5.0E10                   2700                     4714.045207910317        2721.655269759087        2502.294445801098
1                        1                        1                        0.9388                   8.1                      0.1234567901234568       5.313055879853126E-13    5.336375219721091E-13    0.25                     5.0E10                   2700                     4714.045207910317        2721.655269759087        2502.294445801098
1                        1                        1                        0.9388                   8.2                      0.12195121951219513      5.312985701926241E-13    5.33614774137367E-13     0.25                     5.0E10                   2700                     4714.045207910317        2721.655269759087        2502.294445801098
1                        1                        1                        0.9388                   8.3                      0.12048192771084336      5.313067573519159E-13    5.336034518332509E-13    0.25                     5.0E10                   2700                     4714.045207910317        2721.655269759087        2502.294445801098
1                        1                        1                        0.9388                   8.4                      0.11904761904761904      5.31328985711964E-13     5.336027831066191E-13    0.25                     5.0E10                   2700                     4714.045207910317        2721.655269759087        2502.294445801098
1                        1                        1                        0.9388                   8.5                      0.11764705882352941      5.313641214397946E-13    5.336119995844306E-13    0.25                     5.0E10                   2700                     4714.045207910317        2721.655269759087        2502.294445801098
1                        1                        1                        0.9388                   8.6                      0.11627906976744186      5.314110672323638E-13    5.336303439925013E-13    0.25                     5.0E10                   2700                     4714.045207910317        2721.655269759087        2502.294445801098
1                        1                        1                        0.9388                   8.7                      0.11494252873563218      5.3146876736732E-13      5.33657076211469E-13     0.25                     5.0E10                   2700                     4714.045207910317        2721.655269759087        2502.294445801098
1                        1                        1                        0.9388                   8.8                      0.11363636363636362      5.315362113571248E-13    5.336914780326498E-13    0.25                     5.0E10                   2700                     4714.045207910317        2721.655269759087        2502.294445801098
1                        1                        1                        0.9388                   8.9                      0.11235955056179775      5.316124364925733E-13    5.337328568356298E-13    0.25                     5.0E10                   2700                     4714.045207910317        2721.655269759087        2502.294445801098
1                        1                        1                        0.9388                   9                        0.11111111111111112      5.316965294385248E-13    5.337805483408506E-13    0.25                     5.0E10                   2700                     4714.045207910317        2721.655269759087        2502.294445801098
1                        1                        1                        0.9388                   9.1                      0.1098901098901099       5.317876269814556E-13    5.33833918540928E-13     0.25                     5.0E10                   2700                     4714.045207910317        2721.655269759087        2502.294445801098
1                        1                        1                        0.9388                   9.2                      0.10869565217391305      5.31884916160253E-13     5.338923649887453E-13    0.25                     5.0E10                   2700                     4714.045207910317        2721.655269759087        2502.294445801098
1                        1                        1                        0.9388                   9.3                      0.10752688172043011      5.319876338530526E-13    5.339553175168886E-13    0.25                     5.0E10                   2700                     4714.045207910317        2721.655269759087        2502.294445801098
1                        1                        1                        0.9388                   9.4                      0.10638297872340426      5.322398121505715E-13    5.341403390004352E-13    0.25                     5.0E10                   2700                     4714.045207910317        2721.655269759087        2502.294445801098
1                        1                        1                        0.9388                   9.5                      0.10526315789473685      5.323456477637014E-13    5.342066968113858E-13    0.25                     5.0E10                   2700                     4714.045207910317        2721.655269759087        2502.294445801098
1                        1                        1                        0.9388                   9.6                      0.10416666666666667      5.324551063620604E-13    5.342761686020028E-13    0.25                     5.0E10                   2700                     4714.045207910317        2721.655269759087        2502.294445801098
1                        1                        1                        0.9388                   9.700000000000001        0.1030927835051546       5.325676145976631E-13    5.343483153013116E-13    0.25                     5.0E10                   2700                     4714.045207910317        2721.655269759087        2502.294445801098
1                        1                        1                        0.9388                   9.8                      0.10204081632653059      5.326826407474708E-13    5.344227273361377E-13    0.25                     5.0E10                   2700                     4714.045207910317        2721.655269759087        2502.294445801098
1                        1                        1                        0.9388                   9.9                      0.101010101010101        5.32799692888383E-13     5.344990236886869E-13    0.25                     5.0E10                   2700                     4714.045207910317        2721.655269759087        2502.294445801098
1                        1                        1                        0.9388                   10                       0.1                      5.328370758968028E-13    5.345008777328602E-13    0.25                     5.0E10                   2700                     4714.045207910317        2721.655269759087        2502.294445801098
