1                        1                        1                        0.7561                   0.1                      10                       5.331398708790698E-13    5.331423626622588E-13    0.25                     5.0E10                   2700                     4714.045207910317        2721.655269759087        2502.294445801098
1                        1                        1                        0.7561                   0.2                      5                        5.334882034662241E-13    5.331532229433728E-13    0.25                     5.0E10                   2700                     4714.045207910317        2721.655269759087        2502.294445801098
1                        1                        1                        0.7561                   0.30000000000000004      3.3333333333333326       5.366678480216203E-13    5.363170812031328E-13    0.25                     5.0E10                   2700                     4714.045207910317        2721.655269759087        2502.294445801098
1                        1                        1                        0.7561                   0.4                      2.5                      5.329276954843724E-13    5.331910811140896E-13    0.25                     5.0E10                   2700                     4714.045207910317        2721.655269759087        2502.294445801098
1                        1                        1                        0.7561                   0.5                      2                        5.332046765879102E-13    5.332166446012908E-13    0.25                     5.0E10                   2700                     4714.045207910317        2721.655269759087        2502.294445801098
1                        1                        1                        0.7561                   0.6                      1.6666666666666667       5.365660929464457E-13    5.36555690626687E-13     0.25                     5.0E10                   2700                     4714.045207910317        2721.655269759087        2502.294445801098
1                        1                        1                        0.7561                   0.7000000000000001       1.4285714285714284       5.373387992899669E-13    5.373372798133654E-13    0.25                     5.0E10                   2700                     4714.045207910317        2721.655269759087        2502.294445801098
1                        1                        1                        0.7561                   0.8                      1.25                     5.345933256314594E-13    5.333024187222796E-13    0.25                     5.0E10                   2700                     4714.045207910317        2721.655269759087        2502.294445801098
1                        1                        1                        0.7561                   0.9                      1.1111111111111112       5.324137116543917E-13    5.337253822474966E-13    0.25                     5.0E10                   2700                     4714.045207910317        2721.655269759087        2502.294445801098
1                        1                        1                        0.7561                   1                        1                        5.348645225106063E-13    5.332026796594573E-13    0.25                     5.0E10                   2700                     4714.045207910317        2721.655269759087        2502.294445801098
1                        1                        1                        0.7561                   1.1                      0.909090909090909        5.352830594906815E-13    5.360573556997741E-13    0.25                     5.0E10                   2700                     4714.045207910317        2721.655269759087        2502.294445801098
1                        1                        1                        0.7561                   1.2000000000000002       0.8333333333333331       5.355097331158282E-13    5.365763399428068E-13    0.25                     5.0E10                   2700                     4714.045207910317        2721.655269759087        2502.294445801098
1                        1                        1                        0.7561                   1.3000000000000003       0.769230769230769        5.361942083038024E-13    5.346678632684169E-13    0.25                     5.0E10                   2700                     4714.045207910317        2721.655269759087        2502.294445801098
1                        1                        1                        0.7561                   1.4000000000000001       0.7142857142857142       5.377307864026877E-13    5.360381291007559E-13    0.25                     5.0E10                   2700                     4714.045207910317        2721.655269759087        2502.294445801098
1                        1                        1                        0.7561                   1.5000000000000002       0.6666666666666665       5.364689993385593E-13    5.369787498588158E-13    0.25                     5.0E10                   2700                     4714.045207910317        2721.655269759087        2502.294445801098
1                        1                        1                        0.7561                   1.6                      0.625                    5.317900897511664E-13    5.337454281178867E-13    0.25                     5.0E10                   2700                     4714.045207910317        2721.655269759087        2502.294445801098
1                        1                        1                        0.7561                   1.7000000000000002       0.588235294117647        5.347561728812283E-13    5.36266151007849E-13     0.25                     5.0E10                   2700                     4714.045207910317        2721.655269759087        2502.294445801098
1                        1                        1                        0.7561                   1.8000000000000003       0.5555555555555555       5.378830424101345E-13    5.379528939137606E-13    0.25                     5.0E10                   2700                     4714.045207910317        2721.655269759087        2502.294445801098
1                        1                        1                        0.7561                   1.9000000000000001       0.5263157894736842       5.36986013419649E-13     5.356280237739811E-13    0.25                     5.0E10                   2700                     4714.045207910317        2721.655269759087        2502.294445801098
1                        1                        1                        0.7561                   2                        0.5                      5.359928009713757E-13    5.33812385941388E-13     0.25                     5.0E10                   2700                     4714.045207910317        2721.655269759087        2502.294445801098
1                        1                        1                        0.7561                   2.1                      0.47619047619047616      5.370987298603361E-13    5.349184480120315E-13    0.25                     5.0E10                   2700                     4714.045207910317        2721.655269759087        2502.294445801098
1                        1                        1                        0.7561                   2.2                      0.4545454545454545       5.385789678254221E-13    5.371080456618057E-13    0.25                     5.0E10                   2700                     4714.045207910317        2721.655269759087        2502.294445801098
1                        1                        1                        0.7561                   2.3000000000000003       0.43478260869565216      5.384187974255711E-13    5.380369914017134E-13    0.25                     5.0E10                   2700                     4714.045207910317        2721.655269759087        2502.294445801098
1                        1                        1                        0.7561                   2.4000000000000004       0.4166666666666666       5.364636258534034E-13    5.371769616205583E-13    0.25                     5.0E10                   2700                     4714.045207910317        2721.655269759087        2502.294445801098
1                        1                        1                        0.7561                   2.5000000000000004       0.3999999999999999       5.339359085291545E-13    5.354851833315807E-13    0.25                     5.0E10                   2700                     4714.045207910317        2721.655269759087        2502.294445801098
1                        1                        1                        0.7561                   2.6                      0.3846153846153846       5.321787978426965E-13    5.342167927323204E-13    0.25                     5.0E10                   2700                     4714.045207910317        2721.655269759087        2502.294445801098
1                        1                        1                        0.7561                   2.7                      0.37037037037037035      5.316440781188946E-13    5.338386925725781E-13    0.25                     5.0E10                   2700                     4714.045207910317        2721.655269759087        2502.294445801098
1                        1                        1                        0.7561                   2.8000000000000003       0.3571428571428571       5.323182489882976E-13    5.344058667725357E-13    0.25                     5.0E10                   2700                     4714.045207910317        2721.655269759087        2502.294445801098
1                        1                        1                        0.7561                   2.9000000000000004       0.3448275862068965       5.33723182528292E-13     5.355210451225291E-13    0.25                     5.0E10                   2700                     4714.045207910317        2721.655269759087        2502.294445801098
1                        1                        1                        0.7561                   3.0000000000000004       0.33333333333333326      5.353092485988906E-13    5.367045620411208E-13    0.25                     5.0E10                   2700                     4714.045207910317        2721.655269759087        2502.294445801098
1                        1                        1                        0.7561                   3.1                      0.32258064516129037      5.36652922024198E-13     5.375859995705491E-13    0.25                     5.0E10                   2700                     4714.045207910317        2721.655269759087        2502.294445801098
1                        1                        1                        0.7561                   3.2                      0.3125                   5.375306973791428E-13    5.379793127861561E-13    0.25                     5.0E10                   2700                     4714.045207910317        2721.655269759087        2502.294445801098
1                        1                        1                        0.7561                   3.3000000000000003       0.30303030303030304      5.379036195973846E-13    5.37871004595552E-13     0.25                     5.0E10                   2700                     4714.045207910317        2721.655269759087        2502.294445801098
1                        1                        1                        0.7561                   3.4000000000000004       0.2941176470588235       5.378663425555855E-13    5.373804928415367E-13    0.25                     5.0E10                   2700                     4714.045207910317        2721.655269759087        2502.294445801098
1                        1                        1                        0.7561                   3.5000000000000004       0.2857142857142857       5.375453949529941E-13    5.366303935093595E-13    0.25                     5.0E10                   2700                     4714.045207910317        2721.655269759087        2502.294445801098
1                        1                        1                        0.7561                   3.6                      0.2777777777777778       5.371036235467777E-13    5.358004189476038E-13    0.25                     5.0E10                   2700                     4714.045207910317        2721.655269759087        2502.294445801098
1                        1                        1                        0.7561                   3.7                      0.2702702702702703       5.366687841406519E-13    5.350248606269911E-13    0.25                     5.0E10                   2700                     4714.045207910317        2721.655269759087        2502.294445801098
1                        1                        1                        0.7561                   3.8000000000000003       0.2631578947368421       5.364126496057413E-13    5.344795310805795E-13    0.25                     5.0E10                   2700                     4714.045207910317        2721.655269759087        2502.294445801098
1                        1                        1                        0.7561                   3.9000000000000004       0.2564102564102564       5.36211610823719E-13     5.340471555552207E-13    0.25                     5.0E10                   2700                     4714.045207910317        2721.655269759087        2502.294445801098
1                        1                        1                        0.7561                   4                        0.25                     5.361701960950139E-13    5.338308376253323E-13    0.25                     5.0E10                   2700                     4714.045207910317        2721.655269759087        2502.294445801098
1                        1                        1                        0.7561                   4.1                      0.24390243902439027      5.36277768483472E-13     5.338202418552888E-13    0.25                     5.0E10                   2700                     4714.045207910317        2721.655269759087        2502.294445801098
1                        1                        1                        0.7561                   4.2                      0.23809523809523808      5.365073535909642E-13    5.339873768462912E-13    0.25                     5.0E10                   2700                     4714.045207910317        2721.655269759087        2502.294445801098
1                        1                        1                        0.7561                   4.3                      0.23255813953488372      5.368237914654846E-13    5.342946139517877E-13    0.25                     5.0E10                   2700                     4714.045207910317        2721.655269759087        2502.294445801098
1                        1                        1                        0.7561                   4.3999999999999995       0.22727272727272732      5.371894694021646E-13    5.34700771441941E-13     0.25                     5.0E10                   2700                     4714.045207910317        2721.655269759087        2502.294445801098
1                        1                        1                        0.7561                   4.5                      0.22222222222222224      5.375686498371253E-13    5.351656275668656E-13    0.25                     5.0E10                   2700                     4714.045207910317        2721.655269759087        2502.294445801098
1                        1                        1                        0.7561                   4.6                      0.2173913043478261       5.37930174591024E-13     5.356528724043972E-13    0.25                     5.0E10                   2700                     4714.045207910317        2721.655269759087        2502.294445801098
1                        1                        1                        0.7561                   4.7                      0.2127659574468085       5.382489066559605E-13    5.361317990387345E-13    0.25                     5.0E10                   2700                     4714.045207910317        2721.655269759087        2502.294445801098
1                        1                        1                        0.7561                   4.8                      0.20833333333333334      5.385062193556615E-13    5.365780273050624E-13    0.25                     5.0E10                   2700                     4714.045207910317        2721.655269759087        2502.294445801098
1                        1                        1                        0.7561                   4.9                      0.20408163265306117      5.386898168938638E-13    5.369735320115885E-13    0.25                     5.0E10                   2700                     4714.045207910317        2721.655269759087        2502.294445801098
1                        1                        1                        0.7561                   5                        0.2                      5.38803017518592E-13     5.3730649977139E-13      0.25                     5.0E10                   2700                     4714.045207910317        2721.655269759087        2502.294445801098
1                        1                        1                        0.7561                   5.1                      0.19607843137254904      5.388216336101444E-13    5.375683634690391E-13    0.25                     5.0E10                   2700                     4714.045207910317        2721.655269759087        2502.294445801098
1                        1                        1                        0.7561                   5.2                      0.1923076923076923       5.38760196707815E-13     5.377576012501664E-13    0.25                     5.0E10                   2700                     4714.045207910317        2721.655269759087        2502.294445801098
1                        1                        1                        0.7561                   5.3                      0.18867924528301888      5.386241989479896E-13    5.378753928838344E-13    0.25                     5.0E10                   2700                     4714.045207910317        2721.655269759087        2502.294445801098
1                        1                        1                        0.7561                   5.4                      0.18518518518518517      5.384210530758375E-13    5.379253898305245E-13    0.25                     5.0E10                   2700                     4714.045207910317        2721.655269759087        2502.294445801098
1                        1                        1                        0.7561                   5.5                      0.18181818181818182      5.381595173019066E-13    5.3791312842267E-13      0.25                     5.0E10                   2700                     4714.045207910317        2721.655269759087        2502.294445801098
1                        1                        1                        0.7561                   5.6                      0.17857142857142858      5.378490517099872E-13    5.378453729698743E-13    0.25                     5.0E10                   2700                     4714.045207910317        2721.655269759087        2502.294445801098
1                        1                        1                        0.7561                   5.7                      0.17543859649122806      5.374993020937261E-13    5.377295715998401E-13    0.25                     5.0E10                   2700                     4714.045207910317        2721.655269759087        2502.294445801098
1                        1                        1                        0.7561                   5.8                      0.1724137931034483       5.371197037930169E-13    5.375734221275003E-13    0.25                     5.0E10                   2700                     4714.045207910317        2721.655269759087        2502.294445801098
1                        1                        1                        0.7561                   5.9                      0.1694915254237288       5.367191927837829E-13    5.373845391031133E-13    0.25                     5.0E10                   2700                     4714.045207910317        2721.655269759087        2502.294445801098
1                        1                        1                        0.7561                   6                        0.16666666666666666      5.363060084351312E-13    5.371702096622512E-13    0.25                     5.0E10                   2700                     4714.045207910317        2721.655269759087        2502.294445801098
1                        1                        1                        0.7561                   6.1                      0.16393442622950818      5.358875718069163E-13    5.369372245576911E-13    0.25                     5.0E10                   2700                     4714.045207910317        2721.655269759087        2502.294445801098
1                        1                        1                        0.7561                   6.2                      0.16129032258064518      5.354704241816204E-13    5.366917708156452E-13    0.25                     5.0E10                   2700                     4714.045207910317        2721.655269759087        2502.294445801098
1                        1                        1                        0.7561                   6.3                      0.15873015873015872      5.350602118059907E-13    5.364393732911685E-13    0.25                     5.0E10                   2700                     4714.045207910317        2721.655269759087        2502.294445801098
1                        1                        1                        0.7561                   6.4                      0.15625                  5.346617049091763E-13    5.361848739190125E-13    0.25                     5.0E10                   2700                     4714.045207910317        2721.655269759087        2502.294445801098
1                        1                        1                        0.7561                   6.5                      0.15384615384615383      5.342788408110566E-13    5.359324389634432E-13    0.25                     5.0E10                   2700                     4714.045207910317        2721.655269759087        2502.294445801098
1                        1                        1                        0.7561                   6.6                      0.15151515151515152      5.339147830198489E-13    5.356855862537416E-13    0.25                     5.0E10                   2700                     4714.045207910317        2721.655269759087        2502.294445801098
1                        1                        1                        0.7561                   6.7                      0.1492537313432836       5.335724870061154E-13    5.354477175621167E-13    0.25                     5.0E10                   2700                     4714.045207910317        2721.655269759087        2502.294445801098
1                        1                        1                        0.7561                   6.8                      0.14705882352941177      5.33252817515644E-13     5.352202312918857E-13    0.25                     5.0E10                   2700                     4714.045207910317        2721.655269759087        2502.294445801098
1                        1                        1                        0.7561                   6.9                      0.14492753623188404      5.329575080135208E-13    5.350054361689849E-13    0.25                     5.0E10                   2700                     4714.045207910317        2721.655269759087        2502.294445801098
1                        1                        1                        0.7561                   7                        0.14285714285714285      5.326873405565041E-13    5.348047280656565E-13    0.25                     5.0E10                   2700                     4714.045207910317        2721.655269759087        2502.294445801098
1                        1                        1                        0.7561                   7.1                      0.14084507042253522      5.324426799110515E-13    5.346191067407675E-13    0.25                     5.0E10                   2700                     4714.045207910317        2721.655269759087        2502.294445801098
1                        1                        1                        0.7561                   7.2                      0.1388888888888889       5.322235374286904E-13    5.34449227832801E-13     0.25                     5.0E10                   2700                     4714.045207910317        2721.655269759087        2502.294445801098
1                        1                        1                        0.7561                   7.3                      0.13698630136986303      5.320296294620882E-13    5.342954516462453E-13    0.25                     5.0E10                   2700                     4714.045207910317        2721.655269759087        2502.294445801098
1                        1                        1                        0.7561                   7.4                      0.13513513513513514      5.31860430130144E-13     5.341578881907593E-13    0.25                     5.0E10                   2700                     4714.045207910317        2721.655269759087        2502.294445801098
1                        1                        1                        0.7561                   7.5                      0.13333333333333333      5.317152182840323E-13    5.340364380936308E-13    0.25                     5.0E10                   2700                     4714.045207910317        2721.655269759087        2502.294445801098
1                        1                        1                        0.7561                   7.6                      0.13157894736842105      5.317211837150246E-13    5.34044816023943E-13     0.25                     5.0E10                   2700                     4714.045207910317        2721.655269759087        2502.294445801098
1                        1                        1                        0.7561                   7.7                      0.12987012987012989      5.316161399692873E-13    5.339507360871583E-13    0.25                     5.0E10                   2700                     4714.045207910317        2721.655269759087        2502.294445801098
1                        1                        1                        0.7561                   7.8                      0.12820512820512822      5.315321721851861E-13    5.338715988864418E-13    0.25                     5.0E10                   2700                     4714.045207910317        2721.655269759087        2502.294445801098
1                        1                        1                        0.7561                   7.9                      0.12658227848101267      5.314681631053887E-13    5.338068062752644E-13    0.25                     5.0E10                   2700                     4714.045207910317        2721.655269759087        2502.294445801098
1                        1                        1                        0.7561                   8                        0.125                    5.314229571562617E-13    5.337556958248252E-13    0.25                     5.0E10                   2700                     4714.045207910317        2721.655269759087        2502.294445801098
1                        1                        1                        0.7561                   8.1                      0.1234567901234568       5.313953792832939E-13    5.337175590227803E-13    0.25                     5.0E10                   2700                     4714.045207910317        2721.655269759087        2502.294445801098
1                        1                        1                        0.7561                   8.2                      0.12195121951219513      5.313842505539929E-13    5.336916567469682E-13    0.25                     5.0E10                   2700                     4714.045207910317        2721.655269759087        2502.294445801098
1                        1                        1                        0.7561                   8.3                      0.12048192771084336      5.313884011489878E-13    5.336772324083386E-13    0.25                     5.0E10                   2700                     4714.045207910317        2721.655269759087        2502.294445801098
1                        1                        1                        0.7561                   8.4                      0.11904761904761904      5.314066808702089E-13    5.336735229191073E-13    0.25                     5.0E10                   2700                     4714.045207910317        2721.655269759087        2502.294445801098
1                        1                        1                        0.7561                   8.5                      0.11764705882352941      5.314379676238347E-13    5.33679767815858E-13     0.25                     5.0E10                   2700                     4714.045207910317        2721.655269759087        2502.294445801098
1                        1                        1                        0.7561                   8.6                      0.11627906976744186      5.314811740495697E-13    5.336952167171452E-13    0.25                     5.0E10                   2700                     4714.045207910317        2721.655269759087        2502.294445801098
1                        1                        1                        0.7561                   8.7                      0.11494252873563218      5.315352526176345E-13    5.337191353446785E-13    0.25                     5.0E10                   2700                     4714.045207910317        2721.655269759087        2502.294445801098
1                        1                        1                        0.7561                   8.8                      0.11363636363636362      5.315991993848745E-13    5.33750810300735E-13     0.25                     5.0E10                   2700                     4714.045207910317        2721.655269759087        2502.294445801098
1                        1                        1                        0.7561                   8.9                      0.11235955056179775      5.316720566515175E-13    5.337895527811209E-13    0.25                     5.0E10                   2700                     4714.045207910317        2721.655269759087        2502.294445801098
1                        1                        1                        0.7561                   9                        0.11111111111111112      5.317529146586153E-13    5.338347013710506E-13    0.25                     5.0E10                   2700                     4714.045207910317        2721.655269759087        2502.294445801098
1                        1                        1                        0.7561                   9.1                      0.1098901098901099       5.318409124733017E-13    5.338856240417022E-13    0.25                     5.0E10                   2700                     4714.045207910317        2721.655269759087        2502.294445801098
1                        1                        1                        0.7561                   9.2                      0.10869565217391305      5.319352382458191E-13    5.339417195121332E-13    0.25                     5.0E10                   2700                     4714.045207910317        2721.655269759087        2502.294445801098
1                        1                        1                        0.7561                   9.3                      0.10752688172043011      5.320351289310573E-13    5.340024180489007E-13    0.25                     5.0E10                   2700                     4714.045207910317        2721.655269759087        2502.294445801098
1                        1                        1                        0.7561                   9.4                      0.10638297872340426      5.321398695476069E-13    5.340671818002008E-13    0.25                     5.0E10                   2700                     4714.045207910317        2721.655269759087        2502.294445801098
1                        1                        1                        0.7561                   9.5                      0.10526315789473685      5.322487921295445E-13    5.341355047629283E-13    0.25                     5.0E10                   2700                     4714.045207910317        2721.655269759087        2502.294445801098
1                        1                        1                        0.7561                   9.6                      0.10416666666666667      5.323612743489339E-13    5.342069124222115E-13    0.25                     5.0E10                   2700                     4714.045207910317        2721.655269759087        2502.294445801098
1                        1                        1                        0.7561                   9.700000000000001        0.1030927835051546       5.324767379858984E-13    5.342809611633545E-13    0.25                     5.0E10                   2700                     4714.045207910317        2721.655269759087        2502.294445801098
1                        1                        1                        0.7561                   9.8                      0.10204081632653059      5.325946472393413E-13    5.343572374803282E-13    0.25                     5.0E10                   2700                     4714.045207910317        2721.655269759087        2502.294445801098
1                        1                        1                        0.7561                   9.9                      0.101010101010101        5.327145068622293E-13    5.344353570096189E-13    0.25                     5.0E10                   2700                     4714.045207910317        2721.655269759087        2502.294445801098
1                        1                        1                        0.7561                   10                       0.1                      5.327600056113511E-13    5.344349219026618E-13    0.25                     5.0E10                   2700                     4714.045207910317        2721.655269759087        2502.294445801098
