1                        1                        1                        0.40149999999999997      0.1                      10                       5.331547875353933E-13    5.331573175181855E-13    0.25                     5.0E10                   2700                     4714.045207910317        2721.655269759087        2502.294445801098
1                        1                        1                        0.40149999999999997      0.2                      5                        5.335247704323757E-13    5.331894759310526E-13    0.25                     5.0E10                   2700                     4714.045207910317        2721.655269759087        2502.294445801098
1                        1                        1                        0.40149999999999997      0.30000000000000004      3.3333333333333326       5.366782562630362E-13    5.363273074802176E-13    0.25                     5.0E10                   2700                     4714.045207910317        2721.655269759087        2502.294445801098
1                        1                        1                        0.40149999999999997      0.4                      2.5                      5.329970692155567E-13    5.332632300467062E-13    0.25                     5.0E10                   2700                     4714.045207910317        2721.655269759087        2502.294445801098
1                        1                        1                        0.40149999999999997      0.5                      2                        5.33245434747664E-13     5.33257928749398E-13     0.25                     5.0E10                   2700                     4714.045207910317        2721.655269759087        2502.294445801098
1                        1                        1                        0.40149999999999997      0.6                      1.6666666666666667       5.365801322027218E-13    5.365676799104892E-13    0.25                     5.0E10                   2700                     4714.045207910317        2721.655269759087        2502.294445801098
1                        1                        1                        0.40149999999999997      0.7000000000000001       1.4285714285714284       5.373665962196108E-13    5.373627554514297E-13    0.25                     5.0E10                   2700                     4714.045207910317        2721.655269759087        2502.294445801098
1                        1                        1                        0.40149999999999997      0.8                      1.25                     5.346729050506237E-13    5.333773770090218E-13    0.25                     5.0E10                   2700                     4714.045207910317        2721.655269759087        2502.294445801098
1                        1                        1                        0.40149999999999997      0.9                      1.1111111111111112       5.324451511933374E-13    5.33752636868022E-13     0.25                     5.0E10                   2700                     4714.045207910317        2721.655269759087        2502.294445801098
1                        1                        1                        0.40149999999999997      1                        1                        5.349615868298563E-13    5.332911443121654E-13    0.25                     5.0E10                   2700                     4714.045207910317        2721.655269759087        2502.294445801098
1                        1                        1                        0.40149999999999997      1.1                      0.909090909090909        5.353078697712599E-13    5.360387184363883E-13    0.25                     5.0E10                   2700                     4714.045207910317        2721.655269759087        2502.294445801098
1                        1                        1                        0.40149999999999997      1.2000000000000002       0.8333333333333331       5.356422832540135E-13    5.36624005027233E-13     0.25                     5.0E10                   2700                     4714.045207910317        2721.655269759087        2502.294445801098
1                        1                        1                        0.40149999999999997      1.3000000000000003       0.769230769230769        5.36208948529858E-13     5.346600207810978E-13    0.25                     5.0E10                   2700                     4714.045207910317        2721.655269759087        2502.294445801098
1                        1                        1                        0.40149999999999997      1.4000000000000001       0.7142857142857142       5.378355910279234E-13    5.361990671953097E-13    0.25                     5.0E10                   2700                     4714.045207910317        2721.655269759087        2502.294445801098
1                        1                        1                        0.40149999999999997      1.5000000000000002       0.6666666666666665       5.365016506190297E-13    5.370658239623033E-13    0.25                     5.0E10                   2700                     4714.045207910317        2721.655269759087        2502.294445801098
1                        1                        1                        0.40149999999999997      1.6                      0.625                    5.317737044073826E-13    5.337465434750719E-13    0.25                     5.0E10                   2700                     4714.045207910317        2721.655269759087        2502.294445801098
1                        1                        1                        0.40149999999999997      1.7000000000000002       0.588235294117647        5.347342532367538E-13    5.362741689369474E-13    0.25                     5.0E10                   2700                     4714.045207910317        2721.655269759087        2502.294445801098
1                        1                        1                        0.40149999999999997      1.8000000000000003       0.5555555555555555       5.37877433764144E-13     5.379659485836392E-13    0.25                     5.0E10                   2700                     4714.045207910317        2721.655269759087        2502.294445801098
1                        1                        1                        0.40149999999999997      1.9000000000000001       0.5263157894736842       5.369206441807312E-13    5.355666517294271E-13    0.25                     5.0E10                   2700                     4714.045207910317        2721.655269759087        2502.294445801098
1                        1                        1                        0.40149999999999997      2                        0.5                      5.359447123166057E-13    5.337547011160874E-13    0.25                     5.0E10                   2700                     4714.045207910317        2721.655269759087        2502.294445801098
1                        1                        1                        0.40149999999999997      2.1                      0.47619047619047616      5.371237403592098E-13    5.349091161131256E-13    0.25                     5.0E10                   2700                     4714.045207910317        2721.655269759087        2502.294445801098
1                        1                        1                        0.40149999999999997      2.2                      0.4545454545454545       5.385982300134971E-13    5.37084192511931E-13     0.25                     5.0E10                   2700                     4714.045207910317        2721.655269759087        2502.294445801098
1                        1                        1                        0.40149999999999997      2.3000000000000003       0.43478260869565216      5.384456464157418E-13    5.380160313716866E-13    0.25                     5.0E10                   2700                     4714.045207910317        2721.655269759087        2502.294445801098
1                        1                        1                        0.40149999999999997      2.4000000000000004       0.4166666666666666       5.365000129745378E-13    5.371659350738077E-13    0.25                     5.0E10                   2700                     4714.045207910317        2721.655269759087        2502.294445801098
1                        1                        1                        0.40149999999999997      2.5000000000000004       0.3999999999999999       5.339728783113034E-13    5.354834724166892E-13    0.25                     5.0E10                   2700                     4714.045207910317        2721.655269759087        2502.294445801098
1                        1                        1                        0.40149999999999997      2.6                      0.3846153846153846       5.321397520161342E-13    5.341430823817526E-13    0.25                     5.0E10                   2700                     4714.045207910317        2721.655269759087        2502.294445801098
1                        1                        1                        0.40149999999999997      2.7                      0.37037037037037035      5.316026257424409E-13    5.337652712167229E-13    0.25                     5.0E10                   2700                     4714.045207910317        2721.655269759087        2502.294445801098
1                        1                        1                        0.40149999999999997      2.8000000000000003       0.3571428571428571       5.322725724674893E-13    5.343316666757843E-13    0.25                     5.0E10                   2700                     4714.045207910317        2721.655269759087        2502.294445801098
1                        1                        1                        0.40149999999999997      2.9000000000000004       0.3448275862068965       5.336751888161557E-13    5.354482711815441E-13    0.25                     5.0E10                   2700                     4714.045207910317        2721.655269759087        2502.294445801098
1                        1                        1                        0.40149999999999997      3.0000000000000004       0.33333333333333326      5.352618716845462E-13    5.366361550246058E-13    0.25                     5.0E10                   2700                     4714.045207910317        2721.655269759087        2502.294445801098
1                        1                        1                        0.40149999999999997      3.1                      0.32258064516129037      5.366087993420399E-13    5.375244295745311E-13    0.25                     5.0E10                   2700                     4714.045207910317        2721.655269759087        2502.294445801098
1                        1                        1                        0.40149999999999997      3.2                      0.3125                   5.374913767983536E-13    5.379258249766224E-13    0.25                     5.0E10                   2700                     4714.045207910317        2721.655269759087        2502.294445801098
1                        1                        1                        0.40149999999999997      3.3000000000000003       0.30303030303030304      5.378694656689093E-13    5.378255615758629E-13    0.25                     5.0E10                   2700                     4714.045207910317        2721.655269759087        2502.294445801098
1                        1                        1                        0.40149999999999997      3.4000000000000004       0.2941176470588235       5.378465250448745E-13    5.373411413573641E-13    0.25                     5.0E10                   2700                     4714.045207910317        2721.655269759087        2502.294445801098
1                        1                        1                        0.40149999999999997      3.5000000000000004       0.2857142857142857       5.375265957100824E-13    5.365924465607719E-13    0.25                     5.0E10                   2700                     4714.045207910317        2721.655269759087        2502.294445801098
1                        1                        1                        0.40149999999999997      3.6                      0.2777777777777778       5.37084908659724E-13     5.35762805714932E-13     0.25                     5.0E10                   2700                     4714.045207910317        2721.655269759087        2502.294445801098
1                        1                        1                        0.40149999999999997      3.7                      0.2702702702702703       5.366496909126264E-13    5.34987023535008E-13     0.25                     5.0E10                   2700                     4714.045207910317        2721.655269759087        2502.294445801098
1                        1                        1                        0.40149999999999997      3.8000000000000003       0.2631578947368421       5.363100868154885E-13    5.3435907877145E-13      0.25                     5.0E10                   2700                     4714.045207910317        2721.655269759087        2502.294445801098
1                        1                        1                        0.40149999999999997      3.9000000000000004       0.2564102564102564       5.361150598452039E-13    5.339311923510013E-13    0.25                     5.0E10                   2700                     4714.045207910317        2721.655269759087        2502.294445801098
1                        1                        1                        0.40149999999999997      4                        0.25                     5.360794033406756E-13    5.337198755395387E-13    0.25                     5.0E10                   2700                     4714.045207910317        2721.655269759087        2502.294445801098
1                        1                        1                        0.40149999999999997      4.1                      0.24390243902439027      5.362935627406464E-13    5.33843509141802E-13     0.25                     5.0E10                   2700                     4714.045207910317        2721.655269759087        2502.294445801098
1                        1                        1                        0.40149999999999997      4.2                      0.23809523809523808      5.36521253847582E-13     5.34008185382582E-13     0.25                     5.0E10                   2700                     4714.045207910317        2721.655269759087        2502.294445801098
1                        1                        1                        0.40149999999999997      4.3                      0.23255813953488372      5.368358091490443E-13    5.343129260494202E-13    0.25                     5.0E10                   2700                     4714.045207910317        2721.655269759087        2502.294445801098
1                        1                        1                        0.40149999999999997      4.3999999999999995       0.22727272727272732      5.371998231868813E-13    5.347167394700753E-13    0.25                     5.0E10                   2700                     4714.045207910317        2721.655269759087        2502.294445801098
1                        1                        1                        0.40149999999999997      4.5                      0.22222222222222224      5.375775787701303E-13    5.351794559825256E-13    0.25                     5.0E10                   2700                     4714.045207910317        2721.655269759087        2502.294445801098
1                        1                        1                        0.40149999999999997      4.6                      0.2173913043478261       5.379379246682863E-13    5.356648012359229E-13    0.25                     5.0E10                   2700                     4714.045207910317        2721.655269759087        2502.294445801098
1                        1                        1                        0.40149999999999997      4.7                      0.2127659574468085       5.382557154232473E-13    5.361420847053656E-13    0.25                     5.0E10                   2700                     4714.045207910317        2721.655269759087        2502.294445801098
1                        1                        1                        0.40149999999999997      4.8                      0.20833333333333334      5.385123019836507E-13    5.365869244501093E-13    0.25                     5.0E10                   2700                     4714.045207910317        2721.655269759087        2502.294445801098
1                        1                        1                        0.40149999999999997      4.9                      0.20408163265306117      5.386953556094303E-13    5.369812785022352E-13    0.25                     5.0E10                   2700                     4714.045207910317        2721.655269759087        2502.294445801098
1                        1                        1                        0.40149999999999997      5                        0.2                      5.388046648492575E-13    5.373035251622473E-13    0.25                     5.0E10                   2700                     4714.045207910317        2721.655269759087        2502.294445801098
1                        1                        1                        0.40149999999999997      5.1                      0.19607843137254904      5.388215171799825E-13    5.37565023328655E-13     0.25                     5.0E10                   2700                     4714.045207910317        2721.655269759087        2502.294445801098
1                        1                        1                        0.40149999999999997      5.2                      0.1923076923076923       5.387584385905061E-13    5.377538193571988E-13    0.25                     5.0E10                   2700                     4714.045207910317        2721.655269759087        2502.294445801098
1                        1                        1                        0.40149999999999997      5.3                      0.18867924528301888      5.386207874605331E-13    5.378709901161033E-13    0.25                     5.0E10                   2700                     4714.045207910317        2721.655269759087        2502.294445801098
1                        1                        1                        0.40149999999999997      5.4                      0.18518518518518517      5.38416025590843E-13     5.379202494011541E-13    0.25                     5.0E10                   2700                     4714.045207910317        2721.655269759087        2502.294445801098
1                        1                        1                        0.40149999999999997      5.5                      0.18181818181818182      5.381529493906424E-13    5.379071852735425E-13    0.25                     5.0E10                   2700                     4714.045207910317        2721.655269759087        2502.294445801098
1                        1                        1                        0.40149999999999997      5.6                      0.17857142857142858      5.378415838845845E-13    5.378391215863056E-13    0.25                     5.0E10                   2700                     4714.045207910317        2721.655269759087        2502.294445801098
1                        1                        1                        0.40149999999999997      5.7                      0.17543859649122806      5.374905619720677E-13    5.377225413223586E-13    0.25                     5.0E10                   2700                     4714.045207910317        2721.655269759087        2502.294445801098
1                        1                        1                        0.40149999999999997      5.8                      0.1724137931034483       5.371098288346596E-13    5.375656479392376E-13    0.25                     5.0E10                   2700                     4714.045207910317        2721.655269759087        2502.294445801098
1                        1                        1                        0.40149999999999997      5.9                      0.1694915254237288       5.367083258911667E-13    5.373760731407803E-13    0.25                     5.0E10                   2700                     4714.045207910317        2721.655269759087        2502.294445801098
1                        1                        1                        0.40149999999999997      6                        0.16666666666666666      5.362942929427724E-13    5.371611154037692E-13    0.25                     5.0E10                   2700                     4714.045207910317        2721.655269759087        2502.294445801098
1                        1                        1                        0.40149999999999997      6.1                      0.16393442622950818      5.358751475833613E-13    5.369275721022512E-13    0.25                     5.0E10                   2700                     4714.045207910317        2721.655269759087        2502.294445801098
1                        1                        1                        0.40149999999999997      6.2                      0.16129032258064518      5.35457424689764E-13     5.366816331167187E-13    0.25                     5.0E10                   2700                     4714.045207910317        2721.655269759087        2502.294445801098
1                        1                        1                        0.40149999999999997      6.3                      0.15873015873015872      5.350467619950245E-13    5.36428823238273E-13     0.25                     5.0E10                   2700                     4714.045207910317        2721.655269759087        2502.294445801098
1                        1                        1                        0.40149999999999997      6.4                      0.15625                  5.346479197666672E-13    5.361739821135302E-13    0.25                     5.0E10                   2700                     4714.045207910317        2721.655269759087        2502.294445801098
1                        1                        1                        0.40149999999999997      6.5                      0.15384615384615383      5.342648244885386E-13    5.359212721016279E-13    0.25                     5.0E10                   2700                     4714.045207910317        2721.655269759087        2502.294445801098
1                        1                        1                        0.40149999999999997      6.6                      0.15151515151515152      5.339006283834199E-13    5.356742059839845E-13    0.25                     5.0E10                   2700                     4714.045207910317        2721.655269759087        2502.294445801098
1                        1                        1                        0.40149999999999997      6.7                      0.1492537313432836       5.33557778361901E-13     5.354356880930446E-13    0.25                     5.0E10                   2700                     4714.045207910317        2721.655269759087        2502.294445801098
1                        1                        1                        0.40149999999999997      6.8                      0.14705882352941177      5.332380894339195E-13    5.352080636899747E-13    0.25                     5.0E10                   2700                     4714.045207910317        2721.655269759087        2502.294445801098
1                        1                        1                        0.40149999999999997      6.9                      0.14492753623188404      5.329428188934901E-13    5.349931726724582E-13    0.25                     5.0E10                   2700                     4714.045207910317        2721.655269759087        2502.294445801098
1                        1                        1                        0.40149999999999997      7                        0.14285714285714285      5.326727387066101E-13    5.347924046775222E-13    0.25                     5.0E10                   2700                     4714.045207910317        2721.655269759087        2502.294445801098
1                        1                        1                        0.40149999999999997      7.1                      0.14084507042253522      5.324282041860415E-13    5.346067534006356E-13    0.25                     5.0E10                   2700                     4714.045207910317        2721.655269759087        2502.294445801098
1                        1                        1                        0.40149999999999997      7.2                      0.1388888888888889       5.322092179842818E-13    5.344368687237115E-13    0.25                     5.0E10                   2700                     4714.045207910317        2721.655269759087        2502.294445801098
1                        1                        1                        0.40149999999999997      7.3                      0.13698630136986303      5.320154885111715E-13    5.342831055635445E-13    0.25                     5.0E10                   2700                     4714.045207910317        2721.655269759087        2502.294445801098
1                        1                        1                        0.40149999999999997      7.4                      0.13513513513513514      5.318464827437848E-13    5.341455689703627E-13    0.25                     5.0E10                   2700                     4714.045207910317        2721.655269759087        2502.294445801098
1                        1                        1                        0.40149999999999997      7.5                      0.13333333333333333      5.317014731815785E-13    5.340241550804988E-13    0.25                     5.0E10                   2700                     4714.045207910317        2721.655269759087        2502.294445801098
1                        1                        1                        0.40149999999999997      7.6                      0.13157894736842105      5.315795793090046E-13    5.339185879296904E-13    0.25                     5.0E10                   2700                     4714.045207910317        2721.655269759087        2502.294445801098
1                        1                        1                        0.40149999999999997      7.7                      0.12987012987012989      5.314798037335787E-13    5.338284521343091E-13    0.25                     5.0E10                   2700                     4714.045207910317        2721.655269759087        2502.294445801098
1                        1                        1                        0.40149999999999997      7.8                      0.12820512820512822      5.314010634244261E-13    5.337532216596153E-13    0.25                     5.0E10                   2700                     4714.045207910317        2721.655269759087        2502.294445801098
1                        1                        1                        0.40149999999999997      7.9                      0.12658227848101267      5.313422164551736E-13    5.336922848922765E-13    0.25                     5.0E10                   2700                     4714.045207910317        2721.655269759087        2502.294445801098
1                        1                        1                        0.40149999999999997      8                        0.125                    5.313020846880329E-13    5.336449663298579E-13    0.25                     5.0E10                   2700                     4714.045207910317        2721.655269759087        2502.294445801098
1                        1                        1                        0.40149999999999997      8.1                      0.1234567901234568       5.312794728489116E-13    5.336105451782373E-13    0.25                     5.0E10                   2700                     4714.045207910317        2721.655269759087        2502.294445801098
1                        1                        1                        0.40149999999999997      8.2                      0.12195121951219513      5.31273184295799E-13     5.335882711182515E-13    0.25                     5.0E10                   2700                     4714.045207910317        2721.655269759087        2502.294445801098
1                        1                        1                        0.40149999999999997      8.3                      0.12048192771084336      5.31283854331618E-13     5.335791274913988E-13    0.25                     5.0E10                   2700                     4714.045207910317        2721.655269759087        2502.294445801098
1                        1                        1                        0.40149999999999997      8.4                      0.11904761904761904      5.313067254545123E-13    5.335788905385215E-13    0.25                     5.0E10                   2700                     4714.045207910317        2721.655269759087        2502.294445801098
1                        1                        1                        0.40149999999999997      8.5                      0.11764705882352941      5.313424392753138E-13    5.335884946480056E-13    0.25                     5.0E10                   2700                     4714.045207910317        2721.655269759087        2502.294445801098
1                        1                        1                        0.40149999999999997      8.6                      0.11627906976744186      5.313899005601489E-13    5.336071837099664E-13    0.25                     5.0E10                   2700                     4714.045207910317        2721.655269759087        2502.294445801098
1                        1                        1                        0.40149999999999997      8.7                      0.11494252873563218      5.314480560529987E-13    5.336342190749979E-13    0.25                     5.0E10                   2700                     4714.045207910317        2721.655269759087        2502.294445801098
1                        1                        1                        0.40149999999999997      8.8                      0.11363636363636362      5.315158980354788E-13    5.336688842509314E-13    0.25                     5.0E10                   2700                     4714.045207910317        2721.655269759087        2502.294445801098
1                        1                        1                        0.40149999999999997      8.9                      0.11235955056179775      5.315924668064231E-13    5.337104885297622E-13    0.25                     5.0E10                   2700                     4714.045207910317        2721.655269759087        2502.294445801098
1                        1                        1                        0.40149999999999997      9                        0.11111111111111112      5.316768521792135E-13    5.337583696783314E-13    0.25                     5.0E10                   2700                     4714.045207910317        2721.655269759087        2502.294445801098
1                        1                        1                        0.40149999999999997      9.1                      0.1098901098901099       5.317681942022825E-13    5.338118958348188E-13    0.25                     5.0E10                   2700                     4714.045207910317        2721.655269759087        2502.294445801098
1                        1                        1                        0.40149999999999997      9.2                      0.10869565217391305      5.318656832068772E-13    5.338704667469199E-13    0.25                     5.0E10                   2700                     4714.045207910317        2721.655269759087        2502.294445801098
1                        1                        1                        0.40149999999999997      9.3                      0.10752688172043011      5.319685593667085E-13    5.339335144679519E-13    0.25                     5.0E10                   2700                     4714.045207910317        2721.655269759087        2502.294445801098
1                        1                        1                        0.40149999999999997      9.4                      0.10638297872340426      5.320761118044744E-13    5.340005035927008E-13    0.25                     5.0E10                   2700                     4714.045207910317        2721.655269759087        2502.294445801098
1                        1                        1                        0.40149999999999997      9.5                      0.10526315789473685      5.321876773730629E-13    5.340709311077279E-13    0.25                     5.0E10                   2700                     4714.045207910317        2721.655269759087        2502.294445801098
1                        1                        1                        0.40149999999999997      9.6                      0.10416666666666667      5.323026391815136E-13    5.341443259651909E-13    0.25                     5.0E10                   2700                     4714.045207910317        2721.655269759087        2502.294445801098
1                        1                        1                        0.40149999999999997      9.700000000000001        0.1030927835051546       5.324204248848117E-13    5.342202483704461E-13    0.25                     5.0E10                   2700                     4714.045207910317        2721.655269759087        2502.294445801098
1                        1                        1                        0.40149999999999997      9.8                      0.10204081632653059      5.325405049316806E-13    5.34298288946213E-13     0.25                     5.0E10                   2700                     4714.045207910317        2721.655269759087        2502.294445801098
1                        1                        1                        0.40149999999999997      9.9                      0.101010101010101        5.326623905661513E-13    5.343780676682922E-13    0.25                     5.0E10                   2700                     4714.045207910317        2721.655269759087        2502.294445801098
1                        1                        1                        0.40149999999999997      10                       0.1                      5.327560040627731E-13    5.343940919530965E-13    0.25                     5.0E10                   2700                     4714.045207910317        2721.655269759087        2502.294445801098
