1                        1                        1                        0.5014                   0.1                      10                       5.331511365582572E-13    5.331536463072564E-13    0.25                     5.0E10                   2700                     4714.045207910317        2721.655269759087        2502.294445801098
1                        1                        1                        0.5014                   0.2                      5                        5.335174220653307E-13    5.331821235798862E-13    0.25                     5.0E10                   2700                     4714.045207910317        2721.655269759087        2502.294445801098
1                        1                        1                        0.5014                   0.30000000000000004      3.3333333333333326       5.366551553498559E-13    5.363041592366096E-13    0.25                     5.0E10                   2700                     4714.045207910317        2721.655269759087        2502.294445801098
1                        1                        1                        0.5014                   0.4                      2.5                      5.329559028581238E-13    5.33220153764079E-13     0.25                     5.0E10                   2700                     4714.045207910317        2721.655269759087        2502.294445801098
1                        1                        1                        0.5014                   0.5                      2                        5.332313376320677E-13    5.332436480874538E-13    0.25                     5.0E10                   2700                     4714.045207910317        2721.655269759087        2502.294445801098
1                        1                        1                        0.5014                   0.6                      1.6666666666666667       5.366043020401521E-13    5.365940986391112E-13    0.25                     5.0E10                   2700                     4714.045207910317        2721.655269759087        2502.294445801098
1                        1                        1                        0.5014                   0.7000000000000001       1.4285714285714284       5.374183209705101E-13    5.374159748042321E-13    0.25                     5.0E10                   2700                     4714.045207910317        2721.655269759087        2502.294445801098
1                        1                        1                        0.5014                   0.8                      1.25                     5.346359490025128E-13    5.33340329002776E-13     0.25                     5.0E10                   2700                     4714.045207910317        2721.655269759087        2502.294445801098
1                        1                        1                        0.5014                   0.9                      1.1111111111111112       5.3241775152202E-13      5.337275147670167E-13    0.25                     5.0E10                   2700                     4714.045207910317        2721.655269759087        2502.294445801098
1                        1                        1                        0.5014                   1                        1                        5.349440303696058E-13    5.332766829274935E-13    0.25                     5.0E10                   2700                     4714.045207910317        2721.655269759087        2502.294445801098
1                        1                        1                        0.5014                   1.1                      0.909090909090909        5.353623905732063E-13    5.360851180513536E-13    0.25                     5.0E10                   2700                     4714.045207910317        2721.655269759087        2502.294445801098
1                        1                        1                        0.5014                   1.2000000000000002       0.8333333333333331       5.355403390111223E-13    5.365797859099048E-13    0.25                     5.0E10                   2700                     4714.045207910317        2721.655269759087        2502.294445801098
1                        1                        1                        0.5014                   1.3000000000000003       0.769230769230769        5.362933500275245E-13    5.346875173870058E-13    0.25                     5.0E10                   2700                     4714.045207910317        2721.655269759087        2502.294445801098
1                        1                        1                        0.5014                   1.4000000000000001       0.7142857142857142       5.377908672384511E-13    5.360183943317426E-13    0.25                     5.0E10                   2700                     4714.045207910317        2721.655269759087        2502.294445801098
1                        1                        1                        0.5014                   1.5000000000000002       0.6666666666666665       5.365855146361455E-13    5.370162220726297E-13    0.25                     5.0E10                   2700                     4714.045207910317        2721.655269759087        2502.294445801098
1                        1                        1                        0.5014                   1.6                      0.625                    5.317536418252754E-13    5.336730838332286E-13    0.25                     5.0E10                   2700                     4714.045207910317        2721.655269759087        2502.294445801098
1                        1                        1                        0.5014                   1.7000000000000002       0.588235294117647        5.348121700313831E-13    5.363332072054178E-13    0.25                     5.0E10                   2700                     4714.045207910317        2721.655269759087        2502.294445801098
1                        1                        1                        0.5014                   1.8000000000000003       0.5555555555555555       5.379226867684773E-13    5.380033910836971E-13    0.25                     5.0E10                   2700                     4714.045207910317        2721.655269759087        2502.294445801098
1                        1                        1                        0.5014                   1.9000000000000001       0.5263157894736842       5.369558230365318E-13    5.356007691206391E-13    0.25                     5.0E10                   2700                     4714.045207910317        2721.655269759087        2502.294445801098
1                        1                        1                        0.5014                   2                        0.5                      5.359739702856534E-13    5.337866460354328E-13    0.25                     5.0E10                   2700                     4714.045207910317        2721.655269759087        2502.294445801098
1                        1                        1                        0.5014                   2.1                      0.47619047619047616      5.370821849628372E-13    5.348955489007521E-13    0.25                     5.0E10                   2700                     4714.045207910317        2721.655269759087        2502.294445801098
1                        1                        1                        0.5014                   2.2                      0.4545454545454545       5.385644458529381E-13    5.37090217256674E-13     0.25                     5.0E10                   2700                     4714.045207910317        2721.655269759087        2502.294445801098
1                        1                        1                        0.5014                   2.3000000000000003       0.43478260869565216      5.384043499635875E-13    5.380224604530996E-13    0.25                     5.0E10                   2700                     4714.045207910317        2721.655269759087        2502.294445801098
1                        1                        1                        0.5014                   2.4000000000000004       0.4166666666666666       5.364484547915071E-13    5.371637576010272E-13    0.25                     5.0E10                   2700                     4714.045207910317        2721.655269759087        2502.294445801098
1                        1                        1                        0.5014                   2.5000000000000004       0.3999999999999999       5.339191183510237E-13    5.35475606982751E-13     0.25                     5.0E10                   2700                     4714.045207910317        2721.655269759087        2502.294445801098
1                        1                        1                        0.5014                   2.6                      0.3846153846153846       5.321891522350799E-13    5.342244843755809E-13    0.25                     5.0E10                   2700                     4714.045207910317        2721.655269759087        2502.294445801098
1                        1                        1                        0.5014                   2.7                      0.37037037037037035      5.316579908904619E-13    5.33847928730587E-13     0.25                     5.0E10                   2700                     4714.045207910317        2721.655269759087        2502.294445801098
1                        1                        1                        0.5014                   2.8000000000000003       0.3571428571428571       5.323327765376134E-13    5.344146687789432E-13    0.25                     5.0E10                   2700                     4714.045207910317        2721.655269759087        2502.294445801098
1                        1                        1                        0.5014                   2.9000000000000004       0.3448275862068965       5.337360911406814E-13    5.355279995016229E-13    0.25                     5.0E10                   2700                     4714.045207910317        2721.655269759087        2502.294445801098
1                        1                        1                        0.5014                   3.0000000000000004       0.33333333333333326      5.353192898931205E-13    5.367090353894723E-13    0.25                     5.0E10                   2700                     4714.045207910317        2721.655269759087        2502.294445801098
1                        1                        1                        0.5014                   3.1                      0.32258064516129037      5.366599324350417E-13    5.375882585183495E-13    0.25                     5.0E10                   2700                     4714.045207910317        2721.655269759087        2502.294445801098
1                        1                        1                        0.5014                   3.2                      0.3125                   5.375351144273358E-13    5.379800582429762E-13    0.25                     5.0E10                   2700                     4714.045207910317        2721.655269759087        2502.294445801098
1                        1                        1                        0.5014                   3.3000000000000003       0.30303030303030304      5.379061288375817E-13    5.378710409291107E-13    0.25                     5.0E10                   2700                     4714.045207910317        2721.655269759087        2502.294445801098
1                        1                        1                        0.5014                   3.4000000000000004       0.2941176470588235       5.378718298824838E-13    5.373792843723435E-13    0.25                     5.0E10                   2700                     4714.045207910317        2721.655269759087        2502.294445801098
1                        1                        1                        0.5014                   3.5000000000000004       0.2857142857142857       5.375488366409588E-13    5.36627149660307E-13     0.25                     5.0E10                   2700                     4714.045207910317        2721.655269759087        2502.294445801098
1                        1                        1                        0.5014                   3.6                      0.2777777777777778       5.371054762749703E-13    5.357956176066388E-13    0.25                     5.0E10                   2700                     4714.045207910317        2721.655269759087        2502.294445801098
1                        1                        1                        0.5014                   3.7                      0.2702702702702703       5.366693963260027E-13    5.350189105404738E-13    0.25                     5.0E10                   2700                     4714.045207910317        2721.655269759087        2502.294445801098
1                        1                        1                        0.5014                   3.8000000000000003       0.2631578947368421       5.363294718556702E-13    5.343906858528181E-13    0.25                     5.0E10                   2700                     4714.045207910317        2721.655269759087        2502.294445801098
1                        1                        1                        0.5014                   3.9000000000000004       0.2564102564102564       5.361343627282653E-13    5.339628289791652E-13    0.25                     5.0E10                   2700                     4714.045207910317        2721.655269759087        2502.294445801098
1                        1                        1                        0.5014                   4                        0.25                     5.360986363121188E-13    5.337515975509726E-13    0.25                     5.0E10                   2700                     4714.045207910317        2721.655269759087        2502.294445801098
1                        1                        1                        0.5014                   4.1                      0.24390243902439027      5.36211613045964E-13     5.33746491115489E-13     0.25                     5.0E10                   2700                     4714.045207910317        2721.655269759087        2502.294445801098
1                        1                        1                        0.5014                   4.2                      0.23809523809523808      5.364463795681102E-13    5.339193330097952E-13    0.25                     5.0E10                   2700                     4714.045207910317        2721.655269759087        2502.294445801098
1                        1                        1                        0.5014                   4.3                      0.23255813953488372      5.367675928260239E-13    5.342322054451352E-13    0.25                     5.0E10                   2700                     4714.045207910317        2721.655269759087        2502.294445801098
1                        1                        1                        0.5014                   4.3999999999999995       0.22727272727272732      5.371377461580859E-13    5.346438552326202E-13    0.25                     5.0E10                   2700                     4714.045207910317        2721.655269759087        2502.294445801098
1                        1                        1                        0.5014                   4.5                      0.22222222222222224      5.37520669778552E-13     5.351136178886236E-13    0.25                     5.0E10                   2700                     4714.045207910317        2721.655269759087        2502.294445801098
1                        1                        1                        0.5014                   4.6                      0.2173913043478261       5.378853808863588E-13    5.356052208495184E-13    0.25                     5.0E10                   2700                     4714.045207910317        2721.655269759087        2502.294445801098
1                        1                        1                        0.5014                   4.7                      0.2127659574468085       5.38206779641719E-13     5.360879264218004E-13    0.25                     5.0E10                   2700                     4714.045207910317        2721.655269759087        2502.294445801098
1                        1                        1                        0.5014                   4.8                      0.20833333333333334      5.384663057673162E-13    5.365373719701686E-13    0.25                     5.0E10                   2700                     4714.045207910317        2721.655269759087        2502.294445801098
1                        1                        1                        0.5014                   4.9                      0.20408163265306117      5.386517461140502E-13    5.369355830478638E-13    0.25                     5.0E10                   2700                     4714.045207910317        2721.655269759087        2502.294445801098
1                        1                        1                        0.5014                   5                        0.2                      5.387630969349747E-13    5.37262811356731E-13     0.25                     5.0E10                   2700                     4714.045207910317        2721.655269759087        2502.294445801098
1                        1                        1                        0.5014                   5.1                      0.19607843137254904      5.388748270076996E-13    5.376246248359427E-13    0.25                     5.0E10                   2700                     4714.045207910317        2721.655269759087        2502.294445801098
1                        1                        1                        0.5014                   5.2                      0.1923076923076923       5.388091034333463E-13    5.378089812851671E-13    0.25                     5.0E10                   2700                     4714.045207910317        2721.655269759087        2502.294445801098
1                        1                        1                        0.5014                   5.3                      0.18867924528301888      5.386694673768788E-13    5.379225327774866E-13    0.25                     5.0E10                   2700                     4714.045207910317        2721.655269759087        2502.294445801098
1                        1                        1                        0.5014                   5.4                      0.18518518518518517      5.384632280047496E-13    5.37968867187335E-13     0.25                     5.0E10                   2700                     4714.045207910317        2721.655269759087        2502.294445801098
1                        1                        1                        0.5014                   5.5                      0.18181818181818182      5.381990402550476E-13    5.379534458005663E-13    0.25                     5.0E10                   2700                     4714.045207910317        2721.655269759087        2502.294445801098
1                        1                        1                        0.5014                   5.6                      0.17857142857142858      5.378862674142475E-13    5.37882954356726E-13     0.25                     5.0E10                   2700                     4714.045207910317        2721.655269759087        2502.294445801098
1                        1                        1                        0.5014                   5.7                      0.17543859649122806      5.375344689682783E-13    5.377647647045056E-13    0.25                     5.0E10                   2700                     4714.045207910317        2721.655269759087        2502.294445801098
1                        1                        1                        0.5014                   5.8                      0.1724137931034483       5.371530066830344E-13    5.37606504572516E-13     0.25                     5.0E10                   2700                     4714.045207910317        2721.655269759087        2502.294445801098
1                        1                        1                        0.5014                   5.9                      0.1694915254237288       5.367512831819602E-13    5.374162386633793E-13    0.25                     5.0E10                   2700                     4714.045207910317        2721.655269759087        2502.294445801098
1                        1                        1                        0.5014                   6                        0.16666666666666666      5.3633647627078E-13      5.372002145135948E-13    0.25                     5.0E10                   2700                     4714.045207910317        2721.655269759087        2502.294445801098
1                        1                        1                        0.5014                   6.1                      0.16393442622950818      5.35916462418442E-13     5.369656580583632E-13    0.25                     5.0E10                   2700                     4714.045207910317        2721.655269759087        2502.294445801098
1                        1                        1                        0.5014                   6.2                      0.16129032258064518      5.354977587753312E-13    5.367187229808706E-13    0.25                     5.0E10                   2700                     4714.045207910317        2721.655269759087        2502.294445801098
1                        1                        1                        0.5014                   6.3                      0.15873015873015872      5.350859964910049E-13    5.364649090070148E-13    0.25                     5.0E10                   2700                     4714.045207910317        2721.655269759087        2502.294445801098
1                        1                        1                        0.5014                   6.4                      0.15625                  5.346859380406627E-13    5.36209040051568E-13     0.25                     5.0E10                   2700                     4714.045207910317        2721.655269759087        2502.294445801098
1                        1                        1                        0.5014                   6.5                      0.15384615384615383      5.343015187137556E-13    5.359552702862922E-13    0.25                     5.0E10                   2700                     4714.045207910317        2721.655269759087        2502.294445801098
1                        1                        1                        0.5014                   6.6                      0.15151515151515152      5.339359042293553E-13    5.35707110217777E-13     0.25                     5.0E10                   2700                     4714.045207910317        2721.655269759087        2502.294445801098
1                        1                        1                        0.5014                   6.7                      0.1492537313432836       5.335915580390557E-13    5.354674663403923E-13    0.25                     5.0E10                   2700                     4714.045207910317        2721.655269759087        2502.294445801098
1                        1                        1                        0.5014                   6.8                      0.14705882352941177      5.332703133819492E-13    5.35238689243706E-13     0.25                     5.0E10                   2700                     4714.045207910317        2721.655269759087        2502.294445801098
1                        1                        1                        0.5014                   6.9                      0.14492753623188404      5.329734463830893E-13    5.350226262604979E-13    0.25                     5.0E10                   2700                     4714.045207910317        2721.655269759087        2502.294445801098
1                        1                        1                        0.5014                   7                        0.14285714285714285      5.32701747585741E-13     5.348206756822829E-13    0.25                     5.0E10                   2700                     4714.045207910317        2721.655269759087        2502.294445801098
1                        1                        1                        0.5014                   7.1                      0.14084507042253522      5.324555900125188E-13    5.346338403982769E-13    0.25                     5.0E10                   2700                     4714.045207910317        2721.655269759087        2502.294445801098
1                        1                        1                        0.5014                   7.2                      0.1388888888888889       5.322349926678434E-13    5.344627794713621E-13    0.25                     5.0E10                   2700                     4714.045207910317        2721.655269759087        2502.294445801098
1                        1                        1                        0.5014                   7.3                      0.13698630136986303      5.320396787071925E-13    5.343078566039001E-13    0.25                     5.0E10                   2700                     4714.045207910317        2721.655269759087        2502.294445801098
1                        1                        1                        0.5014                   7.4                      0.13513513513513514      5.318691280399198E-13    5.341691849464348E-13    0.25                     5.0E10                   2700                     4714.045207910317        2721.655269759087        2502.294445801098
1                        1                        1                        0.5014                   7.5                      0.13333333333333333      5.317226242173574E-13    5.340466678589959E-13    0.25                     5.0E10                   2700                     4714.045207910317        2721.655269759087        2502.294445801098
1                        1                        1                        0.5014                   7.6                      0.13157894736842105      5.315992959095599E-13    5.339400356257455E-13    0.25                     5.0E10                   2700                     4714.045207910317        2721.655269759087        2502.294445801098
1                        1                        1                        0.5014                   7.7                      0.12987012987012989      5.314981530954329E-13    5.338488780829062E-13    0.25                     5.0E10                   2700                     4714.045207910317        2721.655269759087        2502.294445801098
1                        1                        1                        0.5014                   7.8                      0.12820512820512822      5.314181183975572E-13    5.337726733853918E-13    0.25                     5.0E10                   2700                     4714.045207910317        2721.655269759087        2502.294445801098
1                        1                        1                        0.5014                   7.9                      0.12658227848101267      5.313580539762283E-13    5.337108131171342E-13    0.25                     5.0E10                   2700                     4714.045207910317        2721.655269759087        2502.294445801098
1                        1                        1                        0.5014                   8                        0.125                    5.313167843341131E-13    5.336626240342537E-13    0.25                     5.0E10                   2700                     4714.045207910317        2721.655269759087        2502.294445801098
1                        1                        1                        0.5014                   8.1                      0.1234567901234568       5.3129311556466E-13      5.336273867419934E-13    0.25                     5.0E10                   2700                     4714.045207910317        2721.655269759087        2502.294445801098
1                        1                        1                        0.5014                   8.2                      0.12195121951219513      5.312858512777085E-13    5.336043515438552E-13    0.25                     5.0E10                   2700                     4714.045207910317        2721.655269759087        2502.294445801098
1                        1                        1                        0.5014                   8.3                      0.12048192771084336      5.312938057862896E-13    5.335927518601047E-13    0.25                     5.0E10                   2700                     4714.045207910317        2721.655269759087        2502.294445801098
1                        1                        1                        0.5014                   8.4                      0.11904761904761904      5.313158147320615E-13    5.335918153917835E-13    0.25                     5.0E10                   2700                     4714.045207910317        2721.655269759087        2502.294445801098
1                        1                        1                        0.5014                   8.5                      0.11764705882352941      5.31350743599537E-13     5.336007733604564E-13    0.25                     5.0E10                   2700                     4714.045207910317        2721.655269759087        2502.294445801098
1                        1                        1                        0.5014                   8.6                      0.11627906976744186      5.313974943692494E-13    5.336188680566557E-13    0.25                     5.0E10                   2700                     4714.045207910317        2721.655269759087        2502.294445801098
1                        1                        1                        0.5014                   8.7                      0.11494252873563218      5.314550105581665E-13    5.336453588867124E-13    0.25                     5.0E10                   2700                     4714.045207910317        2721.655269759087        2502.294445801098
1                        1                        1                        0.5014                   8.8                      0.11363636363636362      5.315240371115981E-13    5.336812293565193E-13    0.25                     5.0E10                   2700                     4714.045207910317        2721.655269759087        2502.294445801098
1                        1                        1                        0.5014                   8.9                      0.11235955056179775      5.316001395746654E-13    5.337224252921079E-13    0.25                     5.0E10                   2700                     4714.045207910317        2721.655269759087        2502.294445801098
1                        1                        1                        0.5014                   9                        0.11111111111111112      5.316841183932401E-13    5.337699407197884E-13    0.25                     5.0E10                   2700                     4714.045207910317        2721.655269759087        2502.294445801098
1                        1                        1                        0.5014                   9.1                      0.1098901098901099       5.317751096281012E-13    5.338231411538784E-13    0.25                     5.0E10                   2700                     4714.045207910317        2721.655269759087        2502.294445801098
1                        1                        1                        0.5014                   9.2                      0.10869565217391305      5.318722996135229E-13    5.338814236778519E-13    0.25                     5.0E10                   2700                     4714.045207910317        2721.655269759087        2502.294445801098
1                        1                        1                        0.5014                   9.3                      0.10752688172043011      5.319749245587502E-13    5.339442176786925E-13    0.25                     5.0E10                   2700                     4714.045207910317        2721.655269759087        2502.294445801098
1                        1                        1                        0.5014                   9.4                      0.10638297872340426      5.320822696853137E-13    5.340109851019653E-13    0.25                     5.0E10                   2700                     4714.045207910317        2721.655269759087        2502.294445801098
1                        1                        1                        0.5014                   9.5                      0.10526315789473685      5.32193668069132E-13     5.340812203536348E-13    0.25                     5.0E10                   2700                     4714.045207910317        2721.655269759087        2502.294445801098
1                        1                        1                        0.5014                   9.6                      0.10416666666666667      5.323084991335612E-13    5.341544498531618E-13    0.25                     5.0E10                   2700                     4714.045207910317        2721.655269759087        2502.294445801098
1                        1                        1                        0.5014                   9.700000000000001        0.1030927835051546       5.32426187057355E-13     5.342302313982649E-13    0.25                     5.0E10                   2700                     4714.045207910317        2721.655269759087        2502.294445801098
1                        1                        1                        0.5014                   9.8                      0.10204081632653059      5.325461989282873E-13    5.343081532783749E-13    0.25                     5.0E10                   2700                     4714.045207910317        2721.655269759087        2502.294445801098
1                        1                        1                        0.5014                   9.9                      0.101010101010101        5.326680428513001E-13    5.343878332753069E-13    0.25                     5.0E10                   2700                     4714.045207910317        2721.655269759087        2502.294445801098
1                        1                        1                        0.5014                   10                       0.1                      5.327435195253518E-13    5.34395641038434E-13     0.25                     5.0E10                   2700                     4714.045207910317        2721.655269759087        2502.294445801098
