1                        1                        1                        0.28090000000000004      0.1                      10                       5.331645667026003E-13    5.331671490361351E-13    0.25                     5.0E10                   2700                     4714.045207910317        2721.655269759087        2502.294445801098
1                        1                        1                        0.28090000000000004      0.2                      5                        5.335415730829871E-13    5.332060791067972E-13    0.25                     5.0E10                   2700                     4714.045207910317        2721.655269759087        2502.294445801098
1                        1                        1                        0.28090000000000004      0.30000000000000004      3.3333333333333326       5.366929669431449E-13    5.363421373702086E-13    0.25                     5.0E10                   2700                     4714.045207910317        2721.655269759087        2502.294445801098
1                        1                        1                        0.28090000000000004      0.4                      2.5                      5.330209603926873E-13    5.332883317729503E-13    0.25                     5.0E10                   2700                     4714.045207910317        2721.655269759087        2502.294445801098
1                        1                        1                        0.28090000000000004      0.5                      2                        5.332111520965017E-13    5.332240626751083E-13    0.25                     5.0E10                   2700                     4714.045207910317        2721.655269759087        2502.294445801098
1                        1                        1                        0.28090000000000004      0.6                      1.6666666666666667       5.365973335930857E-13    5.365851331475858E-13    0.25                     5.0E10                   2700                     4714.045207910317        2721.655269759087        2502.294445801098
1                        1                        1                        0.28090000000000004      0.7000000000000001       1.4285714285714284       5.374811704606826E-13    5.374766071223344E-13    0.25                     5.0E10                   2700                     4714.045207910317        2721.655269759087        2502.294445801098
1                        1                        1                        0.28090000000000004      0.8                      1.25                     5.346539616242285E-13    5.333483072422304E-13    0.25                     5.0E10                   2700                     4714.045207910317        2721.655269759087        2502.294445801098
1                        1                        1                        0.28090000000000004      0.9                      1.1111111111111112       5.325113110943198E-13    5.338124650702609E-13    0.25                     5.0E10                   2700                     4714.045207910317        2721.655269759087        2502.294445801098
1                        1                        1                        0.28090000000000004      1                        1                        5.348811513833714E-13    5.331962403231624E-13    0.25                     5.0E10                   2700                     4714.045207910317        2721.655269759087        2502.294445801098
1                        1                        1                        0.28090000000000004      1.1                      0.909090909090909        5.352290646656498E-13    5.359629925977659E-13    0.25                     5.0E10                   2700                     4714.045207910317        2721.655269759087        2502.294445801098
1                        1                        1                        0.28090000000000004      1.2000000000000002       0.8333333333333331       5.356129225611286E-13    5.365811456368447E-13    0.25                     5.0E10                   2700                     4714.045207910317        2721.655269759087        2502.294445801098
1                        1                        1                        0.28090000000000004      1.3000000000000003       0.769230769230769        5.361511833647993E-13    5.345879109858826E-13    0.25                     5.0E10                   2700                     4714.045207910317        2721.655269759087        2502.294445801098
1                        1                        1                        0.28090000000000004      1.4000000000000001       0.7142857142857142       5.376793038403485E-13    5.360727031045982E-13    0.25                     5.0E10                   2700                     4714.045207910317        2721.655269759087        2502.294445801098
1                        1                        1                        0.28090000000000004      1.5000000000000002       0.6666666666666665       5.366433444424578E-13    5.370115410009362E-13    0.25                     5.0E10                   2700                     4714.045207910317        2721.655269759087        2502.294445801098
1                        1                        1                        0.28090000000000004      1.6                      0.625                    5.317767746758472E-13    5.336601073478002E-13    0.25                     5.0E10                   2700                     4714.045207910317        2721.655269759087        2502.294445801098
1                        1                        1                        0.28090000000000004      1.7000000000000002       0.588235294117647        5.345187097443036E-13    5.360880706023707E-13    0.25                     5.0E10                   2700                     4714.045207910317        2721.655269759087        2502.294445801098
1                        1                        1                        0.28090000000000004      1.8000000000000003       0.5555555555555555       5.377611410683223E-13    5.379112199752893E-13    0.25                     5.0E10                   2700                     4714.045207910317        2721.655269759087        2502.294445801098
1                        1                        1                        0.28090000000000004      1.9000000000000001       0.5263157894736842       5.369105447971974E-13    5.355853592650001E-13    0.25                     5.0E10                   2700                     4714.045207910317        2721.655269759087        2502.294445801098
1                        1                        1                        0.28090000000000004      2                        0.5                      5.35918892418254E-13     5.336917258234066E-13    0.25                     5.0E10                   2700                     4714.045207910317        2721.655269759087        2502.294445801098
1                        1                        1                        0.28090000000000004      2.1                      0.47619047619047616      5.370112494134102E-13    5.347291639973602E-13    0.25                     5.0E10                   2700                     4714.045207910317        2721.655269759087        2502.294445801098
1                        1                        1                        0.28090000000000004      2.2                      0.4545454545454545       5.385514279941976E-13    5.369490679367571E-13    0.25                     5.0E10                   2700                     4714.045207910317        2721.655269759087        2502.294445801098
1                        1                        1                        0.28090000000000004      2.3000000000000003       0.43478260869565216      5.384749976438797E-13    5.379604162947091E-13    0.25                     5.0E10                   2700                     4714.045207910317        2721.655269759087        2502.294445801098
1                        1                        1                        0.28090000000000004      2.4000000000000004       0.4166666666666666       5.365601934990352E-13    5.371607372518159E-13    0.25                     5.0E10                   2700                     4714.045207910317        2721.655269759087        2502.294445801098
1                        1                        1                        0.28090000000000004      2.5000000000000004       0.3999999999999999       5.340160840138054E-13    5.354848340176065E-13    0.25                     5.0E10                   2700                     4714.045207910317        2721.655269759087        2502.294445801098
1                        1                        1                        0.28090000000000004      2.6                      0.3846153846153846       5.321336682424851E-13    5.341196077738666E-13    0.25                     5.0E10                   2700                     4714.045207910317        2721.655269759087        2502.294445801098
1                        1                        1                        0.28090000000000004      2.7                      0.37037037037037035      5.315468964198022E-13    5.337131747486483E-13    0.25                     5.0E10                   2700                     4714.045207910317        2721.655269759087        2502.294445801098
1                        1                        1                        0.28090000000000004      2.8000000000000003       0.3571428571428571       5.321838870042574E-13    5.34262995590349E-13     0.25                     5.0E10                   2700                     4714.045207910317        2721.655269759087        2502.294445801098
1                        1                        1                        0.28090000000000004      2.9000000000000004       0.3448275862068965       5.337833407603264E-13    5.355706099123605E-13    0.25                     5.0E10                   2700                     4714.045207910317        2721.655269759087        2502.294445801098
1                        1                        1                        0.28090000000000004      3.0000000000000004       0.33333333333333326      5.353551818552412E-13    5.367431854635746E-13    0.25                     5.0E10                   2700                     4714.045207910317        2721.655269759087        2502.294445801098
1                        1                        1                        0.28090000000000004      3.1                      0.32258064516129037      5.36686569959977E-13     5.376161236977976E-13    0.25                     5.0E10                   2700                     4714.045207910317        2721.655269759087        2502.294445801098
1                        1                        1                        0.28090000000000004      3.2                      0.3125                   5.375551827124155E-13    5.380040549015086E-13    0.25                     5.0E10                   2700                     4714.045207910317        2721.655269759087        2502.294445801098
1                        1                        1                        0.28090000000000004      3.3000000000000003       0.30303030303030304      5.379220703195479E-13    5.378931544191728E-13    0.25                     5.0E10                   2700                     4714.045207910317        2721.655269759087        2502.294445801098
1                        1                        1                        0.28090000000000004      3.4000000000000004       0.2941176470588235       5.379000495463135E-13    5.374017443007951E-13    0.25                     5.0E10                   2700                     4714.045207910317        2721.655269759087        2502.294445801098
1                        1                        1                        0.28090000000000004      3.5000000000000004       0.2857142857142857       5.375717091882086E-13    5.366447390041509E-13    0.25                     5.0E10                   2700                     4714.045207910317        2721.655269759087        2502.294445801098
1                        1                        1                        0.28090000000000004      3.6                      0.2777777777777778       5.371240960397725E-13    5.358094018710446E-13    0.25                     5.0E10                   2700                     4714.045207910317        2721.655269759087        2502.294445801098
1                        1                        1                        0.28090000000000004      3.7                      0.2702702702702703       5.366849374097416E-13    5.350299971088656E-13    0.25                     5.0E10                   2700                     4714.045207910317        2721.655269759087        2502.294445801098
1                        1                        1                        0.28090000000000004      3.8000000000000003       0.2631578947368421       5.36342818224525E-13     5.343999168844355E-13    0.25                     5.0E10                   2700                     4714.045207910317        2721.655269759087        2502.294445801098
1                        1                        1                        0.28090000000000004      3.9000000000000004       0.2564102564102564       5.361463945396851E-13    5.339710067280266E-13    0.25                     5.0E10                   2700                     4714.045207910317        2721.655269759087        2502.294445801098
1                        1                        1                        0.28090000000000004      4                        0.25                     5.36109649575755E-13     5.337590481338603E-13    0.25                     5.0E10                   2700                     4714.045207910317        2721.655269759087        2502.294445801098
1                        1                        1                        0.28090000000000004      4.1                      0.24390243902439027      5.362219275315424E-13    5.337535298390431E-13    0.25                     5.0E10                   2700                     4714.045207910317        2721.655269759087        2502.294445801098
1                        1                        1                        0.28090000000000004      4.2                      0.23809523809523808      5.364561824059922E-13    5.339261501995224E-13    0.25                     5.0E10                   2700                     4714.045207910317        2721.655269759087        2502.294445801098
1                        1                        1                        0.28090000000000004      4.3                      0.23255813953488372      5.367769699843454E-13    5.342388948206998E-13    0.25                     5.0E10                   2700                     4714.045207910317        2721.655269759087        2502.294445801098
1                        1                        1                        0.28090000000000004      4.3999999999999995       0.22727272727272732      5.371465089444829E-13    5.346502858098124E-13    0.25                     5.0E10                   2700                     4714.045207910317        2721.655269759087        2502.294445801098
1                        1                        1                        0.28090000000000004      4.5                      0.22222222222222224      5.375289607653111E-13    5.351198905132298E-13    0.25                     5.0E10                   2700                     4714.045207910317        2721.655269759087        2502.294445801098
1                        1                        1                        0.28090000000000004      4.6                      0.2173913043478261       5.378931339756047E-13    5.356112748265003E-13    0.25                     5.0E10                   2700                     4714.045207910317        2721.655269759087        2502.294445801098
1                        1                        1                        0.28090000000000004      4.7                      0.2127659574468085       5.382139149582315E-13    5.36093683578817E-13     0.25                     5.0E10                   2700                     4714.045207910317        2721.655269759087        2502.294445801098
1                        1                        1                        0.28090000000000004      4.8                      0.20833333333333334      5.384727414053251E-13    5.365427477356015E-13    0.25                     5.0E10                   2700                     4714.045207910317        2721.655269759087        2502.294445801098
1                        1                        1                        0.28090000000000004      4.9                      0.20408163265306117      5.386574065932887E-13    5.36940494756238E-13     0.25                     5.0E10                   2700                     4714.045207910317        2721.655269759087        2502.294445801098
1                        1                        1                        0.28090000000000004      5                        0.2                      5.387688592815169E-13    5.372689299216487E-13    0.25                     5.0E10                   2700                     4714.045207910317        2721.655269759087        2502.294445801098
1                        1                        1                        0.28090000000000004      5.1                      0.19607843137254904      5.387849479047748E-13    5.375314707603606E-13    0.25                     5.0E10                   2700                     4714.045207910317        2721.655269759087        2502.294445801098
1                        1                        1                        0.28090000000000004      5.2                      0.1923076923076923       5.387216218774163E-13    5.3772132644948E-13      0.25                     5.0E10                   2700                     4714.045207910317        2721.655269759087        2502.294445801098
1                        1                        1                        0.28090000000000004      5.3                      0.18867924528301888      5.385833867366915E-13    5.378388000326311E-13    0.25                     5.0E10                   2700                     4714.045207910317        2721.655269759087        2502.294445801098
1                        1                        1                        0.28090000000000004      5.4                      0.18518518518518517      5.38378306058152E-13     5.378882344222189E-13    0.25                     5.0E10                   2700                     4714.045207910317        2721.655269759087        2502.294445801098
1                        1                        1                        0.28090000000000004      5.5                      0.18181818181818182      5.381152497629443E-13    5.378753424875551E-13    0.25                     5.0E10                   2700                     4714.045207910317        2721.655269759087        2502.294445801098
1                        1                        1                        0.28090000000000004      5.6                      0.17857142857142858      5.378037430152349E-13    5.37807019714886E-13     0.25                     5.0E10                   2700                     4714.045207910317        2721.655269759087        2502.294445801098
1                        1                        1                        0.28090000000000004      5.7                      0.17543859649122806      5.374534572970189E-13    5.376908047282189E-13    0.25                     5.0E10                   2700                     4714.045207910317        2721.655269759087        2502.294445801098
1                        1                        1                        0.28090000000000004      5.8                      0.1724137931034483       5.370738221211238E-13    5.375344511408465E-13    0.25                     5.0E10                   2700                     4714.045207910317        2721.655269759087        2502.294445801098
1                        1                        1                        0.28090000000000004      5.9                      0.1694915254237288       5.36673743814429E-13     5.373456009938095E-13    0.25                     5.0E10                   2700                     4714.045207910317        2721.655269759087        2502.294445801098
1                        1                        1                        0.28090000000000004      6                        0.16666666666666666      5.36261415353034E-13     5.371315468478981E-13    0.25                     5.0E10                   2700                     4714.045207910317        2721.655269759087        2502.294445801098
1                        1                        1                        0.28090000000000004      6.1                      0.16393442622950818      5.358442007712836E-13    5.368990685202088E-13    0.25                     5.0E10                   2700                     4714.045207910317        2721.655269759087        2502.294445801098
1                        1                        1                        0.28090000000000004      6.2                      0.16129032258064518      5.354285787665578E-13    5.366543307082666E-13    0.25                     5.0E10                   2700                     4714.045207910317        2721.655269759087        2502.294445801098
1                        1                        1                        0.28090000000000004      6.3                      0.15873015873015872      5.350201314702236E-13    5.364028286985105E-13    0.25                     5.0E10                   2700                     4714.045207910317        2721.655269759087        2502.294445801098
1                        1                        1                        0.28090000000000004      6.4                      0.15625                  5.346235665305638E-13    5.36149370976233E-13     0.25                     5.0E10                   2700                     4714.045207910317        2721.655269759087        2502.294445801098
1                        1                        1                        0.28090000000000004      6.5                      0.15384615384615383      5.342427624057915E-13    5.358980890617812E-13    0.25                     5.0E10                   2700                     4714.045207910317        2721.655269759087        2502.294445801098
1                        1                        1                        0.28090000000000004      6.6                      0.15151515151515152      5.338808289533679E-13    5.35652466692976E-13     0.25                     5.0E10                   2700                     4714.045207910317        2721.655269759087        2502.294445801098
1                        1                        1                        0.28090000000000004      6.7                      0.1492537313432836       5.335401768696301E-13    5.354153819073279E-13    0.25                     5.0E10                   2700                     4714.045207910317        2721.655269759087        2502.294445801098
1                        1                        1                        0.28090000000000004      6.8                      0.14705882352941177      5.33222591259525E-13     5.351891570169387E-13    0.25                     5.0E10                   2700                     4714.045207910317        2721.655269759087        2502.294445801098
1                        1                        1                        0.28090000000000004      6.9                      0.14492753623188404      5.329293056523677E-13    5.349756125919086E-13    0.25                     5.0E10                   2700                     4714.045207910317        2721.655269759087        2502.294445801098
1                        1                        1                        0.28090000000000004      7                        0.14285714285714285      5.326610740308399E-13    5.347761226017914E-13    0.25                     5.0E10                   2700                     4714.045207910317        2721.655269759087        2502.294445801098
1                        1                        1                        0.28090000000000004      7.1                      0.14084507042253522      5.324182390276101E-13    5.345916686340512E-13    0.25                     5.0E10                   2700                     4714.045207910317        2721.655269759087        2502.294445801098
1                        1                        1                        0.28090000000000004      7.2                      0.1388888888888889       5.322007953053021E-13    5.344228917611058E-13    0.25                     5.0E10                   2700                     4714.045207910317        2721.655269759087        2502.294445801098
1                        1                        1                        0.28090000000000004      7.3                      0.13698630136986303      5.3200844741077E-13      5.342701410939129E-13    0.25                     5.0E10                   2700                     4714.045207910317        2721.655269759087        2502.294445801098
1                        1                        1                        0.28090000000000004      7.4                      0.13513513513513514      5.31840661934786E-13     5.341335185211048E-13    0.25                     5.0E10                   2700                     4714.045207910317        2721.655269759087        2502.294445801098
1                        1                        1                        0.28090000000000004      7.5                      0.13333333333333333      5.316967138954311E-13    5.340129192939673E-13    0.25                     5.0E10                   2700                     4714.045207910317        2721.655269759087        2502.294445801098
1                        1                        1                        0.28090000000000004      7.6                      0.13157894736842105      5.315757276495142E-13    5.339080684797972E-13    0.25                     5.0E10                   2700                     4714.045207910317        2721.655269759087        2502.294445801098
1                        1                        1                        0.28090000000000004      7.7                      0.12987012987012989      5.314786124934889E-13    5.338203605597923E-13    0.25                     5.0E10                   2700                     4714.045207910317        2721.655269759087        2502.294445801098
1                        1                        1                        0.28090000000000004      7.8                      0.12820512820512822      5.314005478724432E-13    5.337457141768605E-13    0.25                     5.0E10                   2700                     4714.045207910317        2721.655269759087        2502.294445801098
1                        1                        1                        0.28090000000000004      7.9                      0.12658227848101267      5.31342245681246E-13     5.336852738499803E-13    0.25                     5.0E10                   2700                     4714.045207910317        2721.655269759087        2502.294445801098
1                        1                        1                        0.28090000000000004      8                        0.125                    5.313025375611064E-13    5.336383695835648E-13    0.25                     5.0E10                   2700                     4714.045207910317        2721.655269759087        2502.294445801098
1                        1                        1                        0.28090000000000004      8.1                      0.1234567901234568       5.312802383951811E-13    5.336042865695999E-13    0.25                     5.0E10                   2700                     4714.045207910317        2721.655269759087        2502.294445801098
1                        1                        1                        0.28090000000000004      8.2                      0.12195121951219513      5.312741618206208E-13    5.335822807589307E-13    0.25                     5.0E10                   2700                     4714.045207910317        2721.655269759087        2502.294445801098
1                        1                        1                        0.28090000000000004      8.3                      0.12048192771084336      5.312831330750135E-13    5.335715920262007E-13    0.25                     5.0E10                   2700                     4714.045207910317        2721.655269759087        2502.294445801098
1                        1                        1                        0.28090000000000004      8.4                      0.11904761904761904      5.313059993062403E-13    5.335714551072856E-13    0.25                     5.0E10                   2700                     4714.045207910317        2721.655269759087        2502.294445801098
1                        1                        1                        0.28090000000000004      8.5                      0.11764705882352941      5.313416378261141E-13    5.335811086436909E-13    0.25                     5.0E10                   2700                     4714.045207910317        2721.655269759087        2502.294445801098
1                        1                        1                        0.28090000000000004      8.6                      0.11627906976744186      5.313889625351441E-13    5.33599802556341E-13     0.25                     5.0E10                   2700                     4714.045207910317        2721.655269759087        2502.294445801098
1                        1                        1                        0.28090000000000004      8.7                      0.11494252873563218      5.31446928786224E-13     5.336268039540933E-13    0.25                     5.0E10                   2700                     4714.045207910317        2721.655269759087        2502.294445801098
1                        1                        1                        0.28090000000000004      8.8                      0.11363636363636362      5.31514536905578E-13     5.336614017830754E-13    0.25                     5.0E10                   2700                     4714.045207910317        2721.655269759087        2502.294445801098
1                        1                        1                        0.28090000000000004      8.9                      0.11235955056179775      5.315908346469039E-13    5.337029104243197E-13    0.25                     5.0E10                   2700                     4714.045207910317        2721.655269759087        2502.294445801098
1                        1                        1                        0.28090000000000004      9                        0.11111111111111112      5.316749186854643E-13    5.33750672361893E-13     0.25                     5.0E10                   2700                     4714.045207910317        2721.655269759087        2502.294445801098
1                        1                        1                        0.28090000000000004      9.1                      0.1098901098901099       5.31765935315291E-13     5.338040600698225E-13    0.25                     5.0E10                   2700                     4714.045207910317        2721.655269759087        2502.294445801098
1                        1                        1                        0.28090000000000004      9.2                      0.10869565217391305      5.318630805314146E-13    5.338624772489834E-13    0.25                     5.0E10                   2700                     4714.045207910317        2721.655269759087        2502.294445801098
1                        1                        1                        0.28090000000000004      9.3                      0.10752688172043011      5.319655996088551E-13    5.339253595386676E-13    0.25                     5.0E10                   2700                     4714.045207910317        2721.655269759087        2502.294445801098
1                        1                        1                        0.28090000000000004      9.4                      0.10638297872340426      5.320727862120429E-13    5.339921747449941E-13    0.25                     5.0E10                   2700                     4714.045207910317        2721.655269759087        2502.294445801098
1                        1                        1                        0.28090000000000004      9.5                      0.10526315789473685      5.321839812221773E-13    5.340624227193084E-13    0.25                     5.0E10                   2700                     4714.045207910317        2721.655269759087        2502.294445801098
1                        1                        1                        0.28090000000000004      9.6                      0.10416666666666667      5.322985712860697E-13    5.341356349463666E-13    0.25                     5.0E10                   2700                     4714.045207910317        2721.655269759087        2502.294445801098
1                        1                        1                        0.28090000000000004      9.700000000000001        0.1030927835051546       5.324159871565674E-13    5.342113738572051E-13    0.25                     5.0E10                   2700                     4714.045207910317        2721.655269759087        2502.294445801098
1                        1                        1                        0.28090000000000004      9.8                      0.10204081632653059      5.32535701922199E-13     5.342892319881218E-13    0.25                     5.0E10                   2700                     4714.045207910317        2721.655269759087        2502.294445801098
1                        1                        1                        0.28090000000000004      9.9                      0.101010101010101        5.326572291245831E-13    5.343688309835489E-13    0.25                     5.0E10                   2700                     4714.045207910317        2721.655269759087        2502.294445801098
1                        1                        1                        0.28090000000000004      10                       0.1                      5.32774269022694E-13     5.343985323796179E-13    0.25                     5.0E10                   2700                     4714.045207910317        2721.655269759087        2502.294445801098
