1                        1                        1                        0.7758999999999999       0.1                      10                       5.331399613352559E-13    5.331424778827915E-13    0.25                     5.0E10                   2700                     4714.045207910317        2721.655269759087        2502.294445801098
1                        1                        1                        0.7758999999999999       0.2                      5                        5.334883284261886E-13    5.33153350337562E-13     0.25                     5.0E10                   2700                     4714.045207910317        2721.655269759087        2502.294445801098
1                        1                        1                        0.7758999999999999       0.30000000000000004      3.3333333333333326       5.36645016461196E-13     5.362941613851254E-13    0.25                     5.0E10                   2700                     4714.045207910317        2721.655269759087        2502.294445801098
1                        1                        1                        0.7758999999999999       0.4                      2.5                      5.329504600001117E-13    5.332148994889018E-13    0.25                     5.0E10                   2700                     4714.045207910317        2721.655269759087        2502.294445801098
1                        1                        1                        0.7758999999999999       0.5                      2                        5.33183134471878E-13     5.331948402148541E-13    0.25                     5.0E10                   2700                     4714.045207910317        2721.655269759087        2502.294445801098
1                        1                        1                        0.7758999999999999       0.6                      1.6666666666666667       5.365400378083751E-13    5.365286174007619E-13    0.25                     5.0E10                   2700                     4714.045207910317        2721.655269759087        2502.294445801098
1                        1                        1                        0.7758999999999999       0.7000000000000001       1.4285714285714284       5.37394171285964E-13     5.373928878963849E-13    0.25                     5.0E10                   2700                     4714.045207910317        2721.655269759087        2502.294445801098
1                        1                        1                        0.7758999999999999       0.8                      1.25                     5.345722945684298E-13    5.332806531021377E-13    0.25                     5.0E10                   2700                     4714.045207910317        2721.655269759087        2502.294445801098
1                        1                        1                        0.7758999999999999       0.9                      1.1111111111111112       5.323935574328722E-13    5.337055634524849E-13    0.25                     5.0E10                   2700                     4714.045207910317        2721.655269759087        2502.294445801098
1                        1                        1                        0.7758999999999999       1                        1                        5.348429208879894E-13    5.331808551179691E-13    0.25                     5.0E10                   2700                     4714.045207910317        2721.655269759087        2502.294445801098
1                        1                        1                        0.7758999999999999       1.1                      0.909090909090909        5.352143793924695E-13    5.35958348365139E-13     0.25                     5.0E10                   2700                     4714.045207910317        2721.655269759087        2502.294445801098
1                        1                        1                        0.7758999999999999       1.2000000000000002       0.8333333333333331       5.355062500246636E-13    5.365713810730603E-13    0.25                     5.0E10                   2700                     4714.045207910317        2721.655269759087        2502.294445801098
1                        1                        1                        0.7758999999999999       1.3000000000000003       0.769230769230769        5.361897482130186E-13    5.346660496934032E-13    0.25                     5.0E10                   2700                     4714.045207910317        2721.655269759087        2502.294445801098
1                        1                        1                        0.7758999999999999       1.4000000000000001       0.7142857142857142       5.377284386106623E-13    5.360347609498985E-13    0.25                     5.0E10                   2700                     4714.045207910317        2721.655269759087        2502.294445801098
1                        1                        1                        0.7758999999999999       1.5000000000000002       0.6666666666666665       5.364690248222628E-13    5.369754642534322E-13    0.25                     5.0E10                   2700                     4714.045207910317        2721.655269759087        2502.294445801098
1                        1                        1                        0.7758999999999999       1.6                      0.625                    5.317972323679559E-13    5.337505987995779E-13    0.25                     5.0E10                   2700                     4714.045207910317        2721.655269759087        2502.294445801098
1                        1                        1                        0.7758999999999999       1.7000000000000002       0.588235294117647        5.347644563303262E-13    5.362712882306285E-13    0.25                     5.0E10                   2700                     4714.045207910317        2721.655269759087        2502.294445801098
1                        1                        1                        0.7758999999999999       1.8000000000000003       0.5555555555555555       5.378878203062105E-13    5.379548512489957E-13    0.25                     5.0E10                   2700                     4714.045207910317        2721.655269759087        2502.294445801098
1                        1                        1                        0.7758999999999999       1.9000000000000001       0.5263157894736842       5.369259570141006E-13    5.355601050306366E-13    0.25                     5.0E10                   2700                     4714.045207910317        2721.655269759087        2502.294445801098
1                        1                        1                        0.7758999999999999       2                        0.5                      5.360006416614975E-13    5.338200742827248E-13    0.25                     5.0E10                   2700                     4714.045207910317        2721.655269759087        2502.294445801098
1                        1                        1                        0.7758999999999999       2.1                      0.47619047619047616      5.371057287517828E-13    5.34925604342405E-13     0.25                     5.0E10                   2700                     4714.045207910317        2721.655269759087        2502.294445801098
1                        1                        1                        0.7758999999999999       2.2                      0.4545454545454545       5.385846334778476E-13    5.371137118254529E-13    0.25                     5.0E10                   2700                     4714.045207910317        2721.655269759087        2502.294445801098
1                        1                        1                        0.7758999999999999       2.3000000000000003       0.43478260869565216      5.384234095975818E-13    5.380413018771355E-13    0.25                     5.0E10                   2700                     4714.045207910317        2721.655269759087        2502.294445801098
1                        1                        1                        0.7758999999999999       2.4000000000000004       0.4166666666666666       5.364676986343305E-13    5.371805163252083E-13    0.25                     5.0E10                   2700                     4714.045207910317        2721.655269759087        2502.294445801098
1                        1                        1                        0.7758999999999999       2.5000000000000004       0.3999999999999999       5.339399139788998E-13    5.354881552694762E-13    0.25                     5.0E10                   2700                     4714.045207910317        2721.655269759087        2502.294445801098
1                        1                        1                        0.7758999999999999       2.6                      0.3846153846153846       5.3218878261554E-13      5.342253277687459E-13    0.25                     5.0E10                   2700                     4714.045207910317        2721.655269759087        2502.294445801098
1                        1                        1                        0.7758999999999999       2.7                      0.37037037037037035      5.316533981727279E-13    5.338467443187592E-13    0.25                     5.0E10                   2700                     4714.045207910317        2721.655269759087        2502.294445801098
1                        1                        1                        0.7758999999999999       2.8000000000000003       0.3571428571428571       5.323266386118649E-13    5.34413251856607E-13     0.25                     5.0E10                   2700                     4714.045207910317        2721.655269759087        2502.294445801098
1                        1                        1                        0.7758999999999999       2.9000000000000004       0.3448275862068965       5.337304496293348E-13    5.355275969881422E-13    0.25                     5.0E10                   2700                     4714.045207910317        2721.655269759087        2502.294445801098
1                        1                        1                        0.7758999999999999       3.0000000000000004       0.33333333333333326      5.353153891783291E-13    5.36710260274428E-13     0.25                     5.0E10                   2700                     4714.045207910317        2721.655269759087        2502.294445801098
1                        1                        1                        0.7758999999999999       3.1                      0.32258064516129037      5.366580801701368E-13    5.375909433824983E-13    0.25                     5.0E10                   2700                     4714.045207910317        2721.655269759087        2502.294445801098
1                        1                        1                        0.7758999999999999       3.2                      0.3125                   5.375350774147201E-13    5.379836482229374E-13    0.25                     5.0E10                   2700                     4714.045207910317        2721.655269759087        2502.294445801098
1                        1                        1                        0.7758999999999999       3.3000000000000003       0.30303030303030304      5.37907414561117E-13     5.378748637258372E-13    0.25                     5.0E10                   2700                     4714.045207910317        2721.655269759087        2502.294445801098
1                        1                        1                        0.7758999999999999       3.4000000000000004       0.2941176470588235       5.378696214912166E-13    5.373840528138287E-13    0.25                     5.0E10                   2700                     4714.045207910317        2721.655269759087        2502.294445801098
1                        1                        1                        0.7758999999999999       3.5000000000000004       0.2857142857142857       5.375483977098796E-13    5.366337589357411E-13    0.25                     5.0E10                   2700                     4714.045207910317        2721.655269759087        2502.294445801098
1                        1                        1                        0.7758999999999999       3.6                      0.2777777777777778       5.371064139020055E-13    5.358036109091105E-13    0.25                     5.0E10                   2700                     4714.045207910317        2721.655269759087        2502.294445801098
1                        1                        1                        0.7758999999999999       3.7                      0.2702702702702703       5.36671389898147E-13     5.350278714959284E-13    0.25                     5.0E10                   2700                     4714.045207910317        2721.655269759087        2502.294445801098
1                        1                        1                        0.7758999999999999       3.8000000000000003       0.2631578947368421       5.363320928145709E-13    5.344001154494451E-13    0.25                     5.0E10                   2700                     4714.045207910317        2721.655269759087        2502.294445801098
1                        1                        1                        0.7758999999999999       3.9000000000000004       0.2564102564102564       5.362212628020872E-13    5.340563138967306E-13    0.25                     5.0E10                   2700                     4714.045207910317        2721.655269759087        2502.294445801098
1                        1                        1                        0.7758999999999999       4                        0.25                     5.361791833984099E-13    5.338396672132243E-13    0.25                     5.0E10                   2700                     4714.045207910317        2721.655269759087        2502.294445801098
1                        1                        1                        0.7758999999999999       4.1                      0.24390243902439027      5.362861051372114E-13    5.33828661137229E-13     0.25                     5.0E10                   2700                     4714.045207910317        2721.655269759087        2502.294445801098
1                        1                        1                        0.7758999999999999       4.2                      0.23809523809523808      5.365150524134387E-13    5.33995315495919E-13     0.25                     5.0E10                   2700                     4714.045207910317        2721.655269759087        2502.294445801098
1                        1                        1                        0.7758999999999999       4.3                      0.23255813953488372      5.368308685659266E-13    5.343020199084519E-13    0.25                     5.0E10                   2700                     4714.045207910317        2721.655269759087        2502.294445801098
1                        1                        1                        0.7758999999999999       4.3999999999999995       0.22727272727272732      5.371959537956662E-13    5.347076193081186E-13    0.25                     5.0E10                   2700                     4714.045207910317        2721.655269759087        2502.294445801098
1                        1                        1                        0.7758999999999999       4.5                      0.22222222222222224      5.375745837026818E-13    5.351719179418297E-13    0.25                     5.0E10                   2700                     4714.045207910317        2721.655269759087        2502.294445801098
1                        1                        1                        0.7758999999999999       4.6                      0.2173913043478261       5.379356102563634E-13    5.35658627610405E-13     0.25                     5.0E10                   2700                     4714.045207910317        2721.655269759087        2502.294445801098
1                        1                        1                        0.7758999999999999       4.7                      0.2127659574468085       5.382539022252746E-13    5.361370572711476E-13    0.25                     5.0E10                   2700                     4714.045207910317        2721.655269759087        2502.294445801098
1                        1                        1                        0.7758999999999999       4.8                      0.20833333333333334      5.385108342555238E-13    5.365828366022574E-13    0.25                     5.0E10                   2700                     4714.045207910317        2721.655269759087        2502.294445801098
1                        1                        1                        0.7758999999999999       4.9                      0.20408163265306117      5.386941080815732E-13    5.36977944872509E-13     0.25                     5.0E10                   2700                     4714.045207910317        2721.655269759087        2502.294445801098
1                        1                        1                        0.7758999999999999       5                        0.2                      5.38807457850675E-13     5.373112909173417E-13    0.25                     5.0E10                   2700                     4714.045207910317        2721.655269759087        2502.294445801098
1                        1                        1                        0.7758999999999999       5.1                      0.19607843137254904      5.388258624379904E-13    5.375728132312574E-13    0.25                     5.0E10                   2700                     4714.045207910317        2721.655269759087        2502.294445801098
1                        1                        1                        0.7758999999999999       5.2                      0.1923076923076923       5.387642621221817E-13    5.377617731681081E-13    0.25                     5.0E10                   2700                     4714.045207910317        2721.655269759087        2502.294445801098
1                        1                        1                        0.7758999999999999       5.3                      0.18867924528301888      5.386281328128917E-13    5.378793356319454E-13    0.25                     5.0E10                   2700                     4714.045207910317        2721.655269759087        2502.294445801098
1                        1                        1                        0.7758999999999999       5.4                      0.18518518518518517      5.384248775999663E-13    5.379291428535844E-13    0.25                     5.0E10                   2700                     4714.045207910317        2721.655269759087        2502.294445801098
1                        1                        1                        0.7758999999999999       5.5                      0.18181818181818182      5.381632464222424E-13    5.379167225557921E-13    0.25                     5.0E10                   2700                     4714.045207910317        2721.655269759087        2502.294445801098
1                        1                        1                        0.7758999999999999       5.6                      0.17857142857142858      5.378526926504687E-13    5.378488314295116E-13    0.25                     5.0E10                   2700                     4714.045207910317        2721.655269759087        2502.294445801098
1                        1                        1                        0.7758999999999999       5.7                      0.17543859649122806      5.375028569361087E-13    5.377329111645276E-13    0.25                     5.0E10                   2700                     4714.045207910317        2721.655269759087        2502.294445801098
1                        1                        1                        0.7758999999999999       5.8                      0.1724137931034483       5.371231709456682E-13    5.375766543620857E-13    0.25                     5.0E10                   2700                     4714.045207910317        2721.655269759087        2502.294445801098
1                        1                        1                        0.7758999999999999       5.9                      0.1694915254237288       5.36722568267273E-13     5.373876715269694E-13    0.25                     5.0E10                   2700                     4714.045207910317        2721.655269759087        2502.294445801098
1                        1                        1                        0.7758999999999999       6                        0.16666666666666666      5.363092869788625E-13    5.371732468067912E-13    0.25                     5.0E10                   2700                     4714.045207910317        2721.655269759087        2502.294445801098
1                        1                        1                        0.7758999999999999       6.1                      0.16393442622950818      5.358907477017508E-13    5.369401688705586E-13    0.25                     5.0E10                   2700                     4714.045207910317        2721.655269759087        2502.294445801098
1                        1                        1                        0.7758999999999999       6.2                      0.16129032258064518      5.354734919509656E-13    5.366946234154631E-13    0.25                     5.0E10                   2700                     4714.045207910317        2721.655269759087        2502.294445801098
1                        1                        1                        0.7758999999999999       6.3                      0.15873015873015872      5.350631666696436E-13    5.364421345584036E-13    0.25                     5.0E10                   2700                     4714.045207910317        2721.655269759087        2502.294445801098
1                        1                        1                        0.7758999999999999       6.4                      0.15625                  5.346645430974248E-13    5.361875439540172E-13    0.25                     5.0E10                   2700                     4714.045207910317        2721.655269759087        2502.294445801098
1                        1                        1                        0.7758999999999999       6.5                      0.15384615384615383      5.342815597399082E-13    5.359350179111432E-13    0.25                     5.0E10                   2700                     4714.045207910317        2721.655269759087        2502.294445801098
1                        1                        1                        0.7758999999999999       6.6                      0.15151515151515152      5.339173813659344E-13    5.356880745305237E-13    0.25                     5.0E10                   2700                     4714.045207910317        2721.655269759087        2502.294445801098
1                        1                        1                        0.7758999999999999       6.7                      0.1492537313432836       5.335744675099602E-13    5.354496243400284E-13    0.25                     5.0E10                   2700                     4714.045207910317        2721.655269759087        2502.294445801098
1                        1                        1                        0.7758999999999999       6.8                      0.14705882352941177      5.33255151990252E-13     5.352225198630834E-13    0.25                     5.0E10                   2700                     4714.045207910317        2721.655269759087        2502.294445801098
1                        1                        1                        0.7758999999999999       6.9                      0.14492753623188404      5.329597240000268E-13    5.350076369567093E-13    0.25                     5.0E10                   2700                     4714.045207910317        2721.655269759087        2502.294445801098
1                        1                        1                        0.7758999999999999       7                        0.14285714285714285      5.326894412206392E-13    5.348068433862753E-13    0.25                     5.0E10                   2700                     4714.045207910317        2721.655269759087        2502.294445801098
1                        1                        1                        0.7758999999999999       7.1                      0.14084507042253522      5.324446692256319E-13    5.346211393591323E-13    0.25                     5.0E10                   2700                     4714.045207910317        2721.655269759087        2502.294445801098
1                        1                        1                        0.7758999999999999       7.2                      0.1388888888888889       5.322254200312676E-13    5.344511809062202E-13    0.25                     5.0E10                   2700                     4714.045207910317        2721.655269759087        2502.294445801098
1                        1                        1                        0.7758999999999999       7.3                      0.13698630136986303      5.320314105131067E-13    5.342973286614275E-13    0.25                     5.0E10                   2700                     4714.045207910317        2721.655269759087        2502.294445801098
1                        1                        1                        0.7758999999999999       7.4                      0.13513513513513514      5.318621151775524E-13    5.341596928887201E-13    0.25                     5.0E10                   2700                     4714.045207910317        2721.655269759087        2502.294445801098
1                        1                        1                        0.7758999999999999       7.5                      0.13333333333333333      5.317168131467332E-13    5.340381744099292E-13    0.25                     5.0E10                   2700                     4714.045207910317        2721.655269759087        2502.294445801098
1                        1                        1                        0.7758999999999999       7.6                      0.13157894736842105      5.315946296350384E-13    5.339325014011895E-13    0.25                     5.0E10                   2700                     4714.045207910317        2721.655269759087        2502.294445801098
1                        1                        1                        0.7758999999999999       7.7                      0.12987012987012989      5.314945721369344E-13    5.338422620816471E-13    0.25                     5.0E10                   2700                     4714.045207910317        2721.655269759087        2502.294445801098
1                        1                        1                        0.7758999999999999       7.8                      0.12820512820512822      5.315455662894073E-13    5.338818380745158E-13    0.25                     5.0E10                   2700                     4714.045207910317        2721.655269759087        2502.294445801098
1                        1                        1                        0.7758999999999999       7.9                      0.12658227848101267      5.314812474154165E-13    5.338168409351501E-13    0.25                     5.0E10                   2700                     4714.045207910317        2721.655269759087        2502.294445801098
1                        1                        1                        0.7758999999999999       8                        0.125                    5.314357230981338E-13    5.337655196543225E-13    0.25                     5.0E10                   2700                     4714.045207910317        2721.655269759087        2502.294445801098
1                        1                        1                        0.7758999999999999       8.1                      0.1234567901234568       5.314078197824145E-13    5.337271664884733E-13    0.25                     5.0E10                   2700                     4714.045207910317        2721.655269759087        2502.294445801098
1                        1                        1                        0.7758999999999999       8.2                      0.12195121951219513      5.31396360089427E-13     5.337010432005489E-13    0.25                     5.0E10                   2700                     4714.045207910317        2721.655269759087        2502.294445801098
1                        1                        1                        0.7758999999999999       8.3                      0.12048192771084336      5.314001757601876E-13    5.336863941543634E-13    0.25                     5.0E10                   2700                     4714.045207910317        2721.655269759087        2502.294445801098
1                        1                        1                        0.7758999999999999       8.4                      0.11904761904761904      5.314181181340722E-13    5.336824572502519E-13    0.25                     5.0E10                   2700                     4714.045207910317        2721.655269759087        2502.294445801098
1                        1                        1                        0.7758999999999999       8.5                      0.11764705882352941      5.314490665896397E-13    5.336884730083714E-13    0.25                     5.0E10                   2700                     4714.045207910317        2721.655269759087        2502.294445801098
1                        1                        1                        0.7758999999999999       8.6                      0.11627906976744186      5.314919351535365E-13    5.337036920077139E-13    0.25                     5.0E10                   2700                     4714.045207910317        2721.655269759087        2502.294445801098
1                        1                        1                        0.7758999999999999       8.7                      0.11494252873563218      5.315456775991458E-13    5.337273808920121E-13    0.25                     5.0E10                   2700                     4714.045207910317        2721.655269759087        2502.294445801098
1                        1                        1                        0.7758999999999999       8.8                      0.11363636363636362      5.316092911775704E-13    5.33758827132176E-13     0.25                     5.0E10                   2700                     4714.045207910317        2721.655269759087        2502.294445801098
1                        1                        1                        0.7758999999999999       8.9                      0.11235955056179775      5.316818192697975E-13    5.337973427273959E-13    0.25                     5.0E10                   2700                     4714.045207910317        2721.655269759087        2502.294445801098
1                        1                        1                        0.7758999999999999       9                        0.11111111111111112      5.317623530883967E-13    5.338422669984099E-13    0.25                     5.0E10                   2700                     4714.045207910317        2721.655269759087        2502.294445801098
1                        1                        1                        0.7758999999999999       9.1                      0.1098901098901099       5.318500325615196E-13    5.338929685828348E-13    0.25                     5.0E10                   2700                     4714.045207910317        2721.655269759087        2502.294445801098
1                        1                        1                        0.7758999999999999       9.2                      0.10869565217391305      5.319440465893535E-13    5.339488467915544E-13    0.25                     5.0E10                   2700                     4714.045207910317        2721.655269759087        2502.294445801098
1                        1                        1                        0.7758999999999999       9.3                      0.10752688172043011      5.320436327686358E-13    5.340093324084872E-13    0.25                     5.0E10                   2700                     4714.045207910317        2721.655269759087        2502.294445801098
1                        1                        1                        0.7758999999999999       9.4                      0.10638297872340426      5.32148076660157E-13     5.340738880318986E-13    0.25                     5.0E10                   2700                     4714.045207910317        2721.655269759087        2502.294445801098
1                        1                        1                        0.7758999999999999       9.5                      0.10526315789473685      5.322567107542336E-13    5.341420080439792E-13    0.25                     5.0E10                   2700                     4714.045207910317        2721.655269759087        2502.294445801098
1                        1                        1                        0.7758999999999999       9.6                      0.10416666666666667      5.32368913078836E-13     5.342132182444495E-13    0.25                     5.0E10                   2700                     4714.045207910317        2721.655269759087        2502.294445801098
1                        1                        1                        0.7758999999999999       9.700000000000001        0.1030927835051546       5.324841056935841E-13    5.34287075274872E-13     0.25                     5.0E10                   2700                     4714.045207910317        2721.655269759087        2502.294445801098
1                        1                        1                        0.7758999999999999       9.8                      0.10204081632653059      5.326017530020193E-13    5.34363165834162E-13     0.25                     5.0E10                   2700                     4714.045207910317        2721.655269759087        2502.294445801098
1                        1                        1                        0.7758999999999999       9.9                      0.101010101010101        5.327213598981254E-13    5.344411057089847E-13    0.25                     5.0E10                   2700                     4714.045207910317        2721.655269759087        2502.294445801098
1                        1                        1                        0.7758999999999999       10                       0.1                      5.327655228959587E-13    5.344406702730176E-13    0.25                     5.0E10                   2700                     4714.045207910317        2721.655269759087        2502.294445801098
