1                        1                        1                        0.19990000000000002      0.1                      10                       5.331349404839412E-13    5.331377452775344E-13    0.25                     5.0E10                   2700                     4714.045207910317        2721.655269759087        2502.294445801098
1                        1                        1                        0.19990000000000002      0.2                      5                        5.334836261140512E-13    5.331482389979465E-13    0.25                     5.0E10                   2700                     4714.045207910317        2721.655269759087        2502.294445801098
1                        1                        1                        0.19990000000000002      0.30000000000000004      3.3333333333333326       5.366794096011508E-13    5.363282186132231E-13    0.25                     5.0E10                   2700                     4714.045207910317        2721.655269759087        2502.294445801098
1                        1                        1                        0.19990000000000002      0.4                      2.5                      5.329267124001287E-13    5.33186989954027E-13     0.25                     5.0E10                   2700                     4714.045207910317        2721.655269759087        2502.294445801098
1                        1                        1                        0.19990000000000002      0.5                      2                        5.33150983101405E-13     5.331664374805682E-13    0.25                     5.0E10                   2700                     4714.045207910317        2721.655269759087        2502.294445801098
1                        1                        1                        0.19990000000000002      0.6                      1.6666666666666667       5.366684746033428E-13    5.366626645309003E-13    0.25                     5.0E10                   2700                     4714.045207910317        2721.655269759087        2502.294445801098
1                        1                        1                        0.19990000000000002      0.7000000000000001       1.4285714285714284       5.373729346000932E-13    5.373656927820902E-13    0.25                     5.0E10                   2700                     4714.045207910317        2721.655269759087        2502.294445801098
1                        1                        1                        0.19990000000000002      0.8                      1.25                     5.346785272889653E-13    5.333701376810791E-13    0.25                     5.0E10                   2700                     4714.045207910317        2721.655269759087        2502.294445801098
1                        1                        1                        0.19990000000000002      0.9                      1.1111111111111112       5.325229530125387E-13    5.33822063673673E-13     0.25                     5.0E10                   2700                     4714.045207910317        2721.655269759087        2502.294445801098
1                        1                        1                        0.19990000000000002      1                        1                        5.348357629651596E-13    5.331360301188691E-13    0.25                     5.0E10                   2700                     4714.045207910317        2721.655269759087        2502.294445801098
1                        1                        1                        0.19990000000000002      1.1                      0.909090909090909        5.351888759535894E-13    5.359177194904838E-13    0.25                     5.0E10                   2700                     4714.045207910317        2721.655269759087        2502.294445801098
1                        1                        1                        0.19990000000000002      1.2000000000000002       0.8333333333333331       5.356270082485464E-13    5.365705583490784E-13    0.25                     5.0E10                   2700                     4714.045207910317        2721.655269759087        2502.294445801098
1                        1                        1                        0.19990000000000002      1.3000000000000003       0.769230769230769        5.361328226911448E-13    5.345585159549625E-13    0.25                     5.0E10                   2700                     4714.045207910317        2721.655269759087        2502.294445801098
1                        1                        1                        0.19990000000000002      1.4000000000000001       0.7142857142857142       5.376696027162515E-13    5.360704952010361E-13    0.25                     5.0E10                   2700                     4714.045207910317        2721.655269759087        2502.294445801098
1                        1                        1                        0.19990000000000002      1.5000000000000002       0.6666666666666665       5.363806505135486E-13    5.369336145092213E-13    0.25                     5.0E10                   2700                     4714.045207910317        2721.655269759087        2502.294445801098
1                        1                        1                        0.19990000000000002      1.6                      0.625                    5.317191879831075E-13    5.336635243901508E-13    0.25                     5.0E10                   2700                     4714.045207910317        2721.655269759087        2502.294445801098
1                        1                        1                        0.19990000000000002      1.7000000000000002       0.588235294117647        5.346907686821981E-13    5.362175688148439E-13    0.25                     5.0E10                   2700                     4714.045207910317        2721.655269759087        2502.294445801098
1                        1                        1                        0.19990000000000002      1.8000000000000003       0.5555555555555555       5.378489501156084E-13    5.379161542477694E-13    0.25                     5.0E10                   2700                     4714.045207910317        2721.655269759087        2502.294445801098
1                        1                        1                        0.19990000000000002      1.9000000000000001       0.5263157894736842       5.368983246304679E-13    5.355219109322423E-13    0.25                     5.0E10                   2700                     4714.045207910317        2721.655269759087        2502.294445801098
1                        1                        1                        0.19990000000000002      2                        0.5                      5.360527514625665E-13    5.338483251727584E-13    0.25                     5.0E10                   2700                     4714.045207910317        2721.655269759087        2502.294445801098
1                        1                        1                        0.19990000000000002      2.1                      0.47619047619047616      5.37149522649126E-13     5.349511174456405E-13    0.25                     5.0E10                   2700                     4714.045207910317        2721.655269759087        2502.294445801098
1                        1                        1                        0.19990000000000002      2.2                      0.4545454545454545       5.386160199385768E-13    5.371339977747434E-13    0.25                     5.0E10                   2700                     4714.045207910317        2721.655269759087        2502.294445801098
1                        1                        1                        0.19990000000000002      2.3000000000000003       0.43478260869565216      5.384421071302736E-13    5.380549785257418E-13    0.25                     5.0E10                   2700                     4714.045207910317        2721.655269759087        2502.294445801098
1                        1                        1                        0.19990000000000002      2.4000000000000004       0.4166666666666666       5.364777209906158E-13    5.371893396517154E-13    0.25                     5.0E10                   2700                     4714.045207910317        2721.655269759087        2502.294445801098
1                        1                        1                        0.19990000000000002      2.5000000000000004       0.3999999999999999       5.339578103568116E-13    5.355050966855845E-13    0.25                     5.0E10                   2700                     4714.045207910317        2721.655269759087        2502.294445801098
1                        1                        1                        0.19990000000000002      2.6                      0.3846153846153846       5.321350376223119E-13    5.341678020668135E-13    0.25                     5.0E10                   2700                     4714.045207910317        2721.655269759087        2502.294445801098
1                        1                        1                        0.19990000000000002      2.7                      0.37037037037037035      5.31613749791354E-13     5.337985021556846E-13    0.25                     5.0E10                   2700                     4714.045207910317        2721.655269759087        2502.294445801098
1                        1                        1                        0.19990000000000002      2.8000000000000003       0.3571428571428571       5.322974407823234E-13    5.343723144901182E-13    0.25                     5.0E10                   2700                     4714.045207910317        2721.655269759087        2502.294445801098
1                        1                        1                        0.19990000000000002      2.9000000000000004       0.3448275862068965       5.337077041488736E-13    5.354916770497853E-13    0.25                     5.0E10                   2700                     4714.045207910317        2721.655269759087        2502.294445801098
1                        1                        1                        0.19990000000000002      3.0000000000000004       0.33333333333333326      5.352955329885526E-13    5.366772445139532E-13    0.25                     5.0E10                   2700                     4714.045207910317        2721.655269759087        2502.294445801098
1                        1                        1                        0.19990000000000002      3.1                      0.32258064516129037      5.366388074665883E-13    5.375596891321683E-13    0.25                     5.0E10                   2700                     4714.045207910317        2721.655269759087        2502.294445801098
1                        1                        1                        0.19990000000000002      3.2                      0.3125                   5.37515323717368E-13     5.379538999734666E-13    0.25                     5.0E10                   2700                     4714.045207910317        2721.655269759087        2502.294445801098
1                        1                        1                        0.19990000000000002      3.3000000000000003       0.30303030303030304      5.37887030744233E-13     5.37846941772545E-13     0.25                     5.0E10                   2700                     4714.045207910317        2721.655269759087        2502.294445801098
1                        1                        1                        0.19990000000000002      3.4000000000000004       0.2941176470588235       5.378795356330837E-13    5.373618258740838E-13    0.25                     5.0E10                   2700                     4714.045207910317        2721.655269759087        2502.294445801098
1                        1                        1                        0.19990000000000002      3.5000000000000004       0.2857142857142857       5.375503101072738E-13    5.366050482327685E-13    0.25                     5.0E10                   2700                     4714.045207910317        2721.655269759087        2502.294445801098
1                        1                        1                        0.19990000000000002      3.6                      0.2777777777777778       5.371027226913012E-13    5.357715277719223E-13    0.25                     5.0E10                   2700                     4714.045207910317        2721.655269759087        2502.294445801098
1                        1                        1                        0.19990000000000002      3.7                      0.2702702702702703       5.366647820950682E-13    5.349955533350973E-13    0.25                     5.0E10                   2700                     4714.045207910317        2721.655269759087        2502.294445801098
1                        1                        1                        0.19990000000000002      3.8000000000000003       0.2631578947368421       5.363243365000536E-13    5.343696635608183E-13    0.25                     5.0E10                   2700                     4714.045207910317        2721.655269759087        2502.294445801098
1                        1                        1                        0.19990000000000002      3.9000000000000004       0.2564102564102564       5.361296276322568E-13    5.339451324290777E-13    0.25                     5.0E10                   2700                     4714.045207910317        2721.655269759087        2502.294445801098
1                        1                        1                        0.19990000000000002      4                        0.25                     5.360946450587961E-13    5.337375092461777E-13    0.25                     5.0E10                   2700                     4714.045207910317        2721.655269759087        2502.294445801098
1                        1                        1                        0.19990000000000002      4.1                      0.24390243902439027      5.362082770200051E-13    5.337357578170293E-13    0.25                     5.0E10                   2700                     4714.045207910317        2721.655269759087        2502.294445801098
1                        1                        1                        0.19990000000000002      4.2                      0.23809523809523808      5.364433468944587E-13    5.339113605972442E-13    0.25                     5.0E10                   2700                     4714.045207910317        2721.655269759087        2502.294445801098
1                        1                        1                        0.19990000000000002      4.3                      0.23255813953488372      5.367644002660507E-13    5.342262351600648E-13    0.25                     5.0E10                   2700                     4714.045207910317        2721.655269759087        2502.294445801098
1                        1                        1                        0.19990000000000002      4.3999999999999995       0.22727272727272732      5.371337337820247E-13    5.346389488545573E-13    0.25                     5.0E10                   2700                     4714.045207910317        2721.655269759087        2502.294445801098
1                        1                        1                        0.19990000000000002      4.5                      0.22222222222222224      5.375156392215967E-13    5.35109188537271E-13     0.25                     5.0E10                   2700                     4714.045207910317        2721.655269759087        2502.294445801098
1                        1                        1                        0.19990000000000002      4.6                      0.2173913043478261       5.378790757668515E-13    5.35600678165717E-13     0.25                     5.0E10                   2700                     4714.045207910317        2721.655269759087        2502.294445801098
1                        1                        1                        0.19990000000000002      4.7                      0.2127659574468085       5.381990761677993E-13    5.360828305401302E-13    0.25                     5.0E10                   2700                     4714.045207910317        2721.655269759087        2502.294445801098
1                        1                        1                        0.19990000000000002      4.8                      0.20833333333333334      5.384572037695806E-13    5.365314340921947E-13    0.25                     5.0E10                   2700                     4714.045207910317        2721.655269759087        2502.294445801098
1                        1                        1                        0.19990000000000002      4.9                      0.20408163265306117      5.386419146565983E-13    5.369291687186632E-13    0.25                     5.0E10                   2700                     4714.045207910317        2721.655269759087        2502.294445801098
1                        1                        1                        0.19990000000000002      5                        0.2                      5.387537856130841E-13    5.372620229669299E-13    0.25                     5.0E10                   2700                     4714.045207910317        2721.655269759087        2502.294445801098
1                        1                        1                        0.19990000000000002      5.1                      0.19607843137254904      5.387690731777398E-13    5.375229932060285E-13    0.25                     5.0E10                   2700                     4714.045207910317        2721.655269759087        2502.294445801098
1                        1                        1                        0.19990000000000002      5.2                      0.1923076923076923       5.387050366203061E-13    5.377111561135826E-13    0.25                     5.0E10                   2700                     4714.045207910317        2721.655269759087        2502.294445801098
1                        1                        1                        0.19990000000000002      5.3                      0.18867924528301888      5.385671549678785E-13    5.378278249068838E-13    0.25                     5.0E10                   2700                     4714.045207910317        2721.655269759087        2502.294445801098
1                        1                        1                        0.19990000000000002      5.4                      0.18518518518518517      5.383629364650039E-13    5.378768737276957E-13    0.25                     5.0E10                   2700                     4714.045207910317        2721.655269759087        2502.294445801098
1                        1                        1                        0.19990000000000002      5.5                      0.18181818181818182      5.38101163626177E-13     5.378639846231043E-13    0.25                     5.0E10                   2700                     4714.045207910317        2721.655269759087        2502.294445801098
1                        1                        1                        0.19990000000000002      5.6                      0.17857142857142858      5.377912651758777E-13    5.37796002900195E-13     0.25                     5.0E10                   2700                     4714.045207910317        2721.655269759087        2502.294445801098
1                        1                        1                        0.19990000000000002      5.7                      0.17543859649122806      5.374428151597506E-13    5.37680406164868E-13     0.25                     5.0E10                   2700                     4714.045207910317        2721.655269759087        2502.294445801098
1                        1                        1                        0.19990000000000002      5.8                      0.1724137931034483       5.370651506397439E-13    5.375248829709167E-13    0.25                     5.0E10                   2700                     4714.045207910317        2721.655269759087        2502.294445801098
1                        1                        1                        0.19990000000000002      5.9                      0.1694915254237288       5.366670945563022E-13    5.373370113506588E-13    0.25                     5.0E10                   2700                     4714.045207910317        2721.655269759087        2502.294445801098
1                        1                        1                        0.19990000000000002      6                        0.16666666666666666      5.362567679448446E-13    5.371240244422767E-13    0.25                     5.0E10                   2700                     4714.045207910317        2721.655269759087        2502.294445801098
1                        1                        1                        0.19990000000000002      6.1                      0.16393442622950818      5.358414755000342E-13    5.368926494738145E-13    0.25                     5.0E10                   2700                     4714.045207910317        2721.655269759087        2502.294445801098
1                        1                        1                        0.19990000000000002      6.2                      0.16129032258064518      5.354276492386047E-13    5.366490065513521E-13    0.25                     5.0E10                   2700                     4714.045207910317        2721.655269759087        2502.294445801098
1                        1                        1                        0.19990000000000002      6.3                      0.15873015873015872      5.350208366655749E-13    5.363985547493951E-13    0.25                     5.0E10                   2700                     4714.045207910317        2721.655269759087        2502.294445801098
1                        1                        1                        0.19990000000000002      6.4                      0.15625                  5.346257217714913E-13    5.361460745214478E-13    0.25                     5.0E10                   2700                     4714.045207910317        2721.655269759087        2502.294445801098
1                        1                        1                        0.19990000000000002      6.5                      0.15384615384615383      5.342461690054073E-13    5.358956769626874E-13    0.25                     5.0E10                   2700                     4714.045207910317        2721.655269759087        2502.294445801098
1                        1                        1                        0.19990000000000002      6.6                      0.15151515151515152      5.338852823522519E-13    5.356508321550411E-13    0.25                     5.0E10                   2700                     4714.045207910317        2721.655269759087        2502.294445801098
1                        1                        1                        0.19990000000000002      6.7                      0.1492537313432836       5.335454733495806E-13    5.354144103319695E-13    0.25                     5.0E10                   2700                     4714.045207910317        2721.655269759087        2502.294445801098
1                        1                        1                        0.19990000000000002      6.8                      0.14705882352941177      5.332285332512955E-13    5.351887308872182E-13    0.25                     5.0E10                   2700                     4714.045207910317        2721.655269759087        2502.294445801098
1                        1                        1                        0.19990000000000002      6.9                      0.14492753623188404      5.329357057717861E-13    5.349756154156676E-13    0.25                     5.0E10                   2700                     4714.045207910317        2721.655269759087        2502.294445801098
1                        1                        1                        0.19990000000000002      7                        0.14285714285714285      5.326677579978413E-13    5.347764420005509E-13    0.25                     5.0E10                   2700                     4714.045207910317        2721.655269759087        2502.294445801098
1                        1                        1                        0.19990000000000002      7.1                      0.14084507042253522      5.32425047617912E-13     5.345921986449795E-13    0.25                     5.0E10                   2700                     4714.045207910317        2721.655269759087        2502.294445801098
1                        1                        1                        0.19990000000000002      7.2                      0.1388888888888889       5.322075855036352E-13    5.344235344724526E-13    0.25                     5.0E10                   2700                     4714.045207910317        2721.655269759087        2502.294445801098
1                        1                        1                        0.19990000000000002      7.3                      0.13698630136986303      5.320170399515687E-13    5.342726467467369E-13    0.25                     5.0E10                   2700                     4714.045207910317        2721.655269759087        2502.294445801098
1                        1                        1                        0.19990000000000002      7.4                      0.13513513513513514      5.318490626389444E-13    5.341360316282334E-13    0.25                     5.0E10                   2700                     4714.045207910317        2721.655269759087        2502.294445801098
1                        1                        1                        0.19990000000000002      7.5                      0.13333333333333333      5.317048280450966E-13    5.340153698638143E-13    0.25                     5.0E10                   2700                     4714.045207910317        2721.655269759087        2502.294445801098
1                        1                        1                        0.19990000000000002      7.6                      0.13157894736842105      5.315834759926357E-13    5.33910396308564E-13     0.25                     5.0E10                   2700                     4714.045207910317        2721.655269759087        2502.294445801098
1                        1                        1                        0.19990000000000002      7.7                      0.12987012987012989      5.314840303303658E-13    5.338207076515606E-13    0.25                     5.0E10                   2700                     4714.045207910317        2721.655269759087        2502.294445801098
1                        1                        1                        0.19990000000000002      7.8                      0.12820512820512822      5.314054295654286E-13    5.337457906929993E-13    0.25                     5.0E10                   2700                     4714.045207910317        2721.655269759087        2502.294445801098
1                        1                        1                        0.19990000000000002      7.9                      0.12658227848101267      5.313465531597065E-13    5.336850470203809E-13    0.25                     5.0E10                   2700                     4714.045207910317        2721.655269759087        2502.294445801098
1                        1                        1                        0.19990000000000002      8                        0.125                    5.313062437841788E-13    5.336378143404775E-13    0.25                     5.0E10                   2700                     4714.045207910317        2721.655269759087        2502.294445801098
1                        1                        1                        0.19990000000000002      8.1                      0.1234567901234568       5.312833261547338E-13    5.336033848333599E-13    0.25                     5.0E10                   2700                     4714.045207910317        2721.655269759087        2502.294445801098
1                        1                        1                        0.19990000000000002      8.2                      0.12195121951219513      5.312766225536822E-13    5.335810206976769E-13    0.25                     5.0E10                   2700                     4714.045207910317        2721.655269759087        2502.294445801098
1                        1                        1                        0.19990000000000002      8.3                      0.12048192771084336      5.312849657342124E-13    5.335699673270268E-13    0.25                     5.0E10                   2700                     4714.045207910317        2721.655269759087        2502.294445801098
1                        1                        1                        0.19990000000000002      8.4                      0.11904761904761904      5.313072092970555E-13    5.335694642768714E-13    0.25                     5.0E10                   2700                     4714.045207910317        2721.655269759087        2502.294445801098
1                        1                        1                        0.19990000000000002      8.5                      0.11764705882352941      5.313422360206133E-13    5.335787543354338E-13    0.25                     5.0E10                   2700                     4714.045207910317        2721.655269759087        2502.294445801098
1                        1                        1                        0.19990000000000002      8.6                      0.11627906976744186      5.313889643602839E-13    5.33597090946923E-13     0.25                     5.0E10                   2700                     4714.045207910317        2721.655269759087        2502.294445801098
1                        1                        1                        0.19990000000000002      8.7                      0.11494252873563218      5.314463533918138E-13    5.336237441564478E-13    0.25                     5.0E10                   2700                     4714.045207910317        2721.655269759087        2502.294445801098
1                        1                        1                        0.19990000000000002      8.8                      0.11363636363636362      5.315134064265881E-13    5.336580053246019E-13    0.25                     5.0E10                   2700                     4714.045207910317        2721.655269759087        2502.294445801098
1                        1                        1                        0.19990000000000002      8.9                      0.11235955056179775      5.315891735321169E-13    5.336991907595377E-13    0.25                     5.0E10                   2700                     4714.045207910317        2721.655269759087        2502.294445801098
1                        1                        1                        0.19990000000000002      9                        0.11111111111111112      5.316727531041711E-13    5.337466444459872E-13    0.25                     5.0E10                   2700                     4714.045207910317        2721.655269759087        2502.294445801098
1                        1                        1                        0.19990000000000002      9.1                      0.1098901098901099       5.317632926482805E-13    5.337997399757883E-13    0.25                     5.0E10                   2700                     4714.045207910317        2721.655269759087        2502.294445801098
1                        1                        1                        0.19990000000000002      9.2                      0.10869565217391305      5.31859988917675E-13     5.338578818328674E-13    0.25                     5.0E10                   2700                     4714.045207910317        2721.655269759087        2502.294445801098
1                        1                        1                        0.19990000000000002      9.3                      0.10752688172043011      5.319620875466166E-13    5.339205061404483E-13    0.25                     5.0E10                   2700                     4714.045207910317        2721.655269759087        2502.294445801098
1                        1                        1                        0.19990000000000002      9.4                      0.10638297872340426      5.320688822428788E-13    5.339870809437975E-13    0.25                     5.0E10                   2700                     4714.045207910317        2721.655269759087        2502.294445801098
1                        1                        1                        0.19990000000000002      9.5                      0.10526315789473685      5.321797136613317E-13    5.340571061234008E-13    0.25                     5.0E10                   2700                     4714.045207910317        2721.655269759087        2502.294445801098
1                        1                        1                        0.19990000000000002      9.6                      0.10416666666666667      5.322939679503561E-13    5.341301129871675E-13    0.25                     5.0E10                   2700                     4714.045207910317        2721.655269759087        2502.294445801098
1                        1                        1                        0.19990000000000002      9.700000000000001        0.1030927835051546       5.324110751971841E-13    5.342056636545299E-13    0.25                     5.0E10                   2700                     4714.045207910317        2721.655269759087        2502.294445801098
1                        1                        1                        0.19990000000000002      9.8                      0.10204081632653059      5.325305076864834E-13    5.342833502311901E-13    0.25                     5.0E10                   2700                     4714.045207910317        2721.655269759087        2502.294445801098
1                        1                        1                        0.19990000000000002      9.9                      0.101010101010101        5.326517779948787E-13    5.343627938103039E-13    0.25                     5.0E10                   2700                     4714.045207910317        2721.655269759087        2502.294445801098
1                        1                        1                        0.19990000000000002      10                       0.1                      5.327832377789695E-13    5.344045904200633E-13    0.25                     5.0E10                   2700                     4714.045207910317        2721.655269759087        2502.294445801098
