1                        1                        1                        0.6121                   0.1                      10                       5.331472399665634E-13    5.331497442245732E-13    0.25                     5.0E10                   2700                     4714.045207910317        2721.655269759087        2502.294445801098
1                        1                        1                        0.6121                   0.2                      5                        5.33495694731263E-13     5.331606560952667E-13    0.25                     5.0E10                   2700                     4714.045207910317        2721.655269759087        2502.294445801098
1                        1                        1                        0.6121                   0.30000000000000004      3.3333333333333326       5.366656391969589E-13    5.36314824667646E-13     0.25                     5.0E10                   2700                     4714.045207910317        2721.655269759087        2502.294445801098
1                        1                        1                        0.6121                   0.4                      2.5                      5.329622557658476E-13    5.332270343364502E-13    0.25                     5.0E10                   2700                     4714.045207910317        2721.655269759087        2502.294445801098
1                        1                        1                        0.6121                   0.5                      2                        5.332077310602305E-13    5.332196199182953E-13    0.25                     5.0E10                   2700                     4714.045207910317        2721.655269759087        2502.294445801098
1                        1                        1                        0.6121                   0.6                      1.6666666666666667       5.366050367722091E-13    5.365955763655891E-13    0.25                     5.0E10                   2700                     4714.045207910317        2721.655269759087        2502.294445801098
1                        1                        1                        0.6121                   0.7000000000000001       1.4285714285714284       5.373496635216594E-13    5.37347858077207E-13     0.25                     5.0E10                   2700                     4714.045207910317        2721.655269759087        2502.294445801098
1                        1                        1                        0.6121                   0.8                      1.25                     5.345879949516768E-13    5.332924430895998E-13    0.25                     5.0E10                   2700                     4714.045207910317        2721.655269759087        2502.294445801098
1                        1                        1                        0.6121                   0.9                      1.1111111111111112       5.323814344701707E-13    5.33692929817698E-13     0.25                     5.0E10                   2700                     4714.045207910317        2721.655269759087        2502.294445801098
1                        1                        1                        0.6121                   1                        1                        5.349189264509179E-13    5.332547059171463E-13    0.25                     5.0E10                   2700                     4714.045207910317        2721.655269759087        2502.294445801098
1                        1                        1                        0.6121                   1.1                      0.909090909090909        5.352536868814927E-13    5.360451858087206E-13    0.25                     5.0E10                   2700                     4714.045207910317        2721.655269759087        2502.294445801098
1                        1                        1                        0.6121                   1.2000000000000002       0.8333333333333331       5.356105904291819E-13    5.366347315639288E-13    0.25                     5.0E10                   2700                     4714.045207910317        2721.655269759087        2502.294445801098
1                        1                        1                        0.6121                   1.3000000000000003       0.769230769230769        5.362250745847437E-13    5.346596959364512E-13    0.25                     5.0E10                   2700                     4714.045207910317        2721.655269759087        2502.294445801098
1                        1                        1                        0.6121                   1.4000000000000001       0.7142857142857142       5.377540105713991E-13    5.360677504954243E-13    0.25                     5.0E10                   2700                     4714.045207910317        2721.655269759087        2502.294445801098
1                        1                        1                        0.6121                   1.5000000000000002       0.6666666666666665       5.364581651878229E-13    5.369723607159081E-13    0.25                     5.0E10                   2700                     4714.045207910317        2721.655269759087        2502.294445801098
1                        1                        1                        0.6121                   1.6                      0.625                    5.318138748517136E-13    5.338052011624973E-13    0.25                     5.0E10                   2700                     4714.045207910317        2721.655269759087        2502.294445801098
1                        1                        1                        0.6121                   1.7000000000000002       0.588235294117647        5.348031047571234E-13    5.363392464097927E-13    0.25                     5.0E10                   2700                     4714.045207910317        2721.655269759087        2502.294445801098
1                        1                        1                        0.6121                   1.8000000000000003       0.5555555555555555       5.379042621345116E-13    5.379976148608726E-13    0.25                     5.0E10                   2700                     4714.045207910317        2721.655269759087        2502.294445801098
1                        1                        1                        0.6121                   1.9000000000000001       0.5263157894736842       5.369285443489886E-13    5.355908891531446E-13    0.25                     5.0E10                   2700                     4714.045207910317        2721.655269759087        2502.294445801098
1                        1                        1                        0.6121                   2                        0.5                      5.359475161849467E-13    5.337838558824112E-13    0.25                     5.0E10                   2700                     4714.045207910317        2721.655269759087        2502.294445801098
1                        1                        1                        0.6121                   2.1                      0.47619047619047616      5.371325378028603E-13    5.349488558074107E-13    0.25                     5.0E10                   2700                     4714.045207910317        2721.655269759087        2502.294445801098
1                        1                        1                        0.6121                   2.2                      0.4545454545454545       5.386042039219643E-13    5.371276519280999E-13    0.25                     5.0E10                   2700                     4714.045207910317        2721.655269759087        2502.294445801098
1                        1                        1                        0.6121                   2.3000000000000003       0.43478260869565216      5.384394521161147E-13    5.380501983683327E-13    0.25                     5.0E10                   2700                     4714.045207910317        2721.655269759087        2502.294445801098
1                        1                        1                        0.6121                   2.4000000000000004       0.4166666666666666       5.364834674452879E-13    5.371885674394208E-13    0.25                     5.0E10                   2700                     4714.045207910317        2721.655269759087        2502.294445801098
1                        1                        1                        0.6121                   2.5000000000000004       0.3999999999999999       5.339541768760935E-13    5.35498439151099E-13     0.25                     5.0E10                   2700                     4714.045207910317        2721.655269759087        2502.294445801098
1                        1                        1                        0.6121                   2.6                      0.3846153846153846       5.321247326501191E-13    5.341589948402463E-13    0.25                     5.0E10                   2700                     4714.045207910317        2721.655269759087        2502.294445801098
1                        1                        1                        0.6121                   2.7                      0.37037037037037035      5.315963731932015E-13    5.337857592388636E-13    0.25                     5.0E10                   2700                     4714.045207910317        2721.655269759087        2502.294445801098
1                        1                        1                        0.6121                   2.8000000000000003       0.3571428571428571       5.322760490752797E-13    5.343571173207285E-13    0.25                     5.0E10                   2700                     4714.045207910317        2721.655269759087        2502.294445801098
1                        1                        1                        0.6121                   2.9000000000000004       0.3448275862068965       5.336859506099924E-13    5.354762472224335E-13    0.25                     5.0E10                   2700                     4714.045207910317        2721.655269759087        2502.294445801098
1                        1                        1                        0.6121                   3.0000000000000004       0.33333333333333326      5.352762388310549E-13    5.366633494538261E-13    0.25                     5.0E10                   2700                     4714.045207910317        2721.655269759087        2502.294445801098
1                        1                        1                        0.6121                   3.1                      0.32258064516129037      5.367087882201279E-13    5.376060654956428E-13    0.25                     5.0E10                   2700                     4714.045207910317        2721.655269759087        2502.294445801098
1                        1                        1                        0.6121                   3.2                      0.3125                   5.375720074997845E-13    5.379910780489494E-13    0.25                     5.0E10                   2700                     4714.045207910317        2721.655269759087        2502.294445801098
1                        1                        1                        0.6121                   3.3000000000000003       0.30303030303030304      5.379355626886118E-13    5.378788557448915E-13    0.25                     5.0E10                   2700                     4714.045207910317        2721.655269759087        2502.294445801098
1                        1                        1                        0.6121                   3.4000000000000004       0.2941176470588235       5.378943884836922E-13    5.373870101072021E-13    0.25                     5.0E10                   2700                     4714.045207910317        2721.655269759087        2502.294445801098
1                        1                        1                        0.6121                   3.5000000000000004       0.2857142857142857       5.375697587656136E-13    5.36636061959886E-13     0.25                     5.0E10                   2700                     4714.045207910317        2721.655269759087        2502.294445801098
1                        1                        1                        0.6121                   3.6                      0.2777777777777778       5.371253385281767E-13    5.358053841276572E-13    0.25                     5.0E10                   2700                     4714.045207910317        2721.655269759087        2502.294445801098
1                        1                        1                        0.6121                   3.7                      0.2702702702702703       5.366882224668322E-13    5.350287199660197E-13    0.25                     5.0E10                   2700                     4714.045207910317        2721.655269759087        2502.294445801098
1                        1                        1                        0.6121                   3.8000000000000003       0.2631578947368421       5.363469673810746E-13    5.343995203058747E-13    0.25                     5.0E10                   2700                     4714.045207910317        2721.655269759087        2502.294445801098
1                        1                        1                        0.6121                   3.9000000000000004       0.2564102564102564       5.361500890255875E-13    5.339697309013236E-13    0.25                     5.0E10                   2700                     4714.045207910317        2721.655269759087        2502.294445801098
1                        1                        1                        0.6121                   4                        0.25                     5.361123932799985E-13    5.337559538265894E-13    0.25                     5.0E10                   2700                     4714.045207910317        2721.655269759087        2502.294445801098
1                        1                        1                        0.6121                   4.1                      0.24390243902439027      5.362234134672781E-13    5.337480268039302E-13    0.25                     5.0E10                   2700                     4714.045207910317        2721.655269759087        2502.294445801098
1                        1                        1                        0.6121                   4.2                      0.23809523809523808      5.3645642849878E-13      5.339180774144545E-13    0.25                     5.0E10                   2700                     4714.045207910317        2721.655269759087        2502.294445801098
1                        1                        1                        0.6121                   4.3                      0.23255813953488372      5.367762327229602E-13    5.342284215739661E-13    0.25                     5.0E10                   2700                     4714.045207910317        2721.655269759087        2502.294445801098
1                        1                        1                        0.6121                   4.3999999999999995       0.22727272727272732      5.371451908685597E-13    5.346378053343828E-13    0.25                     5.0E10                   2700                     4714.045207910317        2721.655269759087        2502.294445801098
1                        1                        1                        0.6121                   4.5                      0.22222222222222224      5.375275275575278E-13    5.351059227130438E-13    0.25                     5.0E10                   2700                     4714.045207910317        2721.655269759087        2502.294445801098
1                        1                        1                        0.6121                   4.6                      0.2173913043478261       5.378920487345383E-13    5.355963863320766E-13    0.25                     5.0E10                   2700                     4714.045207910317        2721.655269759087        2502.294445801098
1                        1                        1                        0.6121                   4.7                      0.2127659574468085       5.382138100966545E-13    5.360786070634356E-13    0.25                     5.0E10                   2700                     4714.045207910317        2721.655269759087        2502.294445801098
1                        1                        1                        0.6121                   4.8                      0.20833333333333334      5.384737542158313E-13    5.365278257465962E-13    0.25                     5.0E10                   2700                     4714.045207910317        2721.655269759087        2502.294445801098
1                        1                        1                        0.6121                   4.9                      0.20408163265306117      5.386597831062148E-13    5.369261492445018E-13    0.25                     5.0E10                   2700                     4714.045207910317        2721.655269759087        2502.294445801098
1                        1                        1                        0.6121                   5                        0.2                      5.387728662481516E-13    5.372568497913004E-13    0.25                     5.0E10                   2700                     4714.045207910317        2721.655269759087        2502.294445801098
1                        1                        1                        0.6121                   5.1                      0.19607843137254904      5.387930835126925E-13    5.375212942047306E-13    0.25                     5.0E10                   2700                     4714.045207910317        2721.655269759087        2502.294445801098
1                        1                        1                        0.6121                   5.2                      0.1923076923076923       5.387332280737521E-13    5.377129927587127E-13    0.25                     5.0E10                   2700                     4714.045207910317        2721.655269759087        2502.294445801098
1                        1                        1                        0.6121                   5.3                      0.18867924528301888      5.385986415623019E-13    5.378329914984414E-13    0.25                     5.0E10                   2700                     4714.045207910317        2721.655269759087        2502.294445801098
1                        1                        1                        0.6121                   5.4                      0.18518518518518517      5.383967746046502E-13    5.378849819657725E-13    0.25                     5.0E10                   2700                     4714.045207910317        2721.655269759087        2502.294445801098
1                        1                        1                        0.6121                   5.5                      0.18181818181818182      5.381364167552526E-13    5.378745367029926E-13    0.25                     5.0E10                   2700                     4714.045207910317        2721.655269759087        2502.294445801098
1                        1                        1                        0.6121                   5.6                      0.17857142857142858      5.37827052660484E-13     5.378084511951949E-13    0.25                     5.0E10                   2700                     4714.045207910317        2721.655269759087        2502.294445801098
1                        1                        1                        0.6121                   5.7                      0.17543859649122806      5.374783462654265E-13    5.376941993429735E-13    0.25                     5.0E10                   2700                     4714.045207910317        2721.655269759087        2502.294445801098
1                        1                        1                        0.6121                   5.8                      0.1724137931034483       5.370997454533039E-13    5.375394995215226E-13    0.25                     5.0E10                   2700                     4714.045207910317        2721.655269759087        2502.294445801098
1                        1                        1                        0.6121                   5.9                      0.1694915254237288       5.367001940909171E-13    5.373519821395329E-13    0.25                     5.0E10                   2700                     4714.045207910317        2721.655269759087        2502.294445801098
1                        1                        1                        0.6121                   6                        0.16666666666666666      5.362879358021762E-13    5.371389461772549E-13    0.25                     5.0E10                   2700                     4714.045207910317        2721.655269759087        2502.294445801098
1                        1                        1                        0.6121                   6.1                      0.16393442622950818      5.358703932105964E-13    5.369071909535622E-13    0.25                     5.0E10                   2700                     4714.045207910317        2721.655269759087        2502.294445801098
1                        1                        1                        0.6121                   6.2                      0.16129032258064518      5.355579317559604E-13    5.367743474155892E-13    0.25                     5.0E10                   2700                     4714.045207910317        2721.655269759087        2502.294445801098
1                        1                        1                        0.6121                   6.3                      0.15873015873015872      5.351454506072099E-13    5.365194164436E-13       0.25                     5.0E10                   2700                     4714.045207910317        2721.655269759087        2502.294445801098
1                        1                        1                        0.6121                   6.4                      0.15625                  5.347441943893261E-13    5.3626208152946E-13      0.25                     5.0E10                   2700                     4714.045207910317        2721.655269759087        2502.294445801098
1                        1                        1                        0.6121                   6.5                      0.15384615384615383      5.343585604431513E-13    5.360069402484038E-13    0.25                     5.0E10                   2700                     4714.045207910317        2721.655269759087        2502.294445801098
1                        1                        1                        0.6121                   6.6                      0.15151515151515152      5.339916887330287E-13    5.357574669914703E-13    0.25                     5.0E10                   2700                     4714.045207910317        2721.655269759087        2502.294445801098
1                        1                        1                        0.6121                   6.7                      0.1492537313432836       5.336460266689844E-13    5.355165412557226E-13    0.25                     5.0E10                   2700                     4714.045207910317        2721.655269759087        2502.294445801098
1                        1                        1                        0.6121                   6.8                      0.14705882352941177      5.333233993633237E-13    5.352864943745065E-13    0.25                     5.0E10                   2700                     4714.045207910317        2721.655269759087        2502.294445801098
1                        1                        1                        0.6121                   6.9                      0.14492753623188404      5.330250810534647E-13    5.350691608345536E-13    0.25                     5.0E10                   2700                     4714.045207910317        2721.655269759087        2502.294445801098
1                        1                        1                        0.6121                   7                        0.14285714285714285      5.32751865198163E-13     5.348659312880132E-13    0.25                     5.0E10                   2700                     4714.045207910317        2721.655269759087        2502.294445801098
1                        1                        1                        0.6121                   7.1                      0.14084507042253522      5.325041312805531E-13    5.346778051120787E-13    0.25                     5.0E10                   2700                     4714.045207910317        2721.655269759087        2502.294445801098
1                        1                        1                        0.6121                   7.2                      0.1388888888888889       5.322819072402516E-13    5.345054410219927E-13    0.25                     5.0E10                   2700                     4714.045207910317        2721.655269759087        2502.294445801098
1                        1                        1                        0.6121                   7.3                      0.13698630136986303      5.320849267430367E-13    5.3434920472709E-13      0.25                     5.0E10                   2700                     4714.045207910317        2721.655269759087        2502.294445801098
1                        1                        1                        0.6121                   7.4                      0.13513513513513514      5.31912681092244E-13     5.342092130536794E-13    0.25                     5.0E10                   2700                     4714.045207910317        2721.655269759087        2502.294445801098
1                        1                        1                        0.6121                   7.5                      0.13333333333333333      5.31764465533314E-13     5.340853741462791E-13    0.25                     5.0E10                   2700                     4714.045207910317        2721.655269759087        2502.294445801098
1                        1                        1                        0.6121                   7.6                      0.13157894736842105      5.316394202708797E-13    5.339774237108438E-13    0.25                     5.0E10                   2700                     4714.045207910317        2721.655269759087        2502.294445801098
1                        1                        1                        0.6121                   7.7                      0.12987012987012989      5.315365663453565E-13    5.338849572890821E-13    0.25                     5.0E10                   2700                     4714.045207910317        2721.655269759087        2502.294445801098
1                        1                        1                        0.6121                   7.8                      0.12820512820512822      5.314548367150266E-13    5.338074587343708E-13    0.25                     5.0E10                   2700                     4714.045207910317        2721.655269759087        2502.294445801098
1                        1                        1                        0.6121                   7.9                      0.12658227848101267      5.313931029820526E-13    5.337443251166021E-13    0.25                     5.0E10                   2700                     4714.045207910317        2721.655269759087        2502.294445801098
1                        1                        1                        0.6121                   8                        0.125                    5.313501980984129E-13    5.336948883052286E-13    0.25                     5.0E10                   2700                     4714.045207910317        2721.655269759087        2502.294445801098
1                        1                        1                        0.6121                   8.1                      0.1234567901234568       5.313249355711636E-13    5.336584335464422E-13    0.25                     5.0E10                   2700                     4714.045207910317        2721.655269759087        2502.294445801098
1                        1                        1                        0.6121                   8.2                      0.12195121951219513      5.313161253459284E-13    5.336342152358517E-13    0.25                     5.0E10                   2700                     4714.045207910317        2721.655269759087        2502.294445801098
1                        1                        1                        0.6121                   8.3                      0.12048192771084336      5.313225870374322E-13    5.336214703085525E-13    0.25                     5.0E10                   2700                     4714.045207910317        2721.655269759087        2502.294445801098
1                        1                        1                        0.6121                   8.4                      0.11904761904761904      5.313431605880701E-13    5.336194293927089E-13    0.25                     5.0E10                   2700                     4714.045207910317        2721.655269759087        2502.294445801098
1                        1                        1                        0.6121                   8.5                      0.11764705882352941      5.313767148355679E-13    5.336273260564185E-13    0.25                     5.0E10                   2700                     4714.045207910317        2721.655269759087        2502.294445801098
1                        1                        1                        0.6121                   8.6                      0.11627906976744186      5.314221542295729E-13    5.336444043745296E-13    0.25                     5.0E10                   2700                     4714.045207910317        2721.655269759087        2502.294445801098
1                        1                        1                        0.6121                   8.7                      0.11494252873563218      5.314784239464855E-13    5.336699250074173E-13    0.25                     5.0E10                   2700                     4714.045207910317        2721.655269759087        2502.294445801098
1                        1                        1                        0.6121                   8.8                      0.11363636363636362      5.315445136597973E-13    5.3370317002739E-13      0.25                     5.0E10                   2700                     4714.045207910317        2721.655269759087        2502.294445801098
1                        1                        1                        0.6121                   8.9                      0.11235955056179775      5.316194601703359E-13    5.337434466393287E-13    0.25                     5.0E10                   2700                     4714.045207910317        2721.655269759087        2502.294445801098
1                        1                        1                        0.6121                   9                        0.11111111111111112      5.317023490819081E-13    5.337900899886423E-13    0.25                     5.0E10                   2700                     4714.045207910317        2721.655269759087        2502.294445801098
1                        1                        1                        0.6121                   9.1                      0.1098901098901099       5.317923156389405E-13    5.338424651411072E-13    0.25                     5.0E10                   2700                     4714.045207910317        2721.655269759087        2502.294445801098
1                        1                        1                        0.6121                   9.2                      0.10869565217391305      5.318885449419699E-13    5.338999684317299E-13    0.25                     5.0E10                   2700                     4714.045207910317        2721.655269759087        2502.294445801098
1                        1                        1                        0.6121                   9.3                      0.10752688172043011      5.319902716044488E-13    5.339620282318524E-13    0.25                     5.0E10                   2700                     4714.045207910317        2721.655269759087        2502.294445801098
1                        1                        1                        0.6121                   9.4                      0.10638297872340426      5.32098489919121E-13     5.34029778310269E-13     0.25                     5.0E10                   2700                     4714.045207910317        2721.655269759087        2502.294445801098
1                        1                        1                        0.6121                   9.5                      0.10526315789473685      5.322091473014187E-13    5.340994058313629E-13    0.25                     5.0E10                   2700                     4714.045207910317        2721.655269759087        2502.294445801098
1                        1                        1                        0.6121                   9.6                      0.10416666666666667      5.323232935024203E-13    5.341720685782277E-13    0.25                     5.0E10                   2700                     4714.045207910317        2721.655269759087        2502.294445801098
1                        1                        1                        0.6121                   9.700000000000001        0.1030927835051546       5.324403502505887E-13    5.342473226818725E-13    0.25                     5.0E10                   2700                     4714.045207910317        2721.655269759087        2502.294445801098
1                        1                        1                        0.6121                   9.8                      0.10204081632653059      5.325597821227453E-13    5.343247547013155E-13    0.25                     5.0E10                   2700                     4714.045207910317        2721.655269759087        2502.294445801098
1                        1                        1                        0.6121                   9.9                      0.101010101010101        5.326810946257656E-13    5.344039806217408E-13    0.25                     5.0E10                   2700                     4714.045207910317        2721.655269759087        2502.294445801098
1                        1                        1                        0.6121                   10                       0.1                      5.327404789590675E-13    5.344061265449137E-13    0.25                     5.0E10                   2700                     4714.045207910317        2721.655269759087        2502.294445801098
