1                        1                        1                        0.8595999999999999       0.1                      10                       5.331352369796785E-13    5.331377267489827E-13    0.25                     5.0E10                   2700                     4714.045207910317        2721.655269759087        2502.294445801098
1                        1                        1                        0.8595999999999999       0.2                      5                        5.334834328766791E-13    5.331485631711833E-13    0.25                     5.0E10                   2700                     4714.045207910317        2721.655269759087        2502.294445801098
1                        1                        1                        0.8595999999999999       0.30000000000000004      3.3333333333333326       5.366512187996795E-13    5.363004803478993E-13    0.25                     5.0E10                   2700                     4714.045207910317        2721.655269759087        2502.294445801098
1                        1                        1                        0.8595999999999999       0.4                      2.5                      5.329442221813292E-13    5.332084575654943E-13    0.25                     5.0E10                   2700                     4714.045207910317        2721.655269759087        2502.294445801098
1                        1                        1                        0.8595999999999999       0.5                      2                        5.331962000409881E-13    5.332080049733021E-13    0.25                     5.0E10                   2700                     4714.045207910317        2721.655269759087        2502.294445801098
1                        1                        1                        0.8595999999999999       0.6                      1.6666666666666667       5.365794839930568E-13    5.365702405187911E-13    0.25                     5.0E10                   2700                     4714.045207910317        2721.655269759087        2502.294445801098
1                        1                        1                        0.8595999999999999       0.7000000000000001       1.4285714285714284       5.373755464389619E-13    5.373740795300251E-13    0.25                     5.0E10                   2700                     4714.045207910317        2721.655269759087        2502.294445801098
1                        1                        1                        0.8595999999999999       0.8                      1.25                     5.345644126616412E-13    5.332742305799817E-13    0.25                     5.0E10                   2700                     4714.045207910317        2721.655269759087        2502.294445801098
1                        1                        1                        0.8595999999999999       0.9                      1.1111111111111112       5.323958037923334E-13    5.337081424114411E-13    0.25                     5.0E10                   2700                     4714.045207910317        2721.655269759087        2502.294445801098
1                        1                        1                        0.8595999999999999       1                        1                        5.34854351864894E-13     5.33194665225519E-13     0.25                     5.0E10                   2700                     4714.045207910317        2721.655269759087        2502.294445801098
1                        1                        1                        0.8595999999999999       1.1                      0.909090909090909        5.351636331865742E-13    5.360231191444699E-13    0.25                     5.0E10                   2700                     4714.045207910317        2721.655269759087        2502.294445801098
1                        1                        1                        0.8595999999999999       1.2000000000000002       0.8333333333333331       5.356230013268619E-13    5.366438461754303E-13    0.25                     5.0E10                   2700                     4714.045207910317        2721.655269759087        2502.294445801098
1                        1                        1                        0.8595999999999999       1.3000000000000003       0.769230769230769        5.361788336848219E-13    5.346673380270804E-13    0.25                     5.0E10                   2700                     4714.045207910317        2721.655269759087        2502.294445801098
1                        1                        1                        0.8595999999999999       1.4000000000000001       0.7142857142857142       5.377237735901473E-13    5.360634237967756E-13    0.25                     5.0E10                   2700                     4714.045207910317        2721.655269759087        2502.294445801098
1                        1                        1                        0.8595999999999999       1.5000000000000002       0.6666666666666665       5.36526188022291E-13     5.369866486629287E-13    0.25                     5.0E10                   2700                     4714.045207910317        2721.655269759087        2502.294445801098
1                        1                        1                        0.8595999999999999       1.6                      0.625                    5.317876905937235E-13    5.336949361238396E-13    0.25                     5.0E10                   2700                     4714.045207910317        2721.655269759087        2502.294445801098
1                        1                        1                        0.8595999999999999       1.7000000000000002       0.588235294117647        5.346534863087374E-13    5.36151878625201E-13     0.25                     5.0E10                   2700                     4714.045207910317        2721.655269759087        2502.294445801098
1                        1                        1                        0.8595999999999999       1.8000000000000003       0.5555555555555555       5.379567673518173E-13    5.380471068980655E-13    0.25                     5.0E10                   2700                     4714.045207910317        2721.655269759087        2502.294445801098
1                        1                        1                        0.8595999999999999       1.9000000000000001       0.5263157894736842       5.369682153231296E-13    5.356240233083523E-13    0.25                     5.0E10                   2700                     4714.045207910317        2721.655269759087        2502.294445801098
1                        1                        1                        0.8595999999999999       2                        0.5                      5.359700100814557E-13    5.338056536980688E-13    0.25                     5.0E10                   2700                     4714.045207910317        2721.655269759087        2502.294445801098
1                        1                        1                        0.8595999999999999       2.1                      0.47619047619047616      5.370826356287659E-13    5.349225095959312E-13    0.25                     5.0E10                   2700                     4714.045207910317        2721.655269759087        2502.294445801098
1                        1                        1                        0.8595999999999999       2.2                      0.4545454545454545       5.386040102387519E-13    5.37153746006493E-13     0.25                     5.0E10                   2700                     4714.045207910317        2721.655269759087        2502.294445801098
1                        1                        1                        0.8595999999999999       2.3000000000000003       0.43478260869565216      5.384333512696219E-13    5.380644427097782E-13    0.25                     5.0E10                   2700                     4714.045207910317        2721.655269759087        2502.294445801098
1                        1                        1                        0.8595999999999999       2.4000000000000004       0.4166666666666666       5.36480514384319E-13     5.371988768364481E-13    0.25                     5.0E10                   2700                     4714.045207910317        2721.655269759087        2502.294445801098
1                        1                        1                        0.8595999999999999       2.5000000000000004       0.3999999999999999       5.339618601408822E-13    5.355082126888529E-13    0.25                     5.0E10                   2700                     4714.045207910317        2721.655269759087        2502.294445801098
1                        1                        1                        0.8595999999999999       2.6                      0.3846153846153846       5.321340040587138E-13    5.341699350564261E-13    0.25                     5.0E10                   2700                     4714.045207910317        2721.655269759087        2502.294445801098
1                        1                        1                        0.8595999999999999       2.7                      0.37037037037037035      5.316030758369938E-13    5.337952499806179E-13    0.25                     5.0E10                   2700                     4714.045207910317        2721.655269759087        2502.294445801098
1                        1                        1                        0.8595999999999999       2.8000000000000003       0.3571428571428571       5.322777929878183E-13    5.343635632377748E-13    0.25                     5.0E10                   2700                     4714.045207910317        2721.655269759087        2502.294445801098
1                        1                        1                        0.8595999999999999       2.9000000000000004       0.3448275862068965       5.337706735926097E-13    5.355575040060834E-13    0.25                     5.0E10                   2700                     4714.045207910317        2721.655269759087        2502.294445801098
1                        1                        1                        0.8595999999999999       3.0000000000000004       0.33333333333333326      5.353477938538153E-13    5.367344943428278E-13    0.25                     5.0E10                   2700                     4714.045207910317        2721.655269759087        2502.294445801098
1                        1                        1                        0.8595999999999999       3.1                      0.32258064516129037      5.366838490983334E-13    5.376104678216067E-13    0.25                     5.0E10                   2700                     4714.045207910317        2721.655269759087        2502.294445801098
1                        1                        1                        0.8595999999999999       3.2                      0.3125                   5.375558920228914E-13    5.379998275728523E-13    0.25                     5.0E10                   2700                     4714.045207910317        2721.655269759087        2502.294445801098
1                        1                        1                        0.8595999999999999       3.3000000000000003       0.30303030303030304      5.379248069322382E-13    5.378888634321928E-13    0.25                     5.0E10                   2700                     4714.045207910317        2721.655269759087        2502.294445801098
1                        1                        1                        0.8595999999999999       3.4000000000000004       0.2941176470588235       5.37884565192007E-13     5.373968787758865E-13    0.25                     5.0E10                   2700                     4714.045207910317        2721.655269759087        2502.294445801098
1                        1                        1                        0.8595999999999999       3.5000000000000004       0.2857142857142857       5.375620373401095E-13    5.366461488432057E-13    0.25                     5.0E10                   2700                     4714.045207910317        2721.655269759087        2502.294445801098
1                        1                        1                        0.8595999999999999       3.6                      0.2777777777777778       5.371191964863526E-13    5.358157133191153E-13    0.25                     5.0E10                   2700                     4714.045207910317        2721.655269759087        2502.294445801098
1                        1                        1                        0.8595999999999999       3.7                      0.2702702702702703       5.366834201767138E-13    5.350395462420446E-13    0.25                     5.0E10                   2700                     4714.045207910317        2721.655269759087        2502.294445801098
1                        1                        1                        0.8595999999999999       3.8000000000000003       0.2631578947368421       5.363433814244612E-13    5.344111701217775E-13    0.25                     5.0E10                   2700                     4714.045207910317        2721.655269759087        2502.294445801098
1                        1                        1                        0.8595999999999999       3.9000000000000004       0.2564102564102564       5.3614776469872E-13      5.339825510875216E-13    0.25                     5.0E10                   2700                     4714.045207910317        2721.655269759087        2502.294445801098
1                        1                        1                        0.8595999999999999       4                        0.25                     5.361112470702853E-13    5.337701106449366E-13    0.25                     5.0E10                   2700                     4714.045207910317        2721.655269759087        2502.294445801098
1                        1                        1                        0.8595999999999999       4.1                      0.24390243902439027      5.362232839086019E-13    5.337635332796228E-13    0.25                     5.0E10                   2700                     4714.045207910317        2721.655269759087        2502.294445801098
1                        1                        1                        0.8595999999999999       4.2                      0.23809523809523808      5.364570853249593E-13    5.339348101311751E-13    0.25                     5.0E10                   2700                     4714.045207910317        2721.655269759087        2502.294445801098
1                        1                        1                        0.8595999999999999       4.3                      0.23255813953488372      5.36856436676823E-13     5.343152639280814E-13    0.25                     5.0E10                   2700                     4714.045207910317        2721.655269759087        2502.294445801098
1                        1                        1                        0.8595999999999999       4.3999999999999995       0.22727272727272732      5.372182139846751E-13    5.347175483845104E-13    0.25                     5.0E10                   2700                     4714.045207910317        2721.655269759087        2502.294445801098
1                        1                        1                        0.8595999999999999       4.5                      0.22222222222222224      5.375938349395574E-13    5.351785288039804E-13    0.25                     5.0E10                   2700                     4714.045207910317        2721.655269759087        2502.294445801098
1                        1                        1                        0.8595999999999999       4.6                      0.2173913043478261       5.379522484898115E-13    5.356621015141973E-13    0.25                     5.0E10                   2700                     4714.045207910317        2721.655269759087        2502.294445801098
1                        1                        1                        0.8595999999999999       4.7                      0.2127659574468085       5.382683769232301E-13    5.361377055062417E-13    0.25                     5.0E10                   2700                     4714.045207910317        2721.655269759087        2502.294445801098
1                        1                        1                        0.8595999999999999       4.8                      0.20833333333333334      5.385236081369347E-13    5.365810485961302E-13    0.25                     5.0E10                   2700                     4714.045207910317        2721.655269759087        2502.294445801098
1                        1                        1                        0.8595999999999999       4.9                      0.20408163265306117      5.387056242254295E-13    5.369741436803772E-13    0.25                     5.0E10                   2700                     4714.045207910317        2721.655269759087        2502.294445801098
1                        1                        1                        0.8595999999999999       5                        0.2                      5.388200562144139E-13    5.373089777911269E-13    0.25                     5.0E10                   2700                     4714.045207910317        2721.655269759087        2502.294445801098
1                        1                        1                        0.8595999999999999       5.1                      0.19607843137254904      5.388378227470147E-13    5.375689620122846E-13    0.25                     5.0E10                   2700                     4714.045207910317        2721.655269759087        2502.294445801098
1                        1                        1                        0.8595999999999999       5.2                      0.1923076923076923       5.387760674297198E-13    5.377569535436757E-13    0.25                     5.0E10                   2700                     4714.045207910317        2721.655269759087        2502.294445801098
1                        1                        1                        0.8595999999999999       5.3                      0.18867924528301888      5.386401901436847E-13    5.378740697217356E-13    0.25                     5.0E10                   2700                     4714.045207910317        2721.655269759087        2502.294445801098
1                        1                        1                        0.8595999999999999       5.4                      0.18518518518518517      5.384371514266299E-13    5.379235285061395E-13    0.25                     5.0E10                   2700                     4714.045207910317        2721.655269759087        2502.294445801098
1                        1                        1                        0.8595999999999999       5.5                      0.18181818181818182      5.38175820466793E-13     5.379109694446505E-13    0.25                     5.0E10                   2700                     4714.045207910317        2721.655269759087        2502.294445801098
1                        1                        1                        0.8595999999999999       5.6                      0.17857142857142858      5.3786559798026E-13      5.378430931015393E-13    0.25                     5.0E10                   2700                     4714.045207910317        2721.655269759087        2502.294445801098
1                        1                        1                        0.8595999999999999       5.7                      0.17543859649122806      5.37516082631979E-13     5.37727292505288E-13     0.25                     5.0E10                   2700                     4714.045207910317        2721.655269759087        2502.294445801098
1                        1                        1                        0.8595999999999999       5.8                      0.1724137931034483       5.371366744612504E-13    5.375712197394363E-13    0.25                     5.0E10                   2700                     4714.045207910317        2721.655269759087        2502.294445801098
1                        1                        1                        0.8595999999999999       5.9                      0.1694915254237288       5.367362848907324E-13    5.373824528764738E-13    0.25                     5.0E10                   2700                     4714.045207910317        2721.655269759087        2502.294445801098
1                        1                        1                        0.8595999999999999       6                        0.16666666666666666      5.363231380680571E-13    5.371682511824518E-13    0.25                     5.0E10                   2700                     4714.045207910317        2721.655269759087        2502.294445801098
1                        1                        1                        0.8595999999999999       6.1                      0.16393442622950818      5.359046475975661E-13    5.369353851801603E-13    0.25                     5.0E10                   2700                     4714.045207910317        2721.655269759087        2502.294445801098
1                        1                        1                        0.8595999999999999       6.2                      0.16129032258064518      5.35487353490256E-13     5.366900281798682E-13    0.25                     5.0E10                   2700                     4714.045207910317        2721.655269759087        2502.294445801098
1                        1                        1                        0.8595999999999999       6.3                      0.15873015873015872      5.350769054585702E-13    5.364376966937166E-13    0.25                     5.0E10                   2700                     4714.045207910317        2721.655269759087        2502.294445801098
1                        1                        1                        0.8595999999999999       6.4                      0.15625                  5.346780806044792E-13    5.361832285868216E-13    0.25                     5.0E10                   2700                     4714.045207910317        2721.655269759087        2502.294445801098
1                        1                        1                        0.8595999999999999       6.5                      0.15384615384615383      5.342948254226024E-13    5.359307893283636E-13    0.25                     5.0E10                   2700                     4714.045207910317        2721.655269759087        2502.294445801098
1                        1                        1                        0.8595999999999999       6.6                      0.15151515151515152      5.339303139591785E-13    5.356838983637969E-13    0.25                     5.0E10                   2700                     4714.045207910317        2721.655269759087        2502.294445801098
1                        1                        1                        0.8595999999999999       6.7                      0.1492537313432836       5.33587015653726E-13     5.354454690961197E-13    0.25                     5.0E10                   2700                     4714.045207910317        2721.655269759087        2502.294445801098
1                        1                        1                        0.8595999999999999       6.8                      0.14705882352941177      5.33266767906369E-13     5.352178573471734E-13    0.25                     5.0E10                   2700                     4714.045207910317        2721.655269759087        2502.294445801098
1                        1                        1                        0.8595999999999999       6.9                      0.14492753623188404      5.329708496230487E-13    5.350029143357967E-13    0.25                     5.0E10                   2700                     4714.045207910317        2721.655269759087        2502.294445801098
1                        1                        1                        0.8595999999999999       7                        0.14285714285714285      5.327000531468964E-13    5.348020412023045E-13    0.25                     5.0E10                   2700                     4714.045207910317        2721.655269759087        2502.294445801098
1                        1                        1                        0.8595999999999999       7.1                      0.14084507042253522      5.324552574701728E-13    5.346167435566814E-13    0.25                     5.0E10                   2700                     4714.045207910317        2721.655269759087        2502.294445801098
1                        1                        1                        0.8595999999999999       7.2                      0.1388888888888889       5.322355040663466E-13    5.344467095740391E-13    0.25                     5.0E10                   2700                     4714.045207910317        2721.655269759087        2502.294445801098
1                        1                        1                        0.8595999999999999       7.3                      0.13698630136986303      5.320409908257227E-13    5.342927766718247E-13    0.25                     5.0E10                   2700                     4714.045207910317        2721.655269759087        2502.294445801098
1                        1                        1                        0.8595999999999999       7.4                      0.13513513513513514      5.318711980463947E-13    5.341550588679059E-13    0.25                     5.0E10                   2700                     4714.045207910317        2721.655269759087        2502.294445801098
1                        1                        1                        0.8595999999999999       7.5                      0.13333333333333333      5.317254097475456E-13    5.340334602922196E-13    0.25                     5.0E10                   2700                     4714.045207910317        2721.655269759087        2502.294445801098
1                        1                        1                        0.8595999999999999       7.6                      0.13157894736842105      5.316027552048496E-13    5.339277119735075E-13    0.25                     5.0E10                   2700                     4714.045207910317        2721.655269759087        2502.294445801098
1                        1                        1                        0.8595999999999999       7.7                      0.12987012987012989      5.315022451820562E-13    5.33837404526614E-13     0.25                     5.0E10                   2700                     4714.045207910317        2721.655269759087        2502.294445801098
1                        1                        1                        0.8595999999999999       7.8                      0.12820512820512822      5.314228032920776E-13    5.337620169499041E-13    0.25                     5.0E10                   2700                     4714.045207910317        2721.655269759087        2502.294445801098
1                        1                        1                        0.8595999999999999       7.9                      0.12658227848101267      5.313632928894303E-13    5.337009417693097E-13    0.25                     5.0E10                   2700                     4714.045207910317        2721.655269759087        2502.294445801098
1                        1                        1                        0.8595999999999999       8                        0.125                    5.313225398471782E-13    5.336535067617015E-13    0.25                     5.0E10                   2700                     4714.045207910317        2721.655269759087        2502.294445801098
1                        1                        1                        0.8595999999999999       8.1                      0.1234567901234568       5.312993518043484E-13    5.336189936528953E-13    0.25                     5.0E10                   2700                     4714.045207910317        2721.655269759087        2502.294445801098
1                        1                        1                        0.8595999999999999       8.2                      0.12195121951219513      5.312925340549791E-13    5.335966539461219E-13    0.25                     5.0E10                   2700                     4714.045207910317        2721.655269759087        2502.294445801098
1                        1                        1                        0.8595999999999999       8.3                      0.12048192771084336      5.313009027024028E-13    5.335857223269773E-13    0.25                     5.0E10                   2700                     4714.045207910317        2721.655269759087        2502.294445801098
1                        1                        1                        0.8595999999999999       8.4                      0.11904761904761904      5.313232952619682E-13    5.335854278138056E-13    0.25                     5.0E10                   2700                     4714.045207910317        2721.655269759087        2502.294445801098
1                        1                        1                        0.8595999999999999       8.5                      0.11764705882352941      5.313585791455638E-13    5.3359500298492E-13      0.25                     5.0E10                   2700                     4714.045207910317        2721.655269759087        2502.294445801098
1                        1                        1                        0.8595999999999999       8.6                      0.11627906976744186      5.315450596601638E-13    5.337429270442537E-13    0.25                     5.0E10                   2700                     4714.045207910317        2721.655269759087        2502.294445801098
1                        1                        1                        0.8595999999999999       8.7                      0.11494252873563218      5.315973132367092E-13    5.337656756773303E-13    0.25                     5.0E10                   2700                     4714.045207910317        2721.655269759087        2502.294445801098
1                        1                        1                        0.8595999999999999       8.8                      0.11363636363636362      5.31659440048012E-13     5.337961748838135E-13    0.25                     5.0E10                   2700                     4714.045207910317        2721.655269759087        2502.294445801098
1                        1                        1                        0.8595999999999999       8.9                      0.11235955056179775      5.317304887972733E-13    5.338337407469968E-13    0.25                     5.0E10                   2700                     4714.045207910317        2721.655269759087        2502.294445801098
1                        1                        1                        0.8595999999999999       9                        0.11111111111111112      5.318095555647053E-13    5.338777164013561E-13    0.25                     5.0E10                   2700                     4714.045207910317        2721.655269759087        2502.294445801098
1                        1                        1                        0.8595999999999999       9.1                      0.1098901098901099       5.318957846828461E-13    5.339274740015714E-13    0.25                     5.0E10                   2700                     4714.045207910317        2721.655269759087        2502.294445801098
1                        1                        1                        0.8595999999999999       9.2                      0.10869565217391305      5.319883689933403E-13    5.339824160665541E-13    0.25                     5.0E10                   2700                     4714.045207910317        2721.655269759087        2502.294445801098
1                        1                        1                        0.8595999999999999       9.3                      0.10752688172043011      5.320865495862726E-13    5.340419762798471E-13    0.25                     5.0E10                   2700                     4714.045207910317        2721.655269759087        2502.294445801098
1                        1                        1                        0.8595999999999999       9.4                      0.10638297872340426      5.321896150655569E-13    5.341056198213033E-13    0.25                     5.0E10                   2700                     4714.045207910317        2721.655269759087        2502.294445801098
1                        1                        1                        0.8595999999999999       9.5                      0.10526315789473685      5.322969005424299E-13    5.341728433482558E-13    0.25                     5.0E10                   2700                     4714.045207910317        2721.655269759087        2502.294445801098
1                        1                        1                        0.8595999999999999       9.6                      0.10416666666666667      5.324077862828931E-13    5.342431746545084E-13    0.25                     5.0E10                   2700                     4714.045207910317        2721.655269759087        2502.294445801098
1                        1                        1                        0.8595999999999999       9.700000000000001        0.1030927835051546       5.325216961797321E-13    5.343161720730687E-13    0.25                     5.0E10                   2700                     4714.045207910317        2721.655269759087        2502.294445801098
1                        1                        1                        0.8595999999999999       9.8                      0.10204081632653059      5.326380961468725E-13    5.343914237470786E-13    0.25                     5.0E10                   2700                     4714.045207910317        2721.655269759087        2502.294445801098
1                        1                        1                        0.8595999999999999       9.9                      0.101010101010101        5.327564922549619E-13    5.344685466525051E-13    0.25                     5.0E10                   2700                     4714.045207910317        2721.655269759087        2502.294445801098
1                        1                        1                        0.8595999999999999       10                       0.1                      5.327963046286724E-13    5.344688311881679E-13    0.25                     5.0E10                   2700                     4714.045207910317        2721.655269759087        2502.294445801098
