0.781621                 0.3913                   0.1                      10                       5.331497254705184E-13    5.331557040438682E-13    0.25                     5.0E10                   2700                     4167.655882574227        2406.197245693957        2502.294445801098
0.781621                 0.3913                   0.2                      5                        5.335586697653762E-13    5.325105929903815E-13    0.25                     5.0E10                   2700                     4167.655882574227        2406.197245693957        2502.294445801098
0.781621                 0.3913                   0.30000000000000004      3.3333333333333326       5.277206483130403E-13    5.273027119434332E-13    0.25                     5.0E10                   2700                     4167.655882574227        2406.197245693957        2502.294445801098
0.781621                 0.3913                   0.4                      2.5                      4.965943666484979E-13    5.080143146334237E-13    0.25                     5.0E10                   2700                     4167.655882574227        2406.197245693957        2502.294445801098
0.781621                 0.3913                   0.5                      2                        4.678602455538516E-13    4.95756900702437E-13     0.25                     5.0E10                   2700                     4167.655882574227        2406.197245693957        2502.294445801098
0.781621                 0.3913                   0.6                      1.6666666666666667       4.4652102252235323E-13   4.848047114782085E-13    0.25                     5.0E10                   2700                     4167.655882574227        2406.197245693957        2502.294445801098
0.781621                 0.3913                   0.7000000000000001       1.4285714285714284       4.479574412895191E-13    4.938128551667057E-13    0.25                     5.0E10                   2700                     4167.655882574227        2406.197245693957        2502.294445801098
0.781621                 0.3913                   0.8                      1.25                     4.4181933247465564E-13   4.874939999296385E-13    0.25                     5.0E10                   2700                     4167.655882574227        2406.197245693957        2502.294445801098
0.781621                 0.3913                   0.9                      1.1111111111111112       4.5070615358457406E-13   5.013571987872765E-13    0.25                     5.0E10                   2700                     4167.655882574227        2406.197245693957        2502.294445801098
0.781621                 0.3913                   1                        1                        4.547822953966914E-13    5.052406187760548E-13    0.25                     5.0E10                   2700                     4167.655882574227        2406.197245693957        2502.294445801098
0.781621                 0.3913                   1.1                      0.909090909090909        4.559217060253697E-13    5.094637808310992E-13    0.25                     5.0E10                   2700                     4167.655882574227        2406.197245693957        2502.294445801098
0.781621                 0.3913                   1.2000000000000002       0.8333333333333331       4.809218582591938E-13    5.343888396350151E-13    0.25                     5.0E10                   2700                     4167.655882574227        2406.197245693957        2502.294445801098
0.781621                 0.3913                   1.3000000000000003       0.769230769230769        5.041591114067076E-13    5.501271866521307E-13    0.25                     5.0E10                   2700                     4167.655882574227        2406.197245693957        2502.294445801098
0.781621                 0.3913                   1.4000000000000001       0.7142857142857142       4.806307199484478E-13    5.130122421858424E-13    0.25                     5.0E10                   2700                     4167.655882574227        2406.197245693957        2502.294445801098
0.781621                 0.3913                   1.5000000000000002       0.6666666666666665       4.901883860632102E-13    5.104271997084682E-13    0.25                     5.0E10                   2700                     4167.655882574227        2406.197245693957        2502.294445801098
0.781621                 0.3913                   1.6                      0.625                    5.316821593705518E-13    5.398016963584149E-13    0.25                     5.0E10                   2700                     4167.655882574227        2406.197245693957        2502.294445801098
0.781621                 0.3913                   1.7000000000000002       0.588235294117647        5.788401597070974E-13    5.736818874083859E-13    0.25                     5.0E10                   2700                     4167.655882574227        2406.197245693957        2502.294445801098
0.781621                 0.3913                   1.8000000000000003       0.5555555555555555       6.01873393001892E-13     5.834917944375462E-13    0.25                     5.0E10                   2700                     4167.655882574227        2406.197245693957        2502.294445801098
0.781621                 0.3913                   1.9000000000000001       0.5263157894736842       6.002302194338578E-13    5.704154208150038E-13    0.25                     5.0E10                   2700                     4167.655882574227        2406.197245693957        2502.294445801098
0.781621                 0.3913                   2                        0.5                      5.964281707473351E-13    5.569469695143887E-13    0.25                     5.0E10                   2700                     4167.655882574227        2406.197245693957        2502.294445801098
0.781621                 0.3913                   2.1                      0.47619047619047616      6.035483338251598E-13    5.555185475929157E-13    0.25                     5.0E10                   2700                     4167.655882574227        2406.197245693957        2502.294445801098
0.781621                 0.3913                   2.2                      0.4545454545454545       6.202705733244534E-13    5.648032679167201E-13    0.25                     5.0E10                   2700                     4167.655882574227        2406.197245693957        2502.294445801098
0.781621                 0.3913                   2.3000000000000003       0.43478260869565216      6.387458258892388E-13    5.775285109700332E-13    0.25                     5.0E10                   2700                     4167.655882574227        2406.197245693957        2502.294445801098
0.781621                 0.3913                   2.4000000000000004       0.4166666666666666       6.516209686746679E-13    5.868532718699986E-13    0.25                     5.0E10                   2700                     4167.655882574227        2406.197245693957        2502.294445801098
0.781621                 0.3913                   2.5000000000000004       0.3999999999999999       6.556953394797758E-13    5.895771537669269E-13    0.25                     5.0E10                   2700                     4167.655882574227        2406.197245693957        2502.294445801098
0.781621                 0.3913                   2.6                      0.3846153846153846       6.52000066592428E-13     5.862075644893057E-13    0.25                     5.0E10                   2700                     4167.655882574227        2406.197245693957        2502.294445801098
0.781621                 0.3913                   2.7                      0.37037037037037035      6.435961316417481E-13    5.791464764512847E-13    0.25                     5.0E10                   2700                     4167.655882574227        2406.197245693957        2502.294445801098
0.781621                 0.3913                   2.8000000000000003       0.3571428571428571       6.335243008946785E-13    5.708760928554119E-13    0.25                     5.0E10                   2700                     4167.655882574227        2406.197245693957        2502.294445801098
0.781621                 0.3913                   2.9000000000000004       0.3448275862068965       6.238960850739241E-13    5.631529822787593E-13    0.25                     5.0E10                   2700                     4167.655882574227        2406.197245693957        2502.294445801098
0.781621                 0.3913                   3.0000000000000004       0.33333333333333326      6.158489005382534E-13    5.569373362525382E-13    0.25                     5.0E10                   2700                     4167.655882574227        2406.197245693957        2502.294445801098
0.781621                 0.3913                   3.1                      0.32258064516129037      6.09822119018086E-13     5.526088550266195E-13    0.25                     5.0E10                   2700                     4167.655882574227        2406.197245693957        2502.294445801098
0.781621                 0.3913                   3.2                      0.3125                   6.058407218568261E-13    5.501980998449638E-13    0.25                     5.0E10                   2700                     4167.655882574227        2406.197245693957        2502.294445801098
0.781621                 0.3913                   3.3000000000000003       0.30303030303030304      6.03713217105105E-13     5.495500010325564E-13    0.25                     5.0E10                   2700                     4167.655882574227        2406.197245693957        2502.294445801098
0.781621                 0.3913                   3.4000000000000004       0.2941176470588235       6.031786939477311E-13    5.50444596656229E-13     0.25                     5.0E10                   2700                     4167.655882574227        2406.197245693957        2502.294445801098
0.781621                 0.3913                   3.5000000000000004       0.2857142857142857       6.038455176596206E-13    5.525487502626011E-13    0.25                     5.0E10                   2700                     4167.655882574227        2406.197245693957        2502.294445801098
0.781621                 0.3913                   3.6                      0.2777777777777778       6.054152412300842E-13    5.556012533564435E-13    0.25                     5.0E10                   2700                     4167.655882574227        2406.197245693957        2502.294445801098
0.781621                 0.3913                   3.7                      0.2702702702702703       6.075739193939967E-13    5.593214004061228E-13    0.25                     5.0E10                   2700                     4167.655882574227        2406.197245693957        2502.294445801098
0.781621                 0.3913                   3.8000000000000003       0.2631578947368421       6.100339816929303E-13    5.634450233041369E-13    0.25                     5.0E10                   2700                     4167.655882574227        2406.197245693957        2502.294445801098
0.781621                 0.3913                   3.9000000000000004       0.2564102564102564       6.12541768708274E-13     5.67731706268489E-13     0.25                     5.0E10                   2700                     4167.655882574227        2406.197245693957        2502.294445801098
0.781621                 0.3913                   4                        0.25                     6.151278791840158E-13    5.722210797126758E-13    0.25                     5.0E10                   2700                     4167.655882574227        2406.197245693957        2502.294445801098
0.781621                 0.3913                   4.1                      0.24390243902439027      6.171081660411723E-13    5.762131810196836E-13    0.25                     5.0E10                   2700                     4167.655882574227        2406.197245693957        2502.294445801098
0.781621                 0.3913                   4.2                      0.23809523809523808      6.186200580580778E-13    5.798371325945802E-13    0.25                     5.0E10                   2700                     4167.655882574227        2406.197245693957        2502.294445801098
0.781621                 0.3913                   4.3                      0.23255813953488372      6.195783304521823E-13    5.829896675043597E-13    0.25                     5.0E10                   2700                     4167.655882574227        2406.197245693957        2502.294445801098
0.781621                 0.3913                   4.3999999999999995       0.22727272727272732      6.199373623266926E-13    5.856031614304416E-13    0.25                     5.0E10                   2700                     4167.655882574227        2406.197245693957        2502.294445801098
0.781621                 0.3913                   4.5                      0.22222222222222224      6.196857396228487E-13    5.876421966618288E-13    0.25                     5.0E10                   2700                     4167.655882574227        2406.197245693957        2502.294445801098
0.781621                 0.3913                   4.6                      0.2173913043478261       6.18840621435193E-13     5.890994796515348E-13    0.25                     5.0E10                   2700                     4167.655882574227        2406.197245693957        2502.294445801098
0.781621                 0.3913                   4.7                      0.2127659574468085       6.174414461892205E-13    5.899908817809436E-13    0.25                     5.0E10                   2700                     4167.655882574227        2406.197245693957        2502.294445801098
0.781621                 0.3913                   4.8                      0.20833333333333334      6.155436644210261E-13    5.903501928612524E-13    0.25                     5.0E10                   2700                     4167.655882574227        2406.197245693957        2502.294445801098
0.781621                 0.3913                   4.9                      0.20408163265306117      6.132129253035152E-13    5.902240052776995E-13    0.25                     5.0E10                   2700                     4167.655882574227        2406.197245693957        2502.294445801098
0.781621                 0.3913                   5                        0.2                      6.105259235839312E-13    5.896528343605742E-13    0.25                     5.0E10                   2700                     4167.655882574227        2406.197245693957        2502.294445801098
0.781621                 0.3913                   5.1                      0.19607843137254904      6.075357573750242E-13    5.887213139966538E-13    0.25                     5.0E10                   2700                     4167.655882574227        2406.197245693957        2502.294445801098
0.781621                 0.3913                   5.2                      0.1923076923076923       6.043250174807615E-13    5.874774423939328E-13    0.25                     5.0E10                   2700                     4167.655882574227        2406.197245693957        2502.294445801098
0.781621                 0.3913                   5.3                      0.18867924528301888      6.00958847932886E-13     5.859794054781567E-13    0.25                     5.0E10                   2700                     4167.655882574227        2406.197245693957        2502.294445801098
0.781621                 0.3913                   5.4                      0.18518518518518517      5.974963605388217E-13    5.84281955312465E-13     0.25                     5.0E10                   2700                     4167.655882574227        2406.197245693957        2502.294445801098
0.781621                 0.3913                   5.5                      0.18181818181818182      5.93990401532313E-13     5.824358785938415E-13    0.25                     5.0E10                   2700                     4167.655882574227        2406.197245693957        2502.294445801098
0.781621                 0.3913                   5.6                      0.17857142857142858      5.904848863481789E-13    5.804847743323321E-13    0.25                     5.0E10                   2700                     4167.655882574227        2406.197245693957        2502.294445801098
0.781621                 0.3913                   5.7                      0.17543859649122806      5.870183670471316E-13    5.784685538458692E-13    0.25                     5.0E10                   2700                     4167.655882574227        2406.197245693957        2502.294445801098
0.781621                 0.3913                   5.8                      0.1724137931034483       5.836221086583666E-13    5.764210051257104E-13    0.25                     5.0E10                   2700                     4167.655882574227        2406.197245693957        2502.294445801098
0.781621                 0.3913                   5.9                      0.1694915254237288       5.803211830695592E-13    5.743706401728478E-13    0.25                     5.0E10                   2700                     4167.655882574227        2406.197245693957        2502.294445801098
0.781621                 0.3913                   6                        0.16666666666666666      5.771350975711839E-13    5.723410712109187E-13    0.25                     5.0E10                   2700                     4167.655882574227        2406.197245693957        2502.294445801098
0.781621                 0.3913                   6.1                      0.16393442622950818      5.740784613410849E-13    5.703514644296617E-13    0.25                     5.0E10                   2700                     4167.655882574227        2406.197245693957        2502.294445801098
0.781621                 0.3913                   6.2                      0.16129032258064518      5.711616487445069E-13    5.684170280318066E-13    0.25                     5.0E10                   2700                     4167.655882574227        2406.197245693957        2502.294445801098
0.781621                 0.3913                   6.3                      0.15873015873015872      5.683914317561532E-13    5.665495035072852E-13    0.25                     5.0E10                   2700                     4167.655882574227        2406.197245693957        2502.294445801098
0.781621                 0.3913                   6.4                      0.15625                  5.657715646353461E-13    5.647576390970451E-13    0.25                     5.0E10                   2700                     4167.655882574227        2406.197245693957        2502.294445801098
0.781621                 0.3913                   6.5                      0.15384615384615383      5.633033117469359E-13    5.630476321102108E-13    0.25                     5.0E10                   2700                     4167.655882574227        2406.197245693957        2502.294445801098
0.781621                 0.3913                   6.6                      0.15151515151515152      5.609859151631585E-13    5.614235325264628E-13    0.25                     5.0E10                   2700                     4167.655882574227        2406.197245693957        2502.294445801098
0.781621                 0.3913                   6.7                      0.1492537313432836       5.588170025372338E-13    5.598876046191621E-13    0.25                     5.0E10                   2700                     4167.655882574227        2406.197245693957        2502.294445801098
0.781621                 0.3913                   6.8                      0.14705882352941177      5.567929381380016E-13    5.584406460748973E-13    0.25                     5.0E10                   2700                     4167.655882574227        2406.197245693957        2502.294445801098
0.781621                 0.3913                   6.9                      0.14492753623188404      5.54909121497169E-13     5.570822661801652E-13    0.25                     5.0E10                   2700                     4167.655882574227        2406.197245693957        2502.294445801098
0.781621                 0.3913                   7                        0.14285714285714285      5.531602388016583E-13    5.558111256876737E-13    0.25                     5.0E10                   2700                     4167.655882574227        2406.197245693957        2502.294445801098
0.781621                 0.3913                   7.1                      0.14084507042253522      5.515404723616949E-13    5.546251417176127E-13    0.25                     5.0E10                   2700                     4167.655882574227        2406.197245693957        2502.294445801098
0.781621                 0.3913                   7.2                      0.1388888888888889       5.500436735336387E-13    5.535216612876632E-13    0.25                     5.0E10                   2700                     4167.655882574227        2406.197245693957        2502.294445801098
0.781621                 0.3913                   7.3                      0.13698630136986303      5.486635038931939E-13    5.524976070345059E-13    0.25                     5.0E10                   2700                     4167.655882574227        2406.197245693957        2502.294445801098
0.781621                 0.3913                   7.4                      0.13513513513513514      5.473935494461319E-13    5.515495986884158E-13    0.25                     5.0E10                   2700                     4167.655882574227        2406.197245693957        2502.294445801098
0.781621                 0.3913                   7.5                      0.13333333333333333      5.462274117532079E-13    5.506740534475909E-13    0.25                     5.0E10                   2700                     4167.655882574227        2406.197245693957        2502.294445801098
0.781621                 0.3913                   7.6                      0.13157894736842105      5.451587797685529E-13    5.498672682919417E-13    0.25                     5.0E10                   2700                     4167.655882574227        2406.197245693957        2502.294445801098
0.781621                 0.3913                   7.7                      0.12987012987012989      5.441814854331882E-13    5.491254867977794E-13    0.25                     5.0E10                   2700                     4167.655882574227        2406.197245693957        2502.294445801098
0.781621                 0.3913                   7.8                      0.12820512820512822      5.43289545828872E-13     5.484449528670332E-13    0.25                     5.0E10                   2700                     4167.655882574227        2406.197245693957        2502.294445801098
0.781621                 0.3913                   7.9                      0.12658227848101267      5.424771942073418E-13    5.478219533665749E-13    0.25                     5.0E10                   2700                     4167.655882574227        2406.197245693957        2502.294445801098
0.781621                 0.3913                   8                        0.125                    5.417389018520569E-13    5.472528514708155E-13    0.25                     5.0E10                   2700                     4167.655882574227        2406.197245693957        2502.294445801098
0.781621                 0.3913                   8.1                      0.1234567901234568       5.410693926096023E-13    5.467341122942258E-13    0.25                     5.0E10                   2700                     4167.655882574227        2406.197245693957        2502.294445801098
0.781621                 0.3913                   8.2                      0.12195121951219513      5.404636512495146E-13    5.462623219964242E-13    0.25                     5.0E10                   2700                     4167.655882574227        2406.197245693957        2502.294445801098
0.781621                 0.3913                   8.3                      0.12048192771084336      5.399186750674116E-13    5.458360920981991E-13    0.25                     5.0E10                   2700                     4167.655882574227        2406.197245693957        2502.294445801098
0.781621                 0.3913                   8.4                      0.11904761904761904      5.394265199166975E-13    5.454485517307989E-13    0.25                     5.0E10                   2700                     4167.655882574227        2406.197245693957        2502.294445801098
0.781621                 0.3913                   8.5                      0.11764705882352941      5.389846702646586E-13    5.450985622298259E-13    0.25                     5.0E10                   2700                     4167.655882574227        2406.197245693957        2502.294445801098
0.781621                 0.3913                   8.6                      0.11627906976744186      5.385891565967753E-13    5.447832924862377E-13    0.25                     5.0E10                   2700                     4167.655882574227        2406.197245693957        2502.294445801098
0.781621                 0.3913                   8.7                      0.11494252873563218      5.382362576844927E-13    5.44500065283969E-13     0.25                     5.0E10                   2700                     4167.655882574227        2406.197245693957        2502.294445801098
0.781621                 0.3913                   8.8                      0.11363636363636362      5.379224919531317E-13    5.442463561176332E-13    0.25                     5.0E10                   2700                     4167.655882574227        2406.197245693957        2502.294445801098
0.781621                 0.3913                   8.9                      0.11235955056179775      5.37644607971002E-13     5.440197905733673E-13    0.25                     5.0E10                   2700                     4167.655882574227        2406.197245693957        2502.294445801098
0.781621                 0.3913                   9                        0.11111111111111112      5.373995743112082E-13    5.438181406015949E-13    0.25                     5.0E10                   2700                     4167.655882574227        2406.197245693957        2502.294445801098
0.781621                 0.3913                   9.1                      0.1098901098901099       5.371845690184461E-13    5.436393199104336E-13    0.25                     5.0E10                   2700                     4167.655882574227        2406.197245693957        2502.294445801098
0.781621                 0.3913                   9.2                      0.10869565217391305      5.369969689252081E-13    5.43481378769096E-13     0.25                     5.0E10                   2700                     4167.655882574227        2406.197245693957        2502.294445801098
0.781621                 0.3913                   9.3                      0.10752688172043011      5.368343389794598E-13    5.433424983837969E-13    0.25                     5.0E10                   2700                     4167.655882574227        2406.197245693957        2502.294445801098
0.781621                 0.3913                   9.4                      0.10638297872340426      5.366944216259084E-13    5.432209849549933E-13    0.25                     5.0E10                   2700                     4167.655882574227        2406.197245693957        2502.294445801098
0.781621                 0.3913                   9.5                      0.10526315789473685      5.365751264577865E-13    5.431152636189963E-13    0.25                     5.0E10                   2700                     4167.655882574227        2406.197245693957        2502.294445801098
0.781621                 0.3913                   9.6                      0.10416666666666667      5.364745200946245E-13    5.430238722970444E-13    0.25                     5.0E10                   2700                     4167.655882574227        2406.197245693957        2502.294445801098
0.781621                 0.3913                   9.700000000000001        0.1030927835051546       5.363908164233305E-13    5.429454555790361E-13    0.25                     5.0E10                   2700                     4167.655882574227        2406.197245693957        2502.294445801098
0.781621                 0.3913                   9.8                      0.10204081632653059      5.363223672213304E-13    5.428787586848196E-13    0.25                     5.0E10                   2700                     4167.655882574227        2406.197245693957        2502.294445801098
0.781621                 0.3913                   9.9                      0.101010101010101        5.362676531314422E-13    5.428226215446317E-13    0.25                     5.0E10                   2700                     4167.655882574227        2406.197245693957        2502.294445801098
0.781621                 0.3913                   10                       0.1                      5.362002451545743E-13    5.427083158724441E-13    0.25                     5.0E10                   2700                     4167.655882574227        2406.197245693957        2502.294445801098
