1.77732                  0.666207                 0.1                      10                       5.331590130384357E-13    5.331550676363736E-13    0.25                     5.0E10                   2700                     6284.584314017913        3628.406445443142        2502.294445801098
1.77732                  0.666207                 0.2                      5                        5.335391595062871E-13    5.331745258509967E-13    0.25                     5.0E10                   2700                     6284.584314017913        3628.406445443142        2502.294445801098
1.77732                  0.666207                 0.30000000000000004      3.3333333333333326       5.357501137588828E-13    5.363011996618478E-13    0.25                     5.0E10                   2700                     6284.584314017913        3628.406445443142        2502.294445801098
1.77732                  0.666207                 0.4                      2.5                      5.302519995631261E-13    5.34107782095308E-13     0.25                     5.0E10                   2700                     6284.584314017913        3628.406445443142        2502.294445801098
1.77732                  0.666207                 0.5                      2                        5.416343181854433E-13    5.381794590931455E-13    0.25                     5.0E10                   2700                     6284.584314017913        3628.406445443142        2502.294445801098
1.77732                  0.666207                 0.6                      1.6666666666666667       5.688437699704136E-13    5.472758811601694E-13    0.25                     5.0E10                   2700                     6284.584314017913        3628.406445443142        2502.294445801098
1.77732                  0.666207                 0.7000000000000001       1.4285714285714284       5.946021640109677E-13    5.538561410395513E-13    0.25                     5.0E10                   2700                     6284.584314017913        3628.406445443142        2502.294445801098
1.77732                  0.666207                 0.8                      1.25                     6.319280715307466E-13    5.628157750209364E-13    0.25                     5.0E10                   2700                     6284.584314017913        3628.406445443142        2502.294445801098
1.77732                  0.666207                 0.9                      1.1111111111111112       6.624859096709231E-13    5.695189999871533E-13    0.25                     5.0E10                   2700                     6284.584314017913        3628.406445443142        2502.294445801098
1.77732                  0.666207                 1                        1                        7.114641057318533E-13    5.891324004695698E-13    0.25                     5.0E10                   2700                     6284.584314017913        3628.406445443142        2502.294445801098
1.77732                  0.666207                 1.1                      0.909090909090909        7.323292874908212E-13    5.976715135057055E-13    0.25                     5.0E10                   2700                     6284.584314017913        3628.406445443142        2502.294445801098
1.77732                  0.666207                 1.2000000000000002       0.8333333333333331       7.174540763983915E-13    5.722804550493966E-13    0.25                     5.0E10                   2700                     6284.584314017913        3628.406445443142        2502.294445801098
1.77732                  0.666207                 1.3000000000000003       0.769230769230769        7.400299573081777E-13    5.792972389556642E-13    0.25                     5.0E10                   2700                     6284.584314017913        3628.406445443142        2502.294445801098
1.77732                  0.666207                 1.4000000000000001       0.7142857142857142       7.656233404988676E-13    6.037903149710456E-13    0.25                     5.0E10                   2700                     6284.584314017913        3628.406445443142        2502.294445801098
1.77732                  0.666207                 1.5000000000000002       0.6666666666666665       7.129813308046699E-13    5.78998196567697E-13     0.25                     5.0E10                   2700                     6284.584314017913        3628.406445443142        2502.294445801098
1.77732                  0.666207                 1.6                      0.625                    6.448312045594022E-13    5.43516551530744E-13     0.25                     5.0E10                   2700                     6284.584314017913        3628.406445443142        2502.294445801098
1.77732                  0.666207                 1.7000000000000002       0.588235294117647        6.089476423500211E-13    5.346044409894404E-13    0.25                     5.0E10                   2700                     6284.584314017913        3628.406445443142        2502.294445801098
1.77732                  0.666207                 1.8000000000000003       0.5555555555555555       5.797945825844022E-13    5.319961296308295E-13    0.25                     5.0E10                   2700                     6284.584314017913        3628.406445443142        2502.294445801098
1.77732                  0.666207                 1.9000000000000001       0.5263157894736842       5.36917047088066E-13     5.153907023502148E-13    0.25                     5.0E10                   2700                     6284.584314017913        3628.406445443142        2502.294445801098
1.77732                  0.666207                 2                        0.5                      4.883211913307544E-13    4.88648342001768E-13     0.25                     5.0E10                   2700                     6284.584314017913        3628.406445443142        2502.294445801098
1.77732                  0.666207                 2.1                      0.47619047619047616      4.4868678070266845E-13   4.6486850356316E-13      0.25                     5.0E10                   2700                     6284.584314017913        3628.406445443142        2502.294445801098
1.77732                  0.666207                 2.2                      0.4545454545454545       4.2410816823511233E-13   4.512706933124059E-13    0.25                     5.0E10                   2700                     6284.584314017913        3628.406445443142        2502.294445801098
1.77732                  0.666207                 2.3000000000000003       0.43478260869565216      4.139216832039683E-13    4.488404144409201E-13    0.25                     5.0E10                   2700                     6284.584314017913        3628.406445443142        2502.294445801098
1.77732                  0.666207                 2.4000000000000004       0.4166666666666666       4.1461055294682286E-13   4.553047409847492E-13    0.25                     5.0E10                   2700                     6284.584314017913        3628.406445443142        2502.294445801098
1.77732                  0.666207                 2.5000000000000004       0.3999999999999999       4.2253651431593674E-13   4.676481957924758E-13    0.25                     5.0E10                   2700                     6284.584314017913        3628.406445443142        2502.294445801098
1.77732                  0.666207                 2.6                      0.3846153846153846       4.3403703751102223E-13   4.825290875947204E-13    0.25                     5.0E10                   2700                     6284.584314017913        3628.406445443142        2502.294445801098
1.77732                  0.666207                 2.7                      0.37037037037037035      4.4588776019433285E-13   4.967976260267304E-13    0.25                     5.0E10                   2700                     6284.584314017913        3628.406445443142        2502.294445801098
1.77732                  0.666207                 2.8000000000000003       0.3571428571428571       4.555549567752816E-13    5.079347259091295E-13    0.25                     5.0E10                   2700                     6284.584314017913        3628.406445443142        2502.294445801098
1.77732                  0.666207                 2.9000000000000004       0.3448275862068965       4.61504665409334E-13     5.144363829477106E-13    0.25                     5.0E10                   2700                     6284.584314017913        3628.406445443142        2502.294445801098
1.77732                  0.666207                 3.0000000000000004       0.33333333333333326      4.632861487841028E-13    5.159393195032034E-13    0.25                     5.0E10                   2700                     6284.584314017913        3628.406445443142        2502.294445801098
1.77732                  0.666207                 3.1                      0.32258064516129037      4.613375017730516E-13    5.130247983199194E-13    0.25                     5.0E10                   2700                     6284.584314017913        3628.406445443142        2502.294445801098
1.77732                  0.666207                 3.2                      0.3125                   4.566156481560855E-13    5.068208519579141E-13    0.25                     5.0E10                   2700                     6284.584314017913        3628.406445443142        2502.294445801098
1.77732                  0.666207                 3.3000000000000003       0.30303030303030304      4.502239659313272E-13    4.985983662691124E-13    0.25                     5.0E10                   2700                     6284.584314017913        3628.406445443142        2502.294445801098
1.77732                  0.666207                 3.4000000000000004       0.2941176470588235       4.4304187522091667E-13   4.893575105630391E-13    0.25                     5.0E10                   2700                     6284.584314017913        3628.406445443142        2502.294445801098
1.77732                  0.666207                 3.5000000000000004       0.2857142857142857       4.3606062773890044E-13   4.802422753449532E-13    0.25                     5.0E10                   2700                     6284.584314017913        3628.406445443142        2502.294445801098
1.77732                  0.666207                 3.6                      0.2777777777777778       4.296891609075516E-13    4.717130102552104E-13    0.25                     5.0E10                   2700                     6284.584314017913        3628.406445443142        2502.294445801098
1.77732                  0.666207                 3.7                      0.2702702702702703       4.242290835567099E-13    4.64119950834949E-13     0.25                     5.0E10                   2700                     6284.584314017913        3628.406445443142        2502.294445801098
1.77732                  0.666207                 3.8000000000000003       0.2631578947368421       4.198240337029298E-13    4.576356903480495E-13    0.25                     5.0E10                   2700                     6284.584314017913        3628.406445443142        2502.294445801098
1.77732                  0.666207                 3.9000000000000004       0.2564102564102564       4.1650913620622916E-13   4.523107588811944E-13    0.25                     5.0E10                   2700                     6284.584314017913        3628.406445443142        2502.294445801098
1.77732                  0.666207                 4                        0.25                     4.142499599642377E-13    4.4811757377451E-13      0.25                     5.0E10                   2700                     6284.584314017913        3628.406445443142        2502.294445801098
1.77732                  0.666207                 4.1                      0.24390243902439027      4.129718815257412E-13    4.449829332890781E-13    0.25                     5.0E10                   2700                     6284.584314017913        3628.406445443142        2502.294445801098
1.77732                  0.666207                 4.2                      0.23809523809523808      4.125791588468998E-13    4.4280959362103195E-13   0.25                     5.0E10                   2700                     6284.584314017913        3628.406445443142        2502.294445801098
1.77732                  0.666207                 4.3                      0.23255813953488372      4.129677239195363E-13    4.414904945507493E-13    0.25                     5.0E10                   2700                     6284.584314017913        3628.406445443142        2502.294445801098
1.77732                  0.666207                 4.3999999999999995       0.22727272727272732      4.140330696048924E-13    4.4091755339414975E-13   0.25                     5.0E10                   2700                     6284.584314017913        3628.406445443142        2502.294445801098
1.77732                  0.666207                 4.5                      0.22222222222222224      4.1567492078597906E-13   4.4098686089768747E-13   0.25                     5.0E10                   2700                     6284.584314017913        3628.406445443142        2502.294445801098
1.77732                  0.666207                 4.6                      0.2173913043478261       4.1779981626665935E-13   4.416015418419453E-13    0.25                     5.0E10                   2700                     6284.584314017913        3628.406445443142        2502.294445801098
1.77732                  0.666207                 4.7                      0.2127659574468085       4.2032236663238534E-13   4.426731384683062E-13    0.25                     5.0E10                   2700                     6284.584314017913        3628.406445443142        2502.294445801098
1.77732                  0.666207                 4.8                      0.20833333333333334      4.231659605491372E-13    4.441223083715731E-13    0.25                     5.0E10                   2700                     6284.584314017913        3628.406445443142        2502.294445801098
1.77732                  0.666207                 4.9                      0.20408163265306117      4.262616465798431E-13    4.458778583070152E-13    0.25                     5.0E10                   2700                     6284.584314017913        3628.406445443142        2502.294445801098
1.77732                  0.666207                 5                        0.2                      4.2955195505395504E-13   4.478772073308181E-13    0.25                     5.0E10                   2700                     6284.584314017913        3628.406445443142        2502.294445801098
1.77732                  0.666207                 5.1                      0.19607843137254904      4.3297739969405783E-13   4.500665162063935E-13    0.25                     5.0E10                   2700                     6284.584314017913        3628.406445443142        2502.294445801098
1.77732                  0.666207                 5.2                      0.1923076923076923       4.36496137682049E-13     4.523979754305279E-13    0.25                     5.0E10                   2700                     6284.584314017913        3628.406445443142        2502.294445801098
1.77732                  0.666207                 5.3                      0.18867924528301888      4.400689562289423E-13    4.548309815762404E-13    0.25                     5.0E10                   2700                     6284.584314017913        3628.406445443142        2502.294445801098
1.77732                  0.666207                 5.4                      0.18518518518518517      4.4366242180632764E-13   4.573308214064381E-13    0.25                     5.0E10                   2700                     6284.584314017913        3628.406445443142        2502.294445801098
1.77732                  0.666207                 5.5                      0.18181818181818182      4.4724828536606295E-13   4.598680387411516E-13    0.25                     5.0E10                   2700                     6284.584314017913        3628.406445443142        2502.294445801098
1.77732                  0.666207                 5.6                      0.17857142857142858      4.508029185291719E-13    4.624178400562046E-13    0.25                     5.0E10                   2700                     6284.584314017913        3628.406445443142        2502.294445801098
1.77732                  0.666207                 5.7                      0.17543859649122806      4.5430678648211687E-13   4.649595440888872E-13    0.25                     5.0E10                   2700                     6284.584314017913        3628.406445443142        2502.294445801098
1.77732                  0.666207                 5.8                      0.1724137931034483       4.57743960349128E-13     4.674760773995886E-13    0.25                     5.0E10                   2700                     6284.584314017913        3628.406445443142        2502.294445801098
1.77732                  0.666207                 5.9                      0.1694915254237288       4.611016698660252E-13    4.699535158168724E-13    0.25                     5.0E10                   2700                     6284.584314017913        3628.406445443142        2502.294445801098
1.77732                  0.666207                 6                        0.16666666666666666      4.643698959765546E-13    4.723806703922742E-13    0.25                     5.0E10                   2700                     6284.584314017913        3628.406445443142        2502.294445801098
1.77732                  0.666207                 6.1                      0.16393442622950818      4.67541002099622E-13     4.747487157391962E-13    0.25                     5.0E10                   2700                     6284.584314017913        3628.406445443142        2502.294445801098
1.77732                  0.666207                 6.2                      0.16129032258064518      4.706094023545682E-13    4.770508581880596E-13    0.25                     5.0E10                   2700                     6284.584314017913        3628.406445443142        2502.294445801098
1.77732                  0.666207                 6.3                      0.15873015873015872      4.735712646230805E-13    4.792820409260944E-13    0.25                     5.0E10                   2700                     6284.584314017913        3628.406445443142        2502.294445801098
1.77732                  0.666207                 6.4                      0.15625                  4.764247654382806E-13    4.814391423643729E-13    0.25                     5.0E10                   2700                     6284.584314017913        3628.406445443142        2502.294445801098
1.77732                  0.666207                 6.5                      0.15384615384615383      4.79167811363764E-13     4.835189380753373E-13    0.25                     5.0E10                   2700                     6284.584314017913        3628.406445443142        2502.294445801098
1.77732                  0.666207                 6.6                      0.15151515151515152      4.818008518355507E-13    4.855205714096581E-13    0.25                     5.0E10                   2700                     6284.584314017913        3628.406445443142        2502.294445801098
1.77732                  0.666207                 6.7                      0.1492537313432836       4.844998929115048E-13    4.876291603170009E-13    0.25                     5.0E10                   2700                     6284.584314017913        3628.406445443142        2502.294445801098
1.77732                  0.666207                 6.8                      0.14705882352941177      4.86908947323846E-13     4.894664802973069E-13    0.25                     5.0E10                   2700                     6284.584314017913        3628.406445443142        2502.294445801098
1.77732                  0.666207                 6.9                      0.14492753623188404      4.892124298347249E-13    4.912264698211419E-13    0.25                     5.0E10                   2700                     6284.584314017913        3628.406445443142        2502.294445801098
1.77732                  0.666207                 7                        0.14285714285714285      4.914129482293764E-13    4.929105076986599E-13    0.25                     5.0E10                   2700                     6284.584314017913        3628.406445443142        2502.294445801098
1.77732                  0.666207                 7.1                      0.14084507042253522      4.935134587762631E-13    4.945203432825506E-13    0.25                     5.0E10                   2700                     6284.584314017913        3628.406445443142        2502.294445801098
1.77732                  0.666207                 7.2                      0.1388888888888889       4.955171786320038E-13    4.960580129474186E-13    0.25                     5.0E10                   2700                     6284.584314017913        3628.406445443142        2502.294445801098
1.77732                  0.666207                 7.3                      0.13698630136986303      4.974275113378799E-13    4.975257690961139E-13    0.25                     5.0E10                   2700                     6284.584314017913        3628.406445443142        2502.294445801098
1.77732                  0.666207                 7.4                      0.13513513513513514      4.992479840136766E-13    4.989260202145664E-13    0.25                     5.0E10                   2700                     6284.584314017913        3628.406445443142        2502.294445801098
1.77732                  0.666207                 7.5                      0.13333333333333333      5.009821946279011E-13    5.002612804964098E-13    0.25                     5.0E10                   2700                     6284.584314017913        3628.406445443142        2502.294445801098
1.77732                  0.666207                 7.6                      0.13157894736842105      5.026337682513107E-13    5.015341278718535E-13    0.25                     5.0E10                   2700                     6284.584314017913        3628.406445443142        2502.294445801098
1.77732                  0.666207                 7.7                      0.12987012987012989      5.042063209704872E-13    5.027471692358035E-13    0.25                     5.0E10                   2700                     6284.584314017913        3628.406445443142        2502.294445801098
1.77732                  0.666207                 7.8                      0.12820512820512822      5.057034305083867E-13    5.039030119367439E-13    0.25                     5.0E10                   2700                     6284.584314017913        3628.406445443142        2502.294445801098
1.77732                  0.666207                 7.9                      0.12658227848101267      5.071286125884651E-13    5.05004240614505E-13     0.25                     5.0E10                   2700                     6284.584314017913        3628.406445443142        2502.294445801098
1.77732                  0.666207                 8                        0.125                    5.084853022277052E-13    5.060533986352462E-13    0.25                     5.0E10                   2700                     6284.584314017913        3628.406445443142        2502.294445801098
1.77732                  0.666207                 8.1                      0.1234567901234568       5.097768392678666E-13    5.070529734339909E-13    0.25                     5.0E10                   2700                     6284.584314017913        3628.406445443142        2502.294445801098
1.77732                  0.666207                 8.2                      0.12195121951219513      5.110064573955269E-13    5.080053851384969E-13    0.25                     5.0E10                   2700                     6284.584314017913        3628.406445443142        2502.294445801098
1.77732                  0.666207                 8.3                      0.12048192771084336      5.121772762506861E-13    5.08912978023051E-13     0.25                     5.0E10                   2700                     6284.584314017913        3628.406445443142        2502.294445801098
1.77732                  0.666207                 8.4                      0.11904761904761904      5.132922960114831E-13    5.097780142870645E-13    0.25                     5.0E10                   2700                     6284.584314017913        3628.406445443142        2502.294445801098
1.77732                  0.666207                 8.5                      0.11764705882352941      5.143543940929378E-13    5.10602669786271E-13     0.25                     5.0E10                   2700                     6284.584314017913        3628.406445443142        2502.294445801098
1.77732                  0.666207                 8.6                      0.11627906976744186      5.153663235890938E-13    5.113890314068113E-13    0.25                     5.0E10                   2700                     6284.584314017913        3628.406445443142        2502.294445801098
1.77732                  0.666207                 8.7                      0.11494252873563218      5.163307131282765E-13    5.121390957510842E-13    0.25                     5.0E10                   2700                     6284.584314017913        3628.406445443142        2502.294445801098
1.77732                  0.666207                 8.8                      0.11363636363636362      5.172500678818622E-13    5.128547689300205E-13    0.25                     5.0E10                   2700                     6284.584314017913        3628.406445443142        2502.294445801098
1.77732                  0.666207                 8.9                      0.11235955056179775      5.181267715169257E-13    5.135378672296374E-13    0.25                     5.0E10                   2700                     6284.584314017913        3628.406445443142        2502.294445801098
1.77732                  0.666207                 9                        0.11111111111111112      5.189630888714936E-13    5.14190118495053E-13     0.25                     5.0E10                   2700                     6284.584314017913        3628.406445443142        2502.294445801098
1.77732                  0.666207                 9.1                      0.1098901098901099       5.197611691791427E-13    5.148131640429464E-13    0.25                     5.0E10                   2700                     6284.584314017913        3628.406445443142        2502.294445801098
1.77732                  0.666207                 9.2                      0.10869565217391305      5.20523049743529E-13     5.154085610244275E-13    0.25                     5.0E10                   2700                     6284.584314017913        3628.406445443142        2502.294445801098
1.77732                  0.666207                 9.3                      0.10752688172043011      5.212506599250544E-13    5.159777851074697E-13    0.25                     5.0E10                   2700                     6284.584314017913        3628.406445443142        2502.294445801098
1.77732                  0.666207                 9.4                      0.10638297872340426      5.21945825308166E-13     5.16522233375249E-13     0.25                     5.0E10                   2700                     6284.584314017913        3628.406445443142        2502.294445801098
1.77732                  0.666207                 9.5                      0.10526315789473685      5.226102720363156E-13    5.17043227393767E-13     0.25                     5.0E10                   2700                     6284.584314017913        3628.406445443142        2502.294445801098
1.77732                  0.666207                 9.6                      0.10416666666666667      5.232472622756787E-13    5.175435365537681E-13    0.25                     5.0E10                   2700                     6284.584314017913        3628.406445443142        2502.294445801098
1.77732                  0.666207                 9.700000000000001        0.1030927835051546       5.238551111989304E-13    5.180213377227098E-13    0.25                     5.0E10                   2700                     6284.584314017913        3628.406445443142        2502.294445801098
1.77732                  0.666207                 9.8                      0.10204081632653059      5.2443686731505E-13      5.184792283060799E-13    0.25                     5.0E10                   2700                     6284.584314017913        3628.406445443142        2502.294445801098
1.77732                  0.666207                 9.9                      0.101010101010101        5.249939027989016E-13    5.189182597855085E-13    0.25                     5.0E10                   2700                     6284.584314017913        3628.406445443142        2502.294445801098
1.77732                  0.666207                 10                       0.1                      5.254745485319996E-13    5.192747921483406E-13    0.25                     5.0E10                   2700                     6284.584314017913        3628.406445443142        2502.294445801098
