1.03562                  0.323395                 0.1                      10                       5.331500212226149E-13    5.331564795291591E-13    0.25                     5.0E10                   2700                     4797.267740889368        2769.7038215771845       2502.294445801098
1.03562                  0.323395                 0.2                      5                        5.343349787030511E-13    5.332672284970025E-13    0.25                     5.0E10                   2700                     4797.267740889368        2769.7038215771845       2502.294445801098
1.03562                  0.323395                 0.30000000000000004      3.3333333333333326       5.415461272014154E-13    5.374601611312435E-13    0.25                     5.0E10                   2700                     4797.267740889368        2769.7038215771845       2502.294445801098
1.03562                  0.323395                 0.4                      2.5                      5.423188389011655E-13    5.359969637401744E-13    0.25                     5.0E10                   2700                     4797.267740889368        2769.7038215771845       2502.294445801098
1.03562                  0.323395                 0.5                      2                        5.449831901371278E-13    5.374515087035587E-13    0.25                     5.0E10                   2700                     4797.267740889368        2769.7038215771845       2502.294445801098
1.03562                  0.323395                 0.6                      1.6666666666666667       5.505136663425637E-13    5.421647207761325E-13    0.25                     5.0E10                   2700                     4797.267740889368        2769.7038215771845       2502.294445801098
1.03562                  0.323395                 0.7000000000000001       1.4285714285714284       5.488307319224693E-13    5.404769567744116E-13    0.25                     5.0E10                   2700                     4797.267740889368        2769.7038215771845       2502.294445801098
1.03562                  0.323395                 0.8                      1.25                     5.456960238091709E-13    5.367513260906716E-13    0.25                     5.0E10                   2700                     4797.267740889368        2769.7038215771845       2502.294445801098
1.03562                  0.323395                 0.9                      1.1111111111111112       5.432673054771023E-13    5.37331743274576E-13     0.25                     5.0E10                   2700                     4797.267740889368        2769.7038215771845       2502.294445801098
1.03562                  0.323395                 1                        1                        5.430952838717794E-13    5.34888098472398E-13     0.25                     5.0E10                   2700                     4797.267740889368        2769.7038215771845       2502.294445801098
1.03562                  0.323395                 1.1                      0.909090909090909        5.425188716805648E-13    5.381604961608529E-13    0.25                     5.0E10                   2700                     4797.267740889368        2769.7038215771845       2502.294445801098
1.03562                  0.323395                 1.2000000000000002       0.8333333333333331       5.344776940779445E-13    5.319330523701466E-13    0.25                     5.0E10                   2700                     4797.267740889368        2769.7038215771845       2502.294445801098
1.03562                  0.323395                 1.3000000000000003       0.769230769230769        5.342487748317293E-13    5.307185514400277E-13    0.25                     5.0E10                   2700                     4797.267740889368        2769.7038215771845       2502.294445801098
1.03562                  0.323395                 1.4000000000000001       0.7142857142857142       5.394752311472286E-13    5.378871534234037E-13    0.25                     5.0E10                   2700                     4797.267740889368        2769.7038215771845       2502.294445801098
1.03562                  0.323395                 1.5000000000000002       0.6666666666666665       5.340125637547825E-13    5.368091387798218E-13    0.25                     5.0E10                   2700                     4797.267740889368        2769.7038215771845       2502.294445801098
1.03562                  0.323395                 1.6                      0.625                    5.228567269716271E-13    5.288133789723945E-13    0.25                     5.0E10                   2700                     4797.267740889368        2769.7038215771845       2502.294445801098
1.03562                  0.323395                 1.7000000000000002       0.588235294117647        5.221598421217077E-13    5.291356758215563E-13    0.25                     5.0E10                   2700                     4797.267740889368        2769.7038215771845       2502.294445801098
1.03562                  0.323395                 1.8000000000000003       0.5555555555555555       5.240987909368595E-13    5.308825857549797E-13    0.25                     5.0E10                   2700                     4797.267740889368        2769.7038215771845       2502.294445801098
1.03562                  0.323395                 1.9000000000000001       0.5263157894736842       5.229196358503101E-13    5.293257343235877E-13    0.25                     5.0E10                   2700                     4797.267740889368        2769.7038215771845       2502.294445801098
1.03562                  0.323395                 2                        0.5                      5.212852175004196E-13    5.277212579118357E-13    0.25                     5.0E10                   2700                     4797.267740889368        2769.7038215771845       2502.294445801098
1.03562                  0.323395                 2.1                      0.47619047619047616      5.209930180921541E-13    5.280832359532029E-13    0.25                     5.0E10                   2700                     4797.267740889368        2769.7038215771845       2502.294445801098
1.03562                  0.323395                 2.2                      0.4545454545454545       5.20920521473278E-13     5.291053433302019E-13    0.25                     5.0E10                   2700                     4797.267740889368        2769.7038215771845       2502.294445801098
1.03562                  0.323395                 2.3000000000000003       0.43478260869565216      5.19810184975371E-13     5.291831709938666E-13    0.25                     5.0E10                   2700                     4797.267740889368        2769.7038215771845       2502.294445801098
1.03562                  0.323395                 2.4000000000000004       0.4166666666666666       5.178891912629928E-13    5.282275419610244E-13    0.25                     5.0E10                   2700                     4797.267740889368        2769.7038215771845       2502.294445801098
1.03562                  0.323395                 2.5000000000000004       0.3999999999999999       5.162937888272203E-13    5.272046848149771E-13    0.25                     5.0E10                   2700                     4797.267740889368        2769.7038215771845       2502.294445801098
1.03562                  0.323395                 2.6                      0.3846153846153846       5.159514199091528E-13    5.270269563039386E-13    0.25                     5.0E10                   2700                     4797.267740889368        2769.7038215771845       2502.294445801098
1.03562                  0.323395                 2.7                      0.37037037037037035      5.171040700089959E-13    5.279998775496558E-13    0.25                     5.0E10                   2700                     4797.267740889368        2769.7038215771845       2502.294445801098
1.03562                  0.323395                 2.8000000000000003       0.3571428571428571       5.193864998430325E-13    5.298461675292492E-13    0.25                     5.0E10                   2700                     4797.267740889368        2769.7038215771845       2502.294445801098
1.03562                  0.323395                 2.9000000000000004       0.3448275862068965       5.221533886164874E-13    5.320022337940627E-13    0.25                     5.0E10                   2700                     4797.267740889368        2769.7038215771845       2502.294445801098
1.03562                  0.323395                 3.0000000000000004       0.33333333333333326      5.247765215207743E-13    5.339051447698523E-13    0.25                     5.0E10                   2700                     4797.267740889368        2769.7038215771845       2502.294445801098
1.03562                  0.323395                 3.1                      0.32258064516129037      5.268216922719475E-13    5.351693263584846E-13    0.25                     5.0E10                   2700                     4797.267740889368        2769.7038215771845       2502.294445801098
1.03562                  0.323395                 3.2                      0.3125                   5.281009126295115E-13    5.356420284697756E-13    0.25                     5.0E10                   2700                     4797.267740889368        2769.7038215771845       2502.294445801098
1.03562                  0.323395                 3.3000000000000003       0.30303030303030304      5.287113446487787E-13    5.354603613940348E-13    0.25                     5.0E10                   2700                     4797.267740889368        2769.7038215771845       2502.294445801098
1.03562                  0.323395                 3.4000000000000004       0.2941176470588235       5.286659114759677E-13    5.346217940675768E-13    0.25                     5.0E10                   2700                     4797.267740889368        2769.7038215771845       2502.294445801098
1.03562                  0.323395                 3.5000000000000004       0.2857142857142857       5.282197921898412E-13    5.334190177605767E-13    0.25                     5.0E10                   2700                     4797.267740889368        2769.7038215771845       2502.294445801098
1.03562                  0.323395                 3.6                      0.2777777777777778       5.276053485775981E-13    5.32091055259512E-13     0.25                     5.0E10                   2700                     4797.267740889368        2769.7038215771845       2502.294445801098
1.03562                  0.323395                 3.7                      0.2702702702702703       5.269914706888143E-13    5.308152611112988E-13    0.25                     5.0E10                   2700                     4797.267740889368        2769.7038215771845       2502.294445801098
1.03562                  0.323395                 3.8000000000000003       0.2631578947368421       5.264961028050677E-13    5.297158454670685E-13    0.25                     5.0E10                   2700                     4797.267740889368        2769.7038215771845       2502.294445801098
1.03562                  0.323395                 3.9000000000000004       0.2564102564102564       5.261870570018994E-13    5.288649120698965E-13    0.25                     5.0E10                   2700                     4797.267740889368        2769.7038215771845       2502.294445801098
1.03562                  0.323395                 4                        0.25                     5.260903964013062E-13    5.282909412733628E-13    0.25                     5.0E10                   2700                     4797.267740889368        2769.7038215771845       2502.294445801098
1.03562                  0.323395                 4.1                      0.24390243902439027      5.262004460539102E-13    5.279891410364469E-13    0.25                     5.0E10                   2700                     4797.267740889368        2769.7038215771845       2502.294445801098
1.03562                  0.323395                 4.2                      0.23809523809523808      5.264915761013284E-13    5.279330838267136E-13    0.25                     5.0E10                   2700                     4797.267740889368        2769.7038215771845       2502.294445801098
1.03562                  0.323395                 4.3                      0.23255813953488372      5.269264900070968E-13    5.280833748861766E-13    0.25                     5.0E10                   2700                     4797.267740889368        2769.7038215771845       2502.294445801098
1.03562                  0.323395                 4.3999999999999995       0.22727272727272732      5.274634198996098E-13    5.283950081213409E-13    0.25                     5.0E10                   2700                     4797.267740889368        2769.7038215771845       2502.294445801098
1.03562                  0.323395                 4.5                      0.22222222222222224      5.280611289340008E-13    5.288225955830503E-13    0.25                     5.0E10                   2700                     4797.267740889368        2769.7038215771845       2502.294445801098
1.03562                  0.323395                 4.6                      0.2173913043478261       5.286821721047136E-13    5.293238623191351E-13    0.25                     5.0E10                   2700                     4797.267740889368        2769.7038215771845       2502.294445801098
1.03562                  0.323395                 4.7                      0.2127659574468085       5.29294760385596E-13     5.298617396452394E-13    0.25                     5.0E10                   2700                     4797.267740889368        2769.7038215771845       2502.294445801098
1.03562                  0.323395                 4.8                      0.20833333333333334      5.298735721273777E-13    5.304053902250248E-13    0.25                     5.0E10                   2700                     4797.267740889368        2769.7038215771845       2502.294445801098
1.03562                  0.323395                 4.9                      0.20408163265306117      5.303998174566294E-13    5.30930462563658E-13     0.25                     5.0E10                   2700                     4797.267740889368        2769.7038215771845       2502.294445801098
1.03562                  0.323395                 5                        0.2                      5.308677321608431E-13    5.314114166825709E-13    0.25                     5.0E10                   2700                     4797.267740889368        2769.7038215771845       2502.294445801098
1.03562                  0.323395                 5.1                      0.19607843137254904      5.31251292423725E-13     5.318495067345421E-13    0.25                     5.0E10                   2700                     4797.267740889368        2769.7038215771845       2502.294445801098
1.03562                  0.323395                 5.2                      0.1923076923076923       5.31559315020708E-13     5.322300685822946E-13    0.25                     5.0E10                   2700                     4797.267740889368        2769.7038215771845       2502.294445801098
1.03562                  0.323395                 5.3                      0.18867924528301888      5.317933470942069E-13    5.325501822935237E-13    0.25                     5.0E10                   2700                     4797.267740889368        2769.7038215771845       2502.294445801098
1.03562                  0.323395                 5.4                      0.18518518518518517      5.319561661805785E-13    5.328086933100123E-13    0.25                     5.0E10                   2700                     4797.267740889368        2769.7038215771845       2502.294445801098
1.03562                  0.323395                 5.5                      0.18181818181818182      5.320539374325098E-13    5.330082360673049E-13    0.25                     5.0E10                   2700                     4797.267740889368        2769.7038215771845       2502.294445801098
1.03562                  0.323395                 5.6                      0.17857142857142858      5.320936150165455E-13    5.331527301815136E-13    0.25                     5.0E10                   2700                     4797.267740889368        2769.7038215771845       2502.294445801098
1.03562                  0.323395                 5.7                      0.17543859649122806      5.32082855380703E-13     5.332472525432417E-13    0.25                     5.0E10                   2700                     4797.267740889368        2769.7038215771845       2502.294445801098
1.03562                  0.323395                 5.8                      0.1724137931034483       5.320295712834503E-13    5.332975642047091E-13    0.25                     5.0E10                   2700                     4797.267740889368        2769.7038215771845       2502.294445801098
1.03562                  0.323395                 5.9                      0.1694915254237288       5.319415896149319E-13    5.333097343407283E-13    0.25                     5.0E10                   2700                     4797.267740889368        2769.7038215771845       2502.294445801098
1.03562                  0.323395                 6                        0.16666666666666666      5.318264002975704E-13    5.332898514401674E-13    0.25                     5.0E10                   2700                     4797.267740889368        2769.7038215771845       2502.294445801098
1.03562                  0.323395                 6.1                      0.16393442622950818      5.316909823335461E-13    5.3324381009138E-13      0.25                     5.0E10                   2700                     4797.267740889368        2769.7038215771845       2502.294445801098
1.03562                  0.323395                 6.2                      0.16129032258064518      5.31541693139019E-13     5.331771612175917E-13    0.25                     5.0E10                   2700                     4797.267740889368        2769.7038215771845       2502.294445801098
1.03562                  0.323395                 6.3                      0.15873015873015872      5.313842081615304E-13    5.330950140475951E-13    0.25                     5.0E10                   2700                     4797.267740889368        2769.7038215771845       2502.294445801098
1.03562                  0.323395                 6.4                      0.15625                  5.312234993012552E-13    5.330019791744713E-13    0.25                     5.0E10                   2700                     4797.267740889368        2769.7038215771845       2502.294445801098
1.03562                  0.323395                 6.5                      0.15384615384615383      5.3106384223121E-13      5.329021433561241E-13    0.25                     5.0E10                   2700                     4797.267740889368        2769.7038215771845       2502.294445801098
1.03562                  0.323395                 6.6                      0.15151515151515152      5.309088443254384E-13    5.327990680449405E-13    0.25                     5.0E10                   2700                     4797.267740889368        2769.7038215771845       2502.294445801098
1.03562                  0.323395                 6.7                      0.1492537313432836       5.307614865781724E-13    5.326958051064941E-13    0.25                     5.0E10                   2700                     4797.267740889368        2769.7038215771845       2502.294445801098
1.03562                  0.323395                 6.8                      0.14705882352941177      5.30624174190709E-13     5.325949243436148E-13    0.25                     5.0E10                   2700                     4797.267740889368        2769.7038215771845       2502.294445801098
1.03562                  0.323395                 6.9                      0.14492753623188404      5.304987917218116E-13    5.32498548619135E-13     0.25                     5.0E10                   2700                     4797.267740889368        2769.7038215771845       2502.294445801098
1.03562                  0.323395                 7                        0.14285714285714285      5.303867597979942E-13    5.324083932962933E-13    0.25                     5.0E10                   2700                     4797.267740889368        2769.7038215771845       2502.294445801098
1.03562                  0.323395                 7.1                      0.14084507042253522      5.302890910974367E-13    5.323258075590398E-13    0.25                     5.0E10                   2700                     4797.267740889368        2769.7038215771845       2502.294445801098
1.03562                  0.323395                 7.2                      0.1388888888888889       5.302064441345704E-13    5.322518157800626E-13    0.25                     5.0E10                   2700                     4797.267740889368        2769.7038215771845       2502.294445801098
1.03562                  0.323395                 7.3                      0.13698630136986303      5.301391736879064E-13    5.321871576349448E-13    0.25                     5.0E10                   2700                     4797.267740889368        2769.7038215771845       2502.294445801098
1.03562                  0.323395                 7.4                      0.13513513513513514      5.300873774251501E-13    5.321323261557927E-13    0.25                     5.0E10                   2700                     4797.267740889368        2769.7038215771845       2502.294445801098
1.03562                  0.323395                 7.5                      0.13333333333333333      5.300509382305442E-13    5.320876030940763E-13    0.25                     5.0E10                   2700                     4797.267740889368        2769.7038215771845       2502.294445801098
1.03562                  0.323395                 7.6                      0.13157894736842105      5.300295622893244E-13    5.320530913653843E-13    0.25                     5.0E10                   2700                     4797.267740889368        2769.7038215771845       2502.294445801098
1.03562                  0.323395                 7.7                      0.12987012987012989      5.300228128891344E-13    5.320287443808808E-13    0.25                     5.0E10                   2700                     4797.267740889368        2769.7038215771845       2502.294445801098
1.03562                  0.323395                 7.8                      0.12820512820512822      5.300301401953211E-13    5.320143923298582E-13    0.25                     5.0E10                   2700                     4797.267740889368        2769.7038215771845       2502.294445801098
1.03562                  0.323395                 7.9                      0.12658227848101267      5.300527802649482E-13    5.320115345812313E-13    0.25                     5.0E10                   2700                     4797.267740889368        2769.7038215771845       2502.294445801098
1.03562                  0.323395                 8                        0.125                    5.300863367831099E-13    5.320163360988186E-13    0.25                     5.0E10                   2700                     4797.267740889368        2769.7038215771845       2502.294445801098
1.03562                  0.323395                 8.1                      0.1234567901234568       5.301318831690444E-13    5.320301022056009E-13    0.25                     5.0E10                   2700                     4797.267740889368        2769.7038215771845       2502.294445801098
1.03562                  0.323395                 8.2                      0.12195121951219513      5.301886429654883E-13    5.320523757898049E-13    0.25                     5.0E10                   2700                     4797.267740889368        2769.7038215771845       2502.294445801098
1.03562                  0.323395                 8.3                      0.12048192771084336      5.302558242715431E-13    5.320826667260266E-13    0.25                     5.0E10                   2700                     4797.267740889368        2769.7038215771845       2502.294445801098
1.03562                  0.323395                 8.4                      0.11904761904761904      5.303326311767547E-13    5.32120463105084E-13     0.25                     5.0E10                   2700                     4797.267740889368        2769.7038215771845       2502.294445801098
1.03562                  0.323395                 8.5                      0.11764705882352941      5.304182731914189E-13    5.321652407028961E-13    0.25                     5.0E10                   2700                     4797.267740889368        2769.7038215771845       2502.294445801098
1.03562                  0.323395                 8.6                      0.11627906976744186      5.305119729130955E-13    5.322164709031067E-13    0.25                     5.0E10                   2700                     4797.267740889368        2769.7038215771845       2502.294445801098
1.03562                  0.323395                 8.7                      0.11494252873563218      5.306129721726864E-13    5.322736272284099E-13    0.25                     5.0E10                   2700                     4797.267740889368        2769.7038215771845       2502.294445801098
1.03562                  0.323395                 8.8                      0.11363636363636362      5.30720536831239E-13     5.323361906752594E-13    0.25                     5.0E10                   2700                     4797.267740889368        2769.7038215771845       2502.294445801098
1.03562                  0.323395                 8.9                      0.11235955056179775      5.308339604930995E-13    5.324036540191211E-13    0.25                     5.0E10                   2700                     4797.267740889368        2769.7038215771845       2502.294445801098
1.03562                  0.323395                 9                        0.11111111111111112      5.309525672255407E-13    5.324755252110919E-13    0.25                     5.0E10                   2700                     4797.267740889368        2769.7038215771845       2502.294445801098
1.03562                  0.323395                 9.1                      0.1098901098901099       5.310757134623315E-13    5.325513299936481E-13    0.25                     5.0E10                   2700                     4797.267740889368        2769.7038215771845       2502.294445801098
1.03562                  0.323395                 9.2                      0.10869565217391305      5.312027892314524E-13    5.326306138676216E-13    0.25                     5.0E10                   2700                     4797.267740889368        2769.7038215771845       2502.294445801098
1.03562                  0.323395                 9.3                      0.10752688172043011      5.313332188115752E-13    5.327129434953664E-13    0.25                     5.0E10                   2700                     4797.267740889368        2769.7038215771845       2502.294445801098
1.03562                  0.323395                 9.4                      0.10638297872340426      5.31466460911027E-13     5.32797907632987E-13     0.25                     5.0E10                   2700                     4797.267740889368        2769.7038215771845       2502.294445801098
1.03562                  0.323395                 9.5                      0.10526315789473685      5.316020084847791E-13    5.328851176699855E-13    0.25                     5.0E10                   2700                     4797.267740889368        2769.7038215771845       2502.294445801098
1.03562                  0.323395                 9.6                      0.10416666666666667      5.317393881714531E-13    5.329742078250523E-13    0.25                     5.0E10                   2700                     4797.267740889368        2769.7038215771845       2502.294445801098
1.03562                  0.323395                 9.700000000000001        0.1030927835051546       5.31878159561077E-13     5.33064835097004E-13     0.25                     5.0E10                   2700                     4797.267740889368        2769.7038215771845       2502.294445801098
1.03562                  0.323395                 9.8                      0.10204081632653059      5.320179142499192E-13    5.331566789899554E-13    0.25                     5.0E10                   2700                     4797.267740889368        2769.7038215771845       2502.294445801098
1.03562                  0.323395                 9.9                      0.101010101010101        5.32158274682639E-13     5.33249441040459E-13     0.25                     5.0E10                   2700                     4797.267740889368        2769.7038215771845       2502.294445801098
1.03562                  0.323395                 10                       0.1                      5.322849153792818E-13    5.332865473547422E-13    0.25                     5.0E10                   2700                     4797.267740889368        2769.7038215771845       2502.294445801098
