1.90433                  0.790809                 0.1                      10                       5.331267212550787E-13    5.331408261003188E-13    0.25                     5.0E10                   2700                     6505.262826699967        3755.8152441444918       2502.294445801098
1.90433                  0.790809                 0.2                      5                        5.335217017315242E-13    5.331768452323441E-13    0.25                     5.0E10                   2700                     6505.262826699967        3755.8152441444918       2502.294445801098
1.90433                  0.790809                 0.30000000000000004      3.3333333333333326       5.369018825521326E-13    5.363421983478499E-13    0.25                     5.0E10                   2700                     6505.262826699967        3755.8152441444918       2502.294445801098
1.90433                  0.790809                 0.4                      2.5                      5.313848439129565E-13    5.339083021413311E-13    0.25                     5.0E10                   2700                     6505.262826699967        3755.8152441444918       2502.294445801098
1.90433                  0.790809                 0.5                      2                        5.307789760985524E-13    5.361122203744959E-13    0.25                     5.0E10                   2700                     6505.262826699967        3755.8152441444918       2502.294445801098
1.90433                  0.790809                 0.6                      1.6666666666666667       5.419615417665811E-13    5.442332987183191E-13    0.25                     5.0E10                   2700                     6505.262826699967        3755.8152441444918       2502.294445801098
1.90433                  0.790809                 0.7000000000000001       1.4285714285714284       5.593063648315898E-13    5.496761766144776E-13    0.25                     5.0E10                   2700                     6505.262826699967        3755.8152441444918       2502.294445801098
1.90433                  0.790809                 0.8                      1.25                     5.89526920218135E-13     5.552795190333869E-13    0.25                     5.0E10                   2700                     6505.262826699967        3755.8152441444918       2502.294445801098
1.90433                  0.790809                 0.9                      1.1111111111111112       6.144534594878586E-13    5.604862400506708E-13    0.25                     5.0E10                   2700                     6505.262826699967        3755.8152441444918       2502.294445801098
1.90433                  0.790809                 1                        1                        6.545728510763387E-13    5.740238164554181E-13    0.25                     5.0E10                   2700                     6505.262826699967        3755.8152441444918       2502.294445801098
1.90433                  0.790809                 1.1                      0.909090909090909        6.852695167904167E-13    5.887931368548684E-13    0.25                     5.0E10                   2700                     6505.262826699967        3755.8152441444918       2502.294445801098
1.90433                  0.790809                 1.2000000000000002       0.8333333333333331       6.914949824079371E-13    5.768044271597607E-13    0.25                     5.0E10                   2700                     6505.262826699967        3755.8152441444918       2502.294445801098
1.90433                  0.790809                 1.3000000000000003       0.769230769230769        7.230571489839853E-13    5.831948309642537E-13    0.25                     5.0E10                   2700                     6505.262826699967        3755.8152441444918       2502.294445801098
1.90433                  0.790809                 1.4000000000000001       0.7142857142857142       7.658450974848084E-13    6.070259493540559E-13    0.25                     5.0E10                   2700                     6505.262826699967        3755.8152441444918       2502.294445801098
1.90433                  0.790809                 1.5000000000000002       0.6666666666666665       7.591285551103231E-13    6.014632052476244E-13    0.25                     5.0E10                   2700                     6505.262826699967        3755.8152441444918       2502.294445801098
1.90433                  0.790809                 1.6                      0.625                    7.180058416771498E-13    5.742924960972693E-13    0.25                     5.0E10                   2700                     6505.262826699967        3755.8152441444918       2502.294445801098
1.90433                  0.790809                 1.7000000000000002       0.588235294117647        6.863967709436067E-13    5.595555755128972E-13    0.25                     5.0E10                   2700                     6505.262826699967        3755.8152441444918       2502.294445801098
1.90433                  0.790809                 1.8000000000000003       0.5555555555555555       6.608152999748598E-13    5.558535570447297E-13    0.25                     5.0E10                   2700                     6505.262826699967        3755.8152441444918       2502.294445801098
1.90433                  0.790809                 1.9000000000000001       0.5263157894736842       6.241415130198477E-13    5.47513393032612E-13     0.25                     5.0E10                   2700                     6505.262826699967        3755.8152441444918       2502.294445801098
1.90433                  0.790809                 2                        0.5                      5.737657691349724E-13    5.272308364097512E-13    0.25                     5.0E10                   2700                     6505.262826699967        3755.8152441444918       2502.294445801098
1.90433                  0.790809                 2.1                      0.47619047619047616      5.223354194253562E-13    5.015747922006215E-13    0.25                     5.0E10                   2700                     6505.262826699967        3755.8152441444918       2502.294445801098
1.90433                  0.790809                 2.2                      0.4545454545454545       4.825651432333111E-13    4.809199596605843E-13    0.25                     5.0E10                   2700                     6505.262826699967        3755.8152441444918       2502.294445801098
1.90433                  0.790809                 2.3000000000000003       0.43478260869565216      4.589256230455067E-13    4.706857842121787E-13    0.25                     5.0E10                   2700                     6505.262826699967        3755.8152441444918       2502.294445801098
1.90433                  0.790809                 2.4000000000000004       0.4166666666666666       4.49988415162362E-13     4.712264542744973E-13    0.25                     5.0E10                   2700                     6505.262826699967        3755.8152441444918       2502.294445801098
1.90433                  0.790809                 2.5000000000000004       0.3999999999999999       4.5193517546344095E-13   4.801114493978967E-13    0.25                     5.0E10                   2700                     6505.262826699967        3755.8152441444918       2502.294445801098
1.90433                  0.790809                 2.6                      0.3846153846153846       4.602433900172882E-13    4.936791628511486E-13    0.25                     5.0E10                   2700                     6505.262826699967        3755.8152441444918       2502.294445801098
1.90433                  0.790809                 2.7                      0.37037037037037035      4.707744438074017E-13    5.08180243713647E-13     0.25                     5.0E10                   2700                     6505.262826699967        3755.8152441444918       2502.294445801098
1.90433                  0.790809                 2.8000000000000003       0.3571428571428571       4.794378224692468E-13    5.196727559661486E-13    0.25                     5.0E10                   2700                     6505.262826699967        3755.8152441444918       2502.294445801098
1.90433                  0.790809                 2.9000000000000004       0.3448275862068965       4.841519340620633E-13    5.261652381680127E-13    0.25                     5.0E10                   2700                     6505.262826699967        3755.8152441444918       2502.294445801098
1.90433                  0.790809                 3.0000000000000004       0.33333333333333326      4.840882381339209E-13    5.269314117990975E-13    0.25                     5.0E10                   2700                     6505.262826699967        3755.8152441444918       2502.294445801098
1.90433                  0.790809                 3.1                      0.32258064516129037      4.796895631171258E-13    5.225643001821385E-13    0.25                     5.0E10                   2700                     6505.262826699967        3755.8152441444918       2502.294445801098
1.90433                  0.790809                 3.2                      0.3125                   4.721369862615056E-13    5.144261664250558E-13    0.25                     5.0E10                   2700                     6505.262826699967        3755.8152441444918       2502.294445801098
1.90433                  0.790809                 3.3000000000000003       0.30303030303030304      4.628061710765991E-13    5.040726650305159E-13    0.25                     5.0E10                   2700                     6505.262826699967        3755.8152441444918       2502.294445801098
1.90433                  0.790809                 3.4000000000000004       0.2941176470588235       4.5289989017327033E-13   4.928713550468077E-13    0.25                     5.0E10                   2700                     6505.262826699967        3755.8152441444918       2502.294445801098
1.90433                  0.790809                 3.5000000000000004       0.2857142857142857       4.433232107746237E-13    4.81822745087784E-13     0.25                     5.0E10                   2700                     6505.262826699967        3755.8152441444918       2502.294445801098
1.90433                  0.790809                 3.6                      0.2777777777777778       4.346411841003415E-13    4.71587770001801E-13     0.25                     5.0E10                   2700                     6505.262826699967        3755.8152441444918       2502.294445801098
1.90433                  0.790809                 3.7                      0.2702702702702703       4.2716337904248537E-13   4.625309470908579E-13    0.25                     5.0E10                   2700                     6505.262826699967        3755.8152441444918       2502.294445801098
1.90433                  0.790809                 3.8000000000000003       0.2631578947368421       4.2101319851939246E-13   4.548095858682323E-13    0.25                     5.0E10                   2700                     6505.262826699967        3755.8152441444918       2502.294445801098
1.90433                  0.790809                 3.9000000000000004       0.2564102564102564       4.161936204624247E-13    4.484461516127978E-13    0.25                     5.0E10                   2700                     6505.262826699967        3755.8152441444918       2502.294445801098
1.90433                  0.790809                 4                        0.25                     4.1257548177202757E-13   4.433173264023892E-13    0.25                     5.0E10                   2700                     6505.262826699967        3755.8152441444918       2502.294445801098
1.90433                  0.790809                 4.1                      0.24390243902439027      4.1019244402530255E-13   4.3947188730611937E-13   0.25                     5.0E10                   2700                     6505.262826699967        3755.8152441444918       2502.294445801098
1.90433                  0.790809                 4.2                      0.23809523809523808      4.088406295126613E-13    4.366999931892128E-13    0.25                     5.0E10                   2700                     6505.262826699967        3755.8152441444918       2502.294445801098
1.90433                  0.790809                 4.3                      0.23255813953488372      4.0839424547342855E-13   4.348752965083791E-13    0.25                     5.0E10                   2700                     6505.262826699967        3755.8152441444918       2502.294445801098
1.90433                  0.790809                 4.3999999999999995       0.22727272727272732      4.087314955109921E-13    4.338746518996947E-13    0.25                     5.0E10                   2700                     6505.262826699967        3755.8152441444918       2502.294445801098
1.90433                  0.790809                 4.5                      0.22222222222222224      4.0973858979954077E-13   4.3358263538532717E-13   0.25                     5.0E10                   2700                     6505.262826699967        3755.8152441444918       2502.294445801098
1.90433                  0.790809                 4.6                      0.2173913043478261       4.1131153522562664E-13   4.3389364948013957E-13   0.25                     5.0E10                   2700                     6505.262826699967        3755.8152441444918       2502.294445801098
1.90433                  0.790809                 4.7                      0.2127659574468085       4.133566834558105E-13    4.3471263082416423E-13   0.25                     5.0E10                   2700                     6505.262826699967        3755.8152441444918       2502.294445801098
1.90433                  0.790809                 4.8                      0.20833333333333334      4.1579057465072235E-13   4.359549582037716E-13    0.25                     5.0E10                   2700                     6505.262826699967        3755.8152441444918       2502.294445801098
1.90433                  0.790809                 4.9                      0.20408163265306117      4.1853940455552845E-13   4.3754592774522495E-13   0.25                     5.0E10                   2700                     6505.262826699967        3755.8152441444918       2502.294445801098
1.90433                  0.790809                 5                        0.2                      4.2154192299019854E-13   4.3942292180927214E-13   0.25                     5.0E10                   2700                     6505.262826699967        3755.8152441444918       2502.294445801098
1.90433                  0.790809                 5.1                      0.19607843137254904      4.2473261836081657E-13   4.4152228436049645E-13   0.25                     5.0E10                   2700                     6505.262826699967        3755.8152441444918       2502.294445801098
1.90433                  0.790809                 5.2                      0.1923076923076923       4.2806740360437623E-13   4.437979376337351E-13    0.25                     5.0E10                   2700                     6505.262826699967        3755.8152441444918       2502.294445801098
1.90433                  0.790809                 5.3                      0.18867924528301888      4.3150314334677205E-13   4.462065762746396E-13    0.25                     5.0E10                   2700                     6505.262826699967        3755.8152441444918       2502.294445801098
1.90433                  0.790809                 5.4                      0.18518518518518517      4.3500336478067613E-13   4.4871157784709596E-13   0.25                     5.0E10                   2700                     6505.262826699967        3755.8152441444918       2502.294445801098
1.90433                  0.790809                 5.5                      0.18181818181818182      4.385366100133088E-13    4.512813866739101E-13    0.25                     5.0E10                   2700                     6505.262826699967        3755.8152441444918       2502.294445801098
1.90433                  0.790809                 5.6                      0.17857142857142858      4.420760907343051E-13    4.538891208122486E-13    0.25                     5.0E10                   2700                     6505.262826699967        3755.8152441444918       2502.294445801098
1.90433                  0.790809                 5.7                      0.17543859649122806      4.455991513647703E-13    4.56512010773536E-13     0.25                     5.0E10                   2700                     6505.262826699967        3755.8152441444918       2502.294445801098
1.90433                  0.790809                 5.8                      0.1724137931034483       4.4908678459122167E-13   4.591308963761419E-13    0.25                     5.0E10                   2700                     6505.262826699967        3755.8152441444918       2502.294445801098
1.90433                  0.790809                 5.9                      0.1694915254237288       4.5252319545557115E-13   4.617297773522599E-13    0.25                     5.0E10                   2700                     6505.262826699967        3755.8152441444918       2502.294445801098
1.90433                  0.790809                 6                        0.16666666666666666      4.558954099556766E-13    4.642954130219536E-13    0.25                     5.0E10                   2700                     6505.262826699967        3755.8152441444918       2502.294445801098
1.90433                  0.790809                 6.1                      0.16393442622950818      4.591929241437162E-13    4.668169664197127E-13    0.25                     5.0E10                   2700                     6505.262826699967        3755.8152441444918       2502.294445801098
1.90433                  0.790809                 6.2                      0.16129032258064518      4.624073901525401E-13    4.692856885543694E-13    0.25                     5.0E10                   2700                     6505.262826699967        3755.8152441444918       2502.294445801098
1.90433                  0.790809                 6.3                      0.15873015873015872      4.655323355715638E-13    4.716946386750171E-13    0.25                     5.0E10                   2700                     6505.262826699967        3755.8152441444918       2502.294445801098
1.90433                  0.790809                 6.4                      0.15625                  4.685629131353988E-13    4.74038436871542E-13     0.25                     5.0E10                   2700                     6505.262826699967        3755.8152441444918       2502.294445801098
1.90433                  0.790809                 6.5                      0.15384615384615383      4.714956777585028E-13    4.76313045589385E-13     0.25                     5.0E10                   2700                     6505.262826699967        3755.8152441444918       2502.294445801098
1.90433                  0.790809                 6.6                      0.15151515151515152      4.743283883731846E-13    4.785155770229876E-13    0.25                     5.0E10                   2700                     6505.262826699967        3755.8152441444918       2502.294445801098
1.90433                  0.790809                 6.7                      0.1492537313432836       4.770598320881241E-13    4.80644123586937E-13     0.25                     5.0E10                   2700                     6505.262826699967        3755.8152441444918       2502.294445801098
1.90433                  0.790809                 6.8                      0.14705882352941177      4.796896686041354E-13    4.826976090093899E-13    0.25                     5.0E10                   2700                     6505.262826699967        3755.8152441444918       2502.294445801098
1.90433                  0.790809                 6.9                      0.14492753623188404      4.822188475302201E-13    4.846761622333529E-13    0.25                     5.0E10                   2700                     6505.262826699967        3755.8152441444918       2502.294445801098
1.90433                  0.790809                 7                        0.14285714285714285      4.846472986984798E-13    4.865790126775179E-13    0.25                     5.0E10                   2700                     6505.262826699967        3755.8152441444918       2502.294445801098
1.90433                  0.790809                 7.1                      0.14084507042253522      4.869770641990926E-13    4.884073362945876E-13    0.25                     5.0E10                   2700                     6505.262826699967        3755.8152441444918       2502.294445801098
1.90433                  0.790809                 7.2                      0.1388888888888889       4.892100756564543E-13    4.9016223100696E-13      0.25                     5.0E10                   2700                     6505.262826699967        3755.8152441444918       2502.294445801098
1.90433                  0.790809                 7.3                      0.13698630136986303      4.913485983343656E-13    4.918451195105615E-13    0.25                     5.0E10                   2700                     6505.262826699967        3755.8152441444918       2502.294445801098
1.90433                  0.790809                 7.4                      0.13513513513513514      4.933951606130416E-13    4.934576841144683E-13    0.25                     5.0E10                   2700                     6505.262826699967        3755.8152441444918       2502.294445801098
1.90433                  0.790809                 7.5                      0.13333333333333333      4.953524928244722E-13    4.950018104886008E-13    0.25                     5.0E10                   2700                     6505.262826699967        3755.8152441444918       2502.294445801098
1.90433                  0.790809                 7.6                      0.13157894736842105      4.972234745945701E-13    4.964795393732845E-13    0.25                     5.0E10                   2700                     6505.262826699967        3755.8152441444918       2502.294445801098
1.90433                  0.790809                 7.7                      0.12987012987012989      4.990110896214256E-13    4.978930252189867E-13    0.25                     5.0E10                   2700                     6505.262826699967        3755.8152441444918       2502.294445801098
1.90433                  0.790809                 7.8                      0.12820512820512822      5.007183870934557E-13    4.992445009654346E-13    0.25                     5.0E10                   2700                     6505.262826699967        3755.8152441444918       2502.294445801098
1.90433                  0.790809                 7.9                      0.12658227848101267      5.023484489581245E-13    5.005362481890069E-13    0.25                     5.0E10                   2700                     6505.262826699967        3755.8152441444918       2502.294445801098
1.90433                  0.790809                 8                        0.125                    5.040782724188372E-13    5.019373756886064E-13    0.25                     5.0E10                   2700                     6505.262826699967        3755.8152441444918       2502.294445801098
1.90433                  0.790809                 8.1                      0.1234567901234568       5.055540997420596E-13    5.031085459104697E-13    0.25                     5.0E10                   2700                     6505.262826699967        3755.8152441444918       2502.294445801098
1.90433                  0.790809                 8.2                      0.12195121951219513      5.069622209543796E-13    5.042272246790103E-13    0.25                     5.0E10                   2700                     6505.262826699967        3755.8152441444918       2502.294445801098
1.90433                  0.790809                 8.3                      0.12048192771084336      5.083056220435313E-13    5.052956744911848E-13    0.25                     5.0E10                   2700                     6505.262826699967        3755.8152441444918       2502.294445801098
1.90433                  0.790809                 8.4                      0.11904761904761904      5.095872212675596E-13    5.063161152711776E-13    0.25                     5.0E10                   2700                     6505.262826699967        3755.8152441444918       2502.294445801098
1.90433                  0.790809                 8.5                      0.11764705882352941      5.108098593857889E-13    5.072907151770346E-13    0.25                     5.0E10                   2700                     6505.262826699967        3755.8152441444918       2502.294445801098
1.90433                  0.790809                 8.6                      0.11627906976744186      5.119762921524929E-13    5.082215834250438E-13    0.25                     5.0E10                   2700                     6505.262826699967        3755.8152441444918       2502.294445801098
1.90433                  0.790809                 8.7                      0.11494252873563218      5.130891847405291E-13    5.09110764809908E-13     0.25                     5.0E10                   2700                     6505.262826699967        3755.8152441444918       2502.294445801098
1.90433                  0.790809                 8.8                      0.11363636363636362      5.141511077986757E-13    5.09960235691007E-13     0.25                     5.0E10                   2700                     6505.262826699967        3755.8152441444918       2502.294445801098
1.90433                  0.790809                 8.9                      0.11235955056179775      5.151645349421591E-13    5.107719012211099E-13    0.25                     5.0E10                   2700                     6505.262826699967        3755.8152441444918       2502.294445801098
1.90433                  0.790809                 9                        0.11111111111111112      5.161318414192777E-13    5.115475936333649E-13    0.25                     5.0E10                   2700                     6505.262826699967        3755.8152441444918       2502.294445801098
1.90433                  0.790809                 9.1                      0.1098901098901099       5.170553037401612E-13    5.122890713725583E-13    0.25                     5.0E10                   2700                     6505.262826699967        3755.8152441444918       2502.294445801098
1.90433                  0.790809                 9.2                      0.10869565217391305      5.179371001505536E-13    5.129980189832966E-13    0.25                     5.0E10                   2700                     6505.262826699967        3755.8152441444918       2502.294445801098
1.90433                  0.790809                 9.3                      0.10752688172043011      5.187793117913989E-13    5.136760475941559E-13    0.25                     5.0E10                   2700                     6505.262826699967        3755.8152441444918       2502.294445801098
1.90433                  0.790809                 9.4                      0.10638297872340426      5.195839243585796E-13    5.143246958708637E-13    0.25                     5.0E10                   2700                     6505.262826699967        3755.8152441444918       2502.294445801098
1.90433                  0.790809                 9.5                      0.10526315789473685      5.203528302735065E-13    5.149454314008302E-13    0.25                     5.0E10                   2700                     6505.262826699967        3755.8152441444918       2502.294445801098
1.90433                  0.790809                 9.6                      0.10416666666666667      5.210878311195227E-13    5.155396523582744E-13    0.25                     5.0E10                   2700                     6505.262826699967        3755.8152441444918       2502.294445801098
1.90433                  0.790809                 9.700000000000001        0.1030927835051546       5.217906404057821E-13    5.161086894377024E-13    0.25                     5.0E10                   2700                     6505.262826699967        3755.8152441444918       2502.294445801098
1.90433                  0.790809                 9.8                      0.10204081632653059      5.224628865153973E-13    5.166538079679857E-13    0.25                     5.0E10                   2700                     6505.262826699967        3755.8152441444918       2502.294445801098
1.90433                  0.790809                 9.9                      0.101010101010101        5.231061157492293E-13    5.171762101416775E-13    0.25                     5.0E10                   2700                     6505.262826699967        3755.8152441444918       2502.294445801098
1.90433                  0.790809                 10                       0.1                      5.236631224413249E-13    5.176138231658237E-13    0.25                     5.0E10                   2700                     6505.262826699967        3755.8152441444918       2502.294445801098
