1.0621                   0.931812                 0.1                      10                       5.331432859396364E-13    5.331468825468727E-13    0.25                     5.0E10                   2700                     4858.211833815218        2804.8899100334415       2502.294445801098
1.0621                   0.931812                 0.2                      5                        5.334908546427865E-13    5.331557306694374E-13    0.25                     5.0E10                   2700                     4858.211833815218        2804.8899100334415       2502.294445801098
1.0621                   0.931812                 0.30000000000000004      3.3333333333333326       5.366675876417761E-13    5.363197267865301E-13    0.25                     5.0E10                   2700                     4858.211833815218        2804.8899100334415       2502.294445801098
1.0621                   0.931812                 0.4                      2.5                      5.330013361680301E-13    5.332820786296711E-13    0.25                     5.0E10                   2700                     4858.211833815218        2804.8899100334415       2502.294445801098
1.0621                   0.931812                 0.5                      2                        5.330127939150996E-13    5.334037217884642E-13    0.25                     5.0E10                   2700                     4858.211833815218        2804.8899100334415       2502.294445801098
1.0621                   0.931812                 0.6                      1.6666666666666667       5.363328535540153E-13    5.372482095321479E-13    0.25                     5.0E10                   2700                     4858.211833815218        2804.8899100334415       2502.294445801098
1.0621                   0.931812                 0.7000000000000001       1.4285714285714284       5.367438263096339E-13    5.386420466677009E-13    0.25                     5.0E10                   2700                     4858.211833815218        2804.8899100334415       2502.294445801098
1.0621                   0.931812                 0.8                      1.25                     5.349214497959413E-13    5.356631942333041E-13    0.25                     5.0E10                   2700                     4858.211833815218        2804.8899100334415       2502.294445801098
1.0621                   0.931812                 0.9                      1.1111111111111112       5.344593329242197E-13    5.367164009929513E-13    0.25                     5.0E10                   2700                     4858.211833815218        2804.8899100334415       2502.294445801098
1.0621                   0.931812                 1                        1                        5.397379612660951E-13    5.369269289035958E-13    0.25                     5.0E10                   2700                     4858.211833815218        2804.8899100334415       2502.294445801098
1.0621                   0.931812                 1.1                      0.909090909090909        5.438667236331672E-13    5.412415052848051E-13    0.25                     5.0E10                   2700                     4858.211833815218        2804.8899100334415       2502.294445801098
1.0621                   0.931812                 1.2000000000000002       0.8333333333333331       5.463208189248839E-13    5.414223823807086E-13    0.25                     5.0E10                   2700                     4858.211833815218        2804.8899100334415       2502.294445801098
1.0621                   0.931812                 1.3000000000000003       0.769230769230769        5.491675264902947E-13    5.391957128776372E-13    0.25                     5.0E10                   2700                     4858.211833815218        2804.8899100334415       2502.294445801098
1.0621                   0.931812                 1.4000000000000001       0.7142857142857142       5.546654416843912E-13    5.424644369971279E-13    0.25                     5.0E10                   2700                     4858.211833815218        2804.8899100334415       2502.294445801098
1.0621                   0.931812                 1.5000000000000002       0.6666666666666665       5.546439586089865E-13    5.436263545046111E-13    0.25                     5.0E10                   2700                     4858.211833815218        2804.8899100334415       2502.294445801098
1.0621                   0.931812                 1.6                      0.625                    5.488185456895622E-13    5.389759570162888E-13    0.25                     5.0E10                   2700                     4858.211833815218        2804.8899100334415       2502.294445801098
1.0621                   0.931812                 1.7000000000000002       0.588235294117647        5.506441951266893E-13    5.402075202024999E-13    0.25                     5.0E10                   2700                     4858.211833815218        2804.8899100334415       2502.294445801098
1.0621                   0.931812                 1.8000000000000003       0.5555555555555555       5.530627602048458E-13    5.413793774805785E-13    0.25                     5.0E10                   2700                     4858.211833815218        2804.8899100334415       2502.294445801098
1.0621                   0.931812                 1.9000000000000001       0.5263157894736842       5.514674292574187E-13    5.390755726355175E-13    0.25                     5.0E10                   2700                     4858.211833815218        2804.8899100334415       2502.294445801098
1.0621                   0.931812                 2                        0.5                      5.492006102995633E-13    5.371675131969635E-13    0.25                     5.0E10                   2700                     4858.211833815218        2804.8899100334415       2502.294445801098
1.0621                   0.931812                 2.1                      0.47619047619047616      5.480890716999351E-13    5.375266754597712E-13    0.25                     5.0E10                   2700                     4858.211833815218        2804.8899100334415       2502.294445801098
1.0621                   0.931812                 2.2                      0.4545454545454545       5.466174148250457E-13    5.38373439138535E-13     0.25                     5.0E10                   2700                     4858.211833815218        2804.8899100334415       2502.294445801098
1.0621                   0.931812                 2.3000000000000003       0.43478260869565216      5.434330480479516E-13    5.378672062514928E-13    0.25                     5.0E10                   2700                     4858.211833815218        2804.8899100334415       2502.294445801098
1.0621                   0.931812                 2.4000000000000004       0.4166666666666666       5.390926593004567E-13    5.36015220690714E-13     0.25                     5.0E10                   2700                     4858.211833815218        2804.8899100334415       2502.294445801098
1.0621                   0.931812                 2.5000000000000004       0.3999999999999999       5.350057452496413E-13    5.34003667959216E-13     0.25                     5.0E10                   2700                     4858.211833815218        2804.8899100334415       2502.294445801098
1.0621                   0.931812                 2.6                      0.3846153846153846       5.323961235684462E-13    5.329397692564993E-13    0.25                     5.0E10                   2700                     4858.211833815218        2804.8899100334415       2502.294445801098
1.0621                   0.931812                 2.7                      0.37037037037037035      5.316152645907567E-13    5.332064737032496E-13    0.25                     5.0E10                   2700                     4858.211833815218        2804.8899100334415       2502.294445801098
1.0621                   0.931812                 2.8000000000000003       0.3571428571428571       5.322862370330964E-13    5.345296454103315E-13    0.25                     5.0E10                   2700                     4858.211833815218        2804.8899100334415       2502.294445801098
1.0621                   0.931812                 2.9000000000000004       0.3448275862068965       5.336931950940653E-13    5.362999772397072E-13    0.25                     5.0E10                   2700                     4858.211833815218        2804.8899100334415       2502.294445801098
1.0621                   0.931812                 3.0000000000000004       0.33333333333333326      5.351200027664093E-13    5.378890212797693E-13    0.25                     5.0E10                   2700                     4858.211833815218        2804.8899100334415       2502.294445801098
1.0621                   0.931812                 3.1                      0.32258064516129037      5.360532898069357E-13    5.388478805201832E-13    0.25                     5.0E10                   2700                     4858.211833815218        2804.8899100334415       2502.294445801098
1.0621                   0.931812                 3.2                      0.3125                   5.363354710427922E-13    5.390719025791018E-13    0.25                     5.0E10                   2700                     4858.211833815218        2804.8899100334415       2502.294445801098
1.0621                   0.931812                 3.3000000000000003       0.30303030303030304      5.357626228242486E-13    5.383711776802879E-13    0.25                     5.0E10                   2700                     4858.211833815218        2804.8899100334415       2502.294445801098
1.0621                   0.931812                 3.4000000000000004       0.2941176470588235       5.345940610531329E-13    5.370442395480895E-13    0.25                     5.0E10                   2700                     4858.211833815218        2804.8899100334415       2502.294445801098
1.0621                   0.931812                 3.5000000000000004       0.2857142857142857       5.330294283764201E-13    5.352891599025142E-13    0.25                     5.0E10                   2700                     4858.211833815218        2804.8899100334415       2502.294445801098
1.0621                   0.931812                 3.6                      0.2777777777777778       5.31296017936141E-13     5.333548476485891E-13    0.25                     5.0E10                   2700                     4858.211833815218        2804.8899100334415       2502.294445801098
1.0621                   0.931812                 3.7                      0.2702702702702703       5.295786695819781E-13    5.314367159466993E-13    0.25                     5.0E10                   2700                     4858.211833815218        2804.8899100334415       2502.294445801098
1.0621                   0.931812                 3.8000000000000003       0.2631578947368421       5.280112343149382E-13    5.296773727893919E-13    0.25                     5.0E10                   2700                     4858.211833815218        2804.8899100334415       2502.294445801098
1.0621                   0.931812                 3.9000000000000004       0.2564102564102564       5.266758028976007E-13    5.281659202710637E-13    0.25                     5.0E10                   2700                     4858.211833815218        2804.8899100334415       2502.294445801098
1.0621                   0.931812                 4                        0.25                     5.2561008822797E-13      5.269454063080115E-13    0.25                     5.0E10                   2700                     4858.211833815218        2804.8899100334415       2502.294445801098
1.0621                   0.931812                 4.1                      0.24390243902439027      5.248181036935519E-13    5.26023547567344E-13     0.25                     5.0E10                   2700                     4858.211833815218        2804.8899100334415       2502.294445801098
1.0621                   0.931812                 4.2                      0.23809523809523808      5.242808922000861E-13    5.253835576739664E-13    0.25                     5.0E10                   2700                     4858.211833815218        2804.8899100334415       2502.294445801098
1.0621                   0.931812                 4.3                      0.23255813953488372      5.239657804584096E-13    5.249935536627125E-13    0.25                     5.0E10                   2700                     4858.211833815218        2804.8899100334415       2502.294445801098
1.0621                   0.931812                 4.3999999999999995       0.22727272727272732      5.238337078557183E-13    5.248140396393287E-13    0.25                     5.0E10                   2700                     4858.211833815218        2804.8899100334415       2502.294445801098
1.0621                   0.931812                 4.5                      0.22222222222222224      5.238440944733935E-13    5.248031459503951E-13    0.25                     5.0E10                   2700                     4858.211833815218        2804.8899100334415       2502.294445801098
1.0621                   0.931812                 4.6                      0.2173913043478261       5.239588325738755E-13    5.249206120573746E-13    0.25                     5.0E10                   2700                     4858.211833815218        2804.8899100334415       2502.294445801098
1.0621                   0.931812                 4.7                      0.2127659574468085       5.242206575048868E-13    5.252102136675548E-13    0.25                     5.0E10                   2700                     4858.211833815218        2804.8899100334415       2502.294445801098
1.0621                   0.931812                 4.8                      0.20833333333333334      5.24443688072735E-13     5.254751253643346E-13    0.25                     5.0E10                   2700                     4858.211833815218        2804.8899100334415       2502.294445801098
1.0621                   0.931812                 4.9                      0.20408163265306117      5.246862266841699E-13    5.257746789899171E-13    0.25                     5.0E10                   2700                     4858.211833815218        2804.8899100334415       2502.294445801098
1.0621                   0.931812                 5                        0.2                      5.24944283660267E-13     5.260951747274261E-13    0.25                     5.0E10                   2700                     4858.211833815218        2804.8899100334415       2502.294445801098
1.0621                   0.931812                 5.1                      0.19607843137254904      5.251754457620615E-13    5.264056085812133E-13    0.25                     5.0E10                   2700                     4858.211833815218        2804.8899100334415       2502.294445801098
1.0621                   0.931812                 5.2                      0.1923076923076923       5.253873195171913E-13    5.267029874869533E-13    0.25                     5.0E10                   2700                     4858.211833815218        2804.8899100334415       2502.294445801098
1.0621                   0.931812                 5.3                      0.18867924528301888      5.255749872926133E-13    5.269797882504519E-13    0.25                     5.0E10                   2700                     4858.211833815218        2804.8899100334415       2502.294445801098
1.0621                   0.931812                 5.4                      0.18518518518518517      5.257363172269624E-13    5.272315492054876E-13    0.25                     5.0E10                   2700                     4858.211833815218        2804.8899100334415       2502.294445801098
1.0621                   0.931812                 5.5                      0.18181818181818182      5.258714759310806E-13    5.274564090154953E-13    0.25                     5.0E10                   2700                     4858.211833815218        2804.8899100334415       2502.294445801098
1.0621                   0.931812                 5.6                      0.17857142857142858      5.259816705956985E-13    5.276538328054999E-13    0.25                     5.0E10                   2700                     4858.211833815218        2804.8899100334415       2502.294445801098
1.0621                   0.931812                 5.7                      0.17543859649122806      5.260696654136705E-13    5.278251475524058E-13    0.25                     5.0E10                   2700                     4858.211833815218        2804.8899100334415       2502.294445801098
1.0621                   0.931812                 5.8                      0.1724137931034483       5.261387108556049E-13    5.279724422018515E-13    0.25                     5.0E10                   2700                     4858.211833815218        2804.8899100334415       2502.294445801098
1.0621                   0.931812                 5.9                      0.1694915254237288       5.26192389192947E-13     5.280983942657398E-13    0.25                     5.0E10                   2700                     4858.211833815218        2804.8899100334415       2502.294445801098
1.0621                   0.931812                 6                        0.16666666666666666      5.262343691078798E-13    5.282059996572636E-13    0.25                     5.0E10                   2700                     4858.211833815218        2804.8899100334415       2502.294445801098
1.0621                   0.931812                 6.1                      0.16393442622950818      5.26268224675211E-13     5.282983653153887E-13    0.25                     5.0E10                   2700                     4858.211833815218        2804.8899100334415       2502.294445801098
1.0621                   0.931812                 6.2                      0.16129032258064518      5.262973083330683E-13    5.283785555343012E-13    0.25                     5.0E10                   2700                     4858.211833815218        2804.8899100334415       2502.294445801098
1.0621                   0.931812                 6.3                      0.15873015873015872      5.263246675682034E-13    5.284494828418996E-13    0.25                     5.0E10                   2700                     4858.211833815218        2804.8899100334415       2502.294445801098
1.0621                   0.931812                 6.4                      0.15625                  5.263529963133506E-13    5.285138350200447E-13    0.25                     5.0E10                   2700                     4858.211833815218        2804.8899100334415       2502.294445801098
1.0621                   0.931812                 6.5                      0.15384615384615383      5.263846129965516E-13    5.285740307021178E-13    0.25                     5.0E10                   2700                     4858.211833815218        2804.8899100334415       2502.294445801098
1.0621                   0.931812                 6.6                      0.15151515151515152      5.264214584171632E-13    5.286321969726371E-13    0.25                     5.0E10                   2700                     4858.211833815218        2804.8899100334415       2502.294445801098
1.0621                   0.931812                 6.7                      0.1492537313432836       5.26465107951055E-13     5.286901635084074E-13    0.25                     5.0E10                   2700                     4858.211833815218        2804.8899100334415       2502.294445801098
1.0621                   0.931812                 6.8                      0.14705882352941177      5.265167934865928E-13    5.287494686971017E-13    0.25                     5.0E10                   2700                     4858.211833815218        2804.8899100334415       2502.294445801098
1.0621                   0.931812                 6.9                      0.14492753623188404      5.265774315390093E-13    5.288113740760978E-13    0.25                     5.0E10                   2700                     4858.211833815218        2804.8899100334415       2502.294445801098
1.0621                   0.931812                 7                        0.14285714285714285      5.26647654866743E-13     5.288768842393518E-13    0.25                     5.0E10                   2700                     4858.211833815218        2804.8899100334415       2502.294445801098
1.0621                   0.931812                 7.1                      0.14084507042253522      5.267278454120951E-13    5.289467699463541E-13    0.25                     5.0E10                   2700                     4858.211833815218        2804.8899100334415       2502.294445801098
1.0621                   0.931812                 7.2                      0.1388888888888889       5.268181672164845E-13    5.290215927872754E-13    0.25                     5.0E10                   2700                     4858.211833815218        2804.8899100334415       2502.294445801098
1.0621                   0.931812                 7.3                      0.13698630136986303      5.269190789787368E-13    5.291022028759337E-13    0.25                     5.0E10                   2700                     4858.211833815218        2804.8899100334415       2502.294445801098
1.0621                   0.931812                 7.4                      0.13513513513513514      5.270294704331407E-13    5.291878995467897E-13    0.25                     5.0E10                   2700                     4858.211833815218        2804.8899100334415       2502.294445801098
1.0621                   0.931812                 7.5                      0.13333333333333333      5.271494855646696E-13    5.292792096503404E-13    0.25                     5.0E10                   2700                     4858.211833815218        2804.8899100334415       2502.294445801098
1.0621                   0.931812                 7.6                      0.13157894736842105      5.272787129085216E-13    5.293760987200469E-13    0.25                     5.0E10                   2700                     4858.211833815218        2804.8899100334415       2502.294445801098
1.0621                   0.931812                 7.7                      0.12987012987012989      5.274166594445242E-13    5.294784368912584E-13    0.25                     5.0E10                   2700                     4858.211833815218        2804.8899100334415       2502.294445801098
1.0621                   0.931812                 7.8                      0.12820512820512822      5.275627703202503E-13    5.295860167304505E-13    0.25                     5.0E10                   2700                     4858.211833815218        2804.8899100334415       2502.294445801098
1.0621                   0.931812                 7.9                      0.12658227848101267      5.277164460920962E-13    5.296985691452486E-13    0.25                     5.0E10                   2700                     4858.211833815218        2804.8899100334415       2502.294445801098
1.0621                   0.931812                 8                        0.125                    5.27877057590987E-13     5.298157774068156E-13    0.25                     5.0E10                   2700                     4858.211833815218        2804.8899100334415       2502.294445801098
1.0621                   0.931812                 8.1                      0.1234567901234568       5.280439586446909E-13    5.299372894073783E-13    0.25                     5.0E10                   2700                     4858.211833815218        2804.8899100334415       2502.294445801098
1.0621                   0.931812                 8.2                      0.12195121951219513      5.282164967496607E-13    5.300627282065851E-13    0.25                     5.0E10                   2700                     4858.211833815218        2804.8899100334415       2502.294445801098
1.0621                   0.931812                 8.3                      0.12048192771084336      5.283940220280075E-13    5.301917010959267E-13    0.25                     5.0E10                   2700                     4858.211833815218        2804.8899100334415       2502.294445801098
1.0621                   0.931812                 8.4                      0.11904761904761904      5.285758945304173E-13    5.30323807228697E-13     0.25                     5.0E10                   2700                     4858.211833815218        2804.8899100334415       2502.294445801098
1.0621                   0.931812                 8.5                      0.11764705882352941      5.287614901828582E-13    5.304586440338735E-13    0.25                     5.0E10                   2700                     4858.211833815218        2804.8899100334415       2502.294445801098
1.0621                   0.931812                 8.6                      0.11627906976744186      5.289502054688845E-13    5.305958124951867E-13    0.25                     5.0E10                   2700                     4858.211833815218        2804.8899100334415       2502.294445801098
1.0621                   0.931812                 8.7                      0.11494252873563218      5.291414610561701E-13    5.307349214616711E-13    0.25                     5.0E10                   2700                     4858.211833815218        2804.8899100334415       2502.294445801098
1.0621                   0.931812                 8.8                      0.11363636363636362      5.293347045004894E-13    5.30875591090066E-13     0.25                     5.0E10                   2700                     4858.211833815218        2804.8899100334415       2502.294445801098
1.0621                   0.931812                 8.9                      0.11235955056179775      5.295294121708798E-13    5.310174555487216E-13    0.25                     5.0E10                   2700                     4858.211833815218        2804.8899100334415       2502.294445801098
1.0621                   0.931812                 9                        0.11111111111111112      5.297250905098678E-13    5.311601650784892E-13    0.25                     5.0E10                   2700                     4858.211833815218        2804.8899100334415       2502.294445801098
1.0621                   0.931812                 9.1                      0.1098901098901099       5.299212767285302E-13    5.313033874982207E-13    0.25                     5.0E10                   2700                     4858.211833815218        2804.8899100334415       2502.294445801098
1.0621                   0.931812                 9.2                      0.10869565217391305      5.301175390278665E-13    5.314468092376187E-13    0.25                     5.0E10                   2700                     4858.211833815218        2804.8899100334415       2502.294445801098
1.0621                   0.931812                 9.3                      0.10752688172043011      5.303134764799407E-13    5.315901359939927E-13    0.25                     5.0E10                   2700                     4858.211833815218        2804.8899100334415       2502.294445801098
1.0621                   0.931812                 9.4                      0.10638297872340426      5.30651473841704E-13     5.318524363019969E-13    0.25                     5.0E10                   2700                     4858.211833815218        2804.8899100334415       2502.294445801098
1.0621                   0.931812                 9.5                      0.10526315789473685      5.308398836872153E-13    5.319904902762424E-13    0.25                     5.0E10                   2700                     4858.211833815218        2804.8899100334415       2502.294445801098
1.0621                   0.931812                 9.6                      0.10416666666666667      5.31027163446312E-13     5.321278343906486E-13    0.25                     5.0E10                   2700                     4858.211833815218        2804.8899100334415       2502.294445801098
1.0621                   0.931812                 9.700000000000001        0.1030927835051546       5.312130285458836E-13    5.322642525423547E-13    0.25                     5.0E10                   2700                     4858.211833815218        2804.8899100334415       2502.294445801098
1.0621                   0.931812                 9.8                      0.10204081632653059      5.313972199014849E-13    5.323995463850887E-13    0.25                     5.0E10                   2700                     4858.211833815218        2804.8899100334415       2502.294445801098
1.0621                   0.931812                 9.9                      0.101010101010101        5.315795027599061E-13    5.325335347743964E-13    0.25                     5.0E10                   2700                     4858.211833815218        2804.8899100334415       2502.294445801098
1.0621                   0.931812                 10                       0.1                      5.316791489473213E-13    5.325910155942137E-13    0.25                     5.0E10                   2700                     4858.211833815218        2804.8899100334415       2502.294445801098
