0.702322                 0.438994                 0.1                      10                       5.331300146440958E-13    5.331342034065174E-13    0.25                     5.0E10                   2700                     3950.5892668759625       2280.8737766884833       2502.294445801098
0.702322                 0.438994                 0.2                      5                        5.34222209462313E-13     5.327598598740964E-13    0.25                     5.0E10                   2700                     3950.5892668759625       2280.8737766884833       2502.294445801098
0.702322                 0.438994                 0.30000000000000004      3.3333333333333326       5.341282427787837E-13    5.280924801426599E-13    0.25                     5.0E10                   2700                     3950.5892668759625       2280.8737766884833       2502.294445801098
0.702322                 0.438994                 0.4                      2.5                      5.084135288033594E-13    5.066923165077274E-13    0.25                     5.0E10                   2700                     3950.5892668759625       2280.8737766884833       2502.294445801098
0.702322                 0.438994                 0.5                      2                        4.644349183394899E-13    4.810873543088133E-13    0.25                     5.0E10                   2700                     3950.5892668759625       2280.8737766884833       2502.294445801098
0.702322                 0.438994                 0.6                      1.6666666666666667       4.2977159572991214E-13   4.677846831069792E-13    0.25                     5.0E10                   2700                     3950.5892668759625       2280.8737766884833       2502.294445801098
0.702322                 0.438994                 0.7000000000000001       1.4285714285714284       4.150482258451303E-13    4.683366477562821E-13    0.25                     5.0E10                   2700                     3950.5892668759625       2280.8737766884833       2502.294445801098
0.702322                 0.438994                 0.8                      1.25                     4.044546735434431E-13    4.62178190567301E-13     0.25                     5.0E10                   2700                     3950.5892668759625       2280.8737766884833       2502.294445801098
0.702322                 0.438994                 0.9                      1.1111111111111112       4.194035027588928E-13    4.864825257593506E-13    0.25                     5.0E10                   2700                     3950.5892668759625       2280.8737766884833       2502.294445801098
0.702322                 0.438994                 1                        1                        4.1332371623500847E-13   4.805228991941179E-13    0.25                     5.0E10                   2700                     3950.5892668759625       2280.8737766884833       2502.294445801098
0.702322                 0.438994                 1.1                      0.909090909090909        4.180702380717179E-13    4.94024471727206E-13     0.25                     5.0E10                   2700                     3950.5892668759625       2280.8737766884833       2502.294445801098
0.702322                 0.438994                 1.2000000000000002       0.8333333333333331       4.307744526775042E-13    5.129955972999145E-13    0.25                     5.0E10                   2700                     3950.5892668759625       2280.8737766884833       2502.294445801098
0.702322                 0.438994                 1.3000000000000003       0.769230769230769        4.617781036938727E-13    5.444786370830997E-13    0.25                     5.0E10                   2700                     3950.5892668759625       2280.8737766884833       2502.294445801098
0.702322                 0.438994                 1.4000000000000001       0.7142857142857142       4.333822672168062E-13    4.997278137809482E-13    0.25                     5.0E10                   2700                     3950.5892668759625       2280.8737766884833       2502.294445801098
0.702322                 0.438994                 1.5000000000000002       0.6666666666666665       4.3934404507686983E-13   4.899174007069068E-13    0.25                     5.0E10                   2700                     3950.5892668759625       2280.8737766884833       2502.294445801098
0.702322                 0.438994                 1.6                      0.625                    4.89632420370287E-13     5.255248429864578E-13    0.25                     5.0E10                   2700                     3950.5892668759625       2280.8737766884833       2502.294445801098
0.702322                 0.438994                 1.7000000000000002       0.588235294117647        5.550157537797208E-13    5.741945886185919E-13    0.25                     5.0E10                   2700                     3950.5892668759625       2280.8737766884833       2502.294445801098
0.702322                 0.438994                 1.8000000000000003       0.5555555555555555       5.930210730024327E-13    5.937162504495319E-13    0.25                     5.0E10                   2700                     3950.5892668759625       2280.8737766884833       2502.294445801098
0.702322                 0.438994                 1.9000000000000001       0.5263157894736842       5.946350627926344E-13    5.783062778856571E-13    0.25                     5.0E10                   2700                     3950.5892668759625       2280.8737766884833       2502.294445801098
0.702322                 0.438994                 2                        0.5                      5.88017567100491E-13     5.573131315913728E-13    0.25                     5.0E10                   2700                     3950.5892668759625       2280.8737766884833       2502.294445801098
0.702322                 0.438994                 2.1                      0.47619047619047616      5.937582031487222E-13    5.503106027839036E-13    0.25                     5.0E10                   2700                     3950.5892668759625       2280.8737766884833       2502.294445801098
0.702322                 0.438994                 2.2                      0.4545454545454545       6.140078427462294E-13    5.586651584257434E-13    0.25                     5.0E10                   2700                     3950.5892668759625       2280.8737766884833       2502.294445801098
0.702322                 0.438994                 2.3000000000000003       0.43478260869565216      6.410586606454059E-13    5.750119695172785E-13    0.25                     5.0E10                   2700                     3950.5892668759625       2280.8737766884833       2502.294445801098
0.702322                 0.438994                 2.4000000000000004       0.4166666666666666       6.654594342014642E-13    5.907557417942225E-13    0.25                     5.0E10                   2700                     3950.5892668759625       2280.8737766884833       2502.294445801098
0.702322                 0.438994                 2.5000000000000004       0.3999999999999999       6.804525025960714E-13    5.99842741151432E-13     0.25                     5.0E10                   2700                     3950.5892668759625       2280.8737766884833       2502.294445801098
0.702322                 0.438994                 2.6                      0.3846153846153846       6.842256381465491E-13    6.004862629346021E-13    0.25                     5.0E10                   2700                     3950.5892668759625       2280.8737766884833       2502.294445801098
0.702322                 0.438994                 2.7                      0.37037037037037035      6.790022090042106E-13    5.943731764401255E-13    0.25                     5.0E10                   2700                     3950.5892668759625       2280.8737766884833       2502.294445801098
0.702322                 0.438994                 2.8000000000000003       0.3571428571428571       6.686103832466489E-13    5.845629330512402E-13    0.25                     5.0E10                   2700                     3950.5892668759625       2280.8737766884833       2502.294445801098
0.702322                 0.438994                 2.9000000000000004       0.3448275862068965       6.56573851795429E-13     5.738930150319124E-13    0.25                     5.0E10                   2700                     3950.5892668759625       2280.8737766884833       2502.294445801098
0.702322                 0.438994                 3.0000000000000004       0.33333333333333326      6.453362507231527E-13    5.643309747597703E-13    0.25                     5.0E10                   2700                     3950.5892668759625       2280.8737766884833       2502.294445801098
0.702322                 0.438994                 3.1                      0.32258064516129037      6.36264659623893E-13     5.569729562852241E-13    0.25                     5.0E10                   2700                     3950.5892668759625       2280.8737766884833       2502.294445801098
0.702322                 0.438994                 3.2                      0.3125                   6.299305944588161E-13    5.522717936960515E-13    0.25                     5.0E10                   2700                     3950.5892668759625       2280.8737766884833       2502.294445801098
0.702322                 0.438994                 3.3000000000000003       0.30303030303030304      6.26398285846445E-13     5.502698979951944E-13    0.25                     5.0E10                   2700                     3950.5892668759625       2280.8737766884833       2502.294445801098
0.702322                 0.438994                 3.4000000000000004       0.2941176470588235       6.254670103408197E-13    5.507936035289472E-13    0.25                     5.0E10                   2700                     3950.5892668759625       2280.8737766884833       2502.294445801098
0.702322                 0.438994                 3.5000000000000004       0.2857142857142857       6.266832889692553E-13    5.534595515077913E-13    0.25                     5.0E10                   2700                     3950.5892668759625       2280.8737766884833       2502.294445801098
0.702322                 0.438994                 3.6                      0.2777777777777778       6.296098344678568E-13    5.578939805569094E-13    0.25                     5.0E10                   2700                     3950.5892668759625       2280.8737766884833       2502.294445801098
0.702322                 0.438994                 3.7                      0.2702702702702703       6.337551824727312E-13    5.636700895659926E-13    0.25                     5.0E10                   2700                     3950.5892668759625       2280.8737766884833       2502.294445801098
0.702322                 0.438994                 3.8000000000000003       0.2631578947368421       6.386359668046929E-13    5.703587048887253E-13    0.25                     5.0E10                   2700                     3950.5892668759625       2280.8737766884833       2502.294445801098
0.702322                 0.438994                 3.9000000000000004       0.2564102564102564       6.438006021274443E-13    5.775475864751907E-13    0.25                     5.0E10                   2700                     3950.5892668759625       2280.8737766884833       2502.294445801098
0.702322                 0.438994                 4                        0.25                     6.488471096499735E-13    5.848570734507032E-13    0.25                     5.0E10                   2700                     3950.5892668759625       2280.8737766884833       2502.294445801098
0.702322                 0.438994                 4.1                      0.24390243902439027      6.534363346610465E-13    5.919529332719895E-13    0.25                     5.0E10                   2700                     3950.5892668759625       2280.8737766884833       2502.294445801098
0.702322                 0.438994                 4.2                      0.23809523809523808      6.573005780426932E-13    5.985561506634857E-13    0.25                     5.0E10                   2700                     3950.5892668759625       2280.8737766884833       2502.294445801098
0.702322                 0.438994                 4.3                      0.23255813953488372      6.602475457966905E-13    6.044492023813536E-13    0.25                     5.0E10                   2700                     3950.5892668759625       2280.8737766884833       2502.294445801098
0.702322                 0.438994                 4.3999999999999995       0.22727272727272732      6.624807666536908E-13    6.098099282609279E-13    0.25                     5.0E10                   2700                     3950.5892668759625       2280.8737766884833       2502.294445801098
0.702322                 0.438994                 4.5                      0.22222222222222224      6.632625074237941E-13    6.138403192150628E-13    0.25                     5.0E10                   2700                     3950.5892668759625       2280.8737766884833       2502.294445801098
0.702322                 0.438994                 4.6                      0.2173913043478261       6.629694463145263E-13    6.168770740384946E-13    0.25                     5.0E10                   2700                     3950.5892668759625       2280.8737766884833       2502.294445801098
0.702322                 0.438994                 4.7                      0.2127659574468085       6.616593708454614E-13    6.189316199392625E-13    0.25                     5.0E10                   2700                     3950.5892668759625       2280.8737766884833       2502.294445801098
0.702322                 0.438994                 4.8                      0.20833333333333334      6.59424993599864E-13     6.20052830774085E-13     0.25                     5.0E10                   2700                     3950.5892668759625       2280.8737766884833       2502.294445801098
0.702322                 0.438994                 4.9                      0.20408163265306117      6.563819501791439E-13    6.203169571687941E-13    0.25                     5.0E10                   2700                     3950.5892668759625       2280.8737766884833       2502.294445801098
0.702322                 0.438994                 5                        0.2                      6.526622980976818E-13    6.19800227294094E-13     0.25                     5.0E10                   2700                     3950.5892668759625       2280.8737766884833       2502.294445801098
0.702322                 0.438994                 5.1                      0.19607843137254904      6.483805099410092E-13    6.186379850323996E-13    0.25                     5.0E10                   2700                     3950.5892668759625       2280.8737766884833       2502.294445801098
0.702322                 0.438994                 5.2                      0.1923076923076923       6.436769448806694E-13    6.16922686277585E-13     0.25                     5.0E10                   2700                     3950.5892668759625       2280.8737766884833       2502.294445801098
0.702322                 0.438994                 5.3                      0.18867924528301888      6.386705066019729E-13    6.147578906358051E-13    0.25                     5.0E10                   2700                     3950.5892668759625       2280.8737766884833       2502.294445801098
0.702322                 0.438994                 5.4                      0.18518518518518517      6.334684201232651E-13    6.122408059433277E-13    0.25                     5.0E10                   2700                     3950.5892668759625       2280.8737766884833       2502.294445801098
0.702322                 0.438994                 5.5                      0.18181818181818182      6.28164592964238E-13     6.094599147957695E-13    0.25                     5.0E10                   2700                     3950.5892668759625       2280.8737766884833       2502.294445801098
0.702322                 0.438994                 5.6                      0.17857142857142858      6.228391193634426E-13    6.064937010857495E-13    0.25                     5.0E10                   2700                     3950.5892668759625       2280.8737766884833       2502.294445801098
0.702322                 0.438994                 5.7                      0.17543859649122806      6.175593193155554E-13    6.034110318333478E-13    0.25                     5.0E10                   2700                     3950.5892668759625       2280.8737766884833       2502.294445801098
0.702322                 0.438994                 5.8                      0.1724137931034483       6.123777994403872E-13    6.002681335618977E-13    0.25                     5.0E10                   2700                     3950.5892668759625       2280.8737766884833       2502.294445801098
0.702322                 0.438994                 5.9                      0.1694915254237288       6.073378088781714E-13    5.9711390991503E-13      0.25                     5.0E10                   2700                     3950.5892668759625       2280.8737766884833       2502.294445801098
0.702322                 0.438994                 6                        0.16666666666666666      6.02471848745931E-13     5.93987658955536E-13     0.25                     5.0E10                   2700                     3950.5892668759625       2280.8737766884833       2502.294445801098
0.702322                 0.438994                 6.1                      0.16393442622950818      5.978037271188541E-13    5.909207915591096E-13    0.25                     5.0E10                   2700                     3950.5892668759625       2280.8737766884833       2502.294445801098
0.702322                 0.438994                 6.2                      0.16129032258064518      5.933498901787888E-13    5.879378192380628E-13    0.25                     5.0E10                   2700                     3950.5892668759625       2280.8737766884833       2502.294445801098
0.702322                 0.438994                 6.3                      0.15873015873015872      5.891206555131718E-13    5.850573188450105E-13    0.25                     5.0E10                   2700                     3950.5892668759625       2280.8737766884833       2502.294445801098
0.702322                 0.438994                 6.4                      0.15625                  5.851213212816452E-13    5.822928370410228E-13    0.25                     5.0E10                   2700                     3950.5892668759625       2280.8737766884833       2502.294445801098
0.702322                 0.438994                 6.5                      0.15384615384615383      5.813531411106681E-13    5.796537136853783E-13    0.25                     5.0E10                   2700                     3950.5892668759625       2280.8737766884833       2502.294445801098
0.702322                 0.438994                 6.6                      0.15151515151515152      5.778141653240785E-13    5.771458148545771E-13    0.25                     5.0E10                   2700                     3950.5892668759625       2280.8737766884833       2502.294445801098
0.702322                 0.438994                 6.7                      0.1492537313432836       5.744999559804829E-13    5.747721741148293E-13    0.25                     5.0E10                   2700                     3950.5892668759625       2280.8737766884833       2502.294445801098
0.702322                 0.438994                 6.8                      0.14705882352941177      5.714041866387063E-13    5.725335455214E-13       0.25                     5.0E10                   2700                     3950.5892668759625       2280.8737766884833       2502.294445801098
0.702322                 0.438994                 6.9                      0.14492753623188404      5.685191396979919E-13    5.704288749015706E-13    0.25                     5.0E10                   2700                     3950.5892668759625       2280.8737766884833       2502.294445801098
0.702322                 0.438994                 7                        0.14285714285714285      5.658361144059618E-13    5.684556973751468E-13    0.25                     5.0E10                   2700                     3950.5892668759625       2280.8737766884833       2502.294445801098
0.702322                 0.438994                 7.1                      0.14084507042253522      5.633457581012797E-13    5.666104696306177E-13    0.25                     5.0E10                   2700                     3950.5892668759625       2280.8737766884833       2502.294445801098
0.702322                 0.438994                 7.2                      0.1388888888888889       5.610383323978904E-13    5.648888453358661E-13    0.25                     5.0E10                   2700                     3950.5892668759625       2280.8737766884833       2502.294445801098
0.702322                 0.438994                 7.3                      0.13698630136986303      5.589039246721779E-13    5.632859016020288E-13    0.25                     5.0E10                   2700                     3950.5892668759625       2280.8737766884833       2502.294445801098
0.702322                 0.438994                 7.4                      0.13513513513513514      5.569326140991101E-13    5.617963237185895E-13    0.25                     5.0E10                   2700                     3950.5892668759625       2280.8737766884833       2502.294445801098
0.702322                 0.438994                 7.5                      0.13333333333333333      5.551146000873455E-13    5.604145546051235E-13    0.25                     5.0E10                   2700                     3950.5892668759625       2280.8737766884833       2502.294445801098
0.702322                 0.438994                 7.6                      0.13157894736842105      5.534402999459068E-13    5.591349146498476E-13    0.25                     5.0E10                   2700                     3950.5892668759625       2280.8737766884833       2502.294445801098
0.702322                 0.438994                 7.7                      0.12987012987012989      5.519004214241526E-13    5.579516968135733E-13    0.25                     5.0E10                   2700                     3950.5892668759625       2280.8737766884833       2502.294445801098
0.702322                 0.438994                 7.8                      0.12820512820512822      5.504860149464365E-13    5.568592412194514E-13    0.25                     5.0E10                   2700                     3950.5892668759625       2280.8737766884833       2502.294445801098
0.702322                 0.438994                 7.9                      0.12658227848101267      5.491885095341624E-13    5.558519928069234E-13    0.25                     5.0E10                   2700                     3950.5892668759625       2280.8737766884833       2502.294445801098
0.702322                 0.438994                 8                        0.125                    5.479997356575198E-13    5.549245450506724E-13    0.25                     5.0E10                   2700                     3950.5892668759625       2280.8737766884833       2502.294445801098
0.702322                 0.438994                 8.1                      0.1234567901234568       5.469119378455497E-13    5.540716723443394E-13    0.25                     5.0E10                   2700                     3950.5892668759625       2280.8737766884833       2502.294445801098
0.702322                 0.438994                 8.2                      0.12195121951219513      5.459177790821437E-13    5.532883530613213E-13    0.25                     5.0E10                   2700                     3950.5892668759625       2280.8737766884833       2502.294445801098
0.702322                 0.438994                 8.3                      0.12048192771084336      5.450103390311438E-13    5.525697851946526E-13    0.25                     5.0E10                   2700                     3950.5892668759625       2280.8737766884833       2502.294445801098
0.702322                 0.438994                 8.4                      0.11904761904761904      5.441831073811466E-13    5.519113959496542E-13    0.25                     5.0E10                   2700                     3950.5892668759625       2280.8737766884833       2502.294445801098
0.702322                 0.438994                 8.5                      0.11764705882352941      5.434315920059422E-13    5.513107526693836E-13    0.25                     5.0E10                   2700                     3950.5892668759625       2280.8737766884833       2502.294445801098
0.702322                 0.438994                 8.6                      0.11627906976744186      5.42746862583226E-13     5.507599788987955E-13    0.25                     5.0E10                   2700                     3950.5892668759625       2280.8737766884833       2502.294445801098
0.702322                 0.438994                 8.7                      0.11494252873563218      5.42125155829922E-13     5.502570706164758E-13    0.25                     5.0E10                   2700                     3950.5892668759625       2280.8737766884833       2502.294445801098
0.702322                 0.438994                 8.8                      0.11363636363636362      5.415614763309421E-13    5.497983859748948E-13    0.25                     5.0E10                   2700                     3950.5892668759625       2280.8737766884833       2502.294445801098
0.702322                 0.438994                 8.9                      0.11235955056179775      5.410511679180529E-13    5.493805059415753E-13    0.25                     5.0E10                   2700                     3950.5892668759625       2280.8737766884833       2502.294445801098
0.702322                 0.438994                 9                        0.11111111111111112      5.405898964678294E-13    5.490002270323851E-13    0.25                     5.0E10                   2700                     3950.5892668759625       2280.8737766884833       2502.294445801098
0.702322                 0.438994                 9.1                      0.1098901098901099       5.401736325924425E-13    5.486545531005341E-13    0.25                     5.0E10                   2700                     3950.5892668759625       2280.8737766884833       2502.294445801098
0.702322                 0.438994                 9.2                      0.10869565217391305      5.397986344673546E-13    5.483406865041754E-13    0.25                     5.0E10                   2700                     3950.5892668759625       2280.8737766884833       2502.294445801098
0.702322                 0.438994                 9.3                      0.10752688172043011      5.394614310261204E-13    5.480560189100578E-13    0.25                     5.0E10                   2700                     3950.5892668759625       2280.8737766884833       2502.294445801098
0.702322                 0.438994                 9.4                      0.10638297872340426      5.391588055454807E-13    5.477981218609566E-13    0.25                     5.0E10                   2700                     3950.5892668759625       2280.8737766884833       2502.294445801098
0.702322                 0.438994                 9.5                      0.10526315789473685      5.388877798349931E-13    5.47564737327311E-13     0.25                     5.0E10                   2700                     3950.5892668759625       2280.8737766884833       2502.294445801098
0.702322                 0.438994                 9.6                      0.10416666666666667      5.386455989960399E-13    5.473537683065886E-13    0.25                     5.0E10                   2700                     3950.5892668759625       2280.8737766884833       2502.294445801098
0.702322                 0.438994                 9.700000000000001        0.1030927835051546       5.384297168644999E-13    5.471632695858406E-13    0.25                     5.0E10                   2700                     3950.5892668759625       2280.8737766884833       2502.294445801098
0.702322                 0.438994                 9.8                      0.10204081632653059      5.382377821826181E-13    5.46991438765282E-13     0.25                     5.0E10                   2700                     3950.5892668759625       2280.8737766884833       2502.294445801098
0.702322                 0.438994                 9.9                      0.101010101010101        5.380676253710602E-13    5.468366075029349E-13    0.25                     5.0E10                   2700                     3950.5892668759625       2280.8737766884833       2502.294445801098
0.702322                 0.438994                 10                       0.1                      5.378861570228542E-13    5.466225542559535E-13    0.25                     5.0E10                   2700                     3950.5892668759625       2280.8737766884833       2502.294445801098
