1.72714                  0.112266                 0.1                      10                       5.639065135548359E-13    5.366915526326725E-13    0.25                     5.0E10                   2700                     6195.231140876738        3576.818366877137        2502.294445801098
1.72714                  0.112266                 0.2                      5                        7.659425909935694E-13    5.923804081339407E-13    0.25                     5.0E10                   2700                     6195.231140876738        3576.818366877137        2502.294445801098
1.72714                  0.112266                 0.30000000000000004      3.3333333333333326       6.450892849117034E-13    5.891287118218838E-13    0.25                     5.0E10                   2700                     6195.231140876738        3576.818366877137        2502.294445801098
1.72714                  0.112266                 0.4                      2.5                      4.297958989895416E-13    5.136532821473165E-13    0.25                     5.0E10                   2700                     6195.231140876738        3576.818366877137        2502.294445801098
1.72714                  0.112266                 0.5                      2                        4.238296974105151E-13    5.332576438825633E-13    0.25                     5.0E10                   2700                     6195.231140876738        3576.818366877137        2502.294445801098
1.72714                  0.112266                 0.6                      1.6666666666666667       3.959376992014786E-13    5.240293932769372E-13    0.25                     5.0E10                   2700                     6195.231140876738        3576.818366877137        2502.294445801098
1.72714                  0.112266                 0.7000000000000001       1.4285714285714284       3.5787983041059847E-13   4.696365725358264E-13    0.25                     5.0E10                   2700                     6195.231140876738        3576.818366877137        2502.294445801098
1.72714                  0.112266                 0.8                      1.25                     3.460190828499429E-13    4.3804185730757533E-13   0.25                     5.0E10                   2700                     6195.231140876738        3576.818366877137        2502.294445801098
1.72714                  0.112266                 0.9                      1.1111111111111112       3.2222264328271326E-13   4.0990274867719307E-13   0.25                     5.0E10                   2700                     6195.231140876738        3576.818366877137        2502.294445801098
1.72714                  0.112266                 1                        1                        3.859339189669972E-13    4.975957539732192E-13    0.25                     5.0E10                   2700                     6195.231140876738        3576.818366877137        2502.294445801098
1.72714                  0.112266                 1.1                      0.909090909090909        3.074763823374284E-13    4.193653656878057E-13    0.25                     5.0E10                   2700                     6195.231140876738        3576.818366877137        2502.294445801098
1.72714                  0.112266                 1.2000000000000002       0.8333333333333331       2.5874837886597895E-13   3.6799846129390535E-13   0.25                     5.0E10                   2700                     6195.231140876738        3576.818366877137        2502.294445801098
1.72714                  0.112266                 1.3000000000000003       0.769230769230769        2.75639623318786E-13     4.0503620141789413E-13   0.25                     5.0E10                   2700                     6195.231140876738        3576.818366877137        2502.294445801098
1.72714                  0.112266                 1.4000000000000001       0.7142857142857142       2.9891787465965303E-13   4.5147382588140273E-13   0.25                     5.0E10                   2700                     6195.231140876738        3576.818366877137        2502.294445801098
1.72714                  0.112266                 1.5000000000000002       0.6666666666666665       2.968205070512019E-13    4.55271153444382E-13     0.25                     5.0E10                   2700                     6195.231140876738        3576.818366877137        2502.294445801098
1.72714                  0.112266                 1.6                      0.625                    2.833213834859458E-13    4.3552857168557286E-13   0.25                     5.0E10                   2700                     6195.231140876738        3576.818366877137        2502.294445801098
1.72714                  0.112266                 1.7000000000000002       0.588235294117647        2.7125729245363627E-13   4.1391535992085066E-13   0.25                     5.0E10                   2700                     6195.231140876738        3576.818366877137        2502.294445801098
1.72714                  0.112266                 1.8000000000000003       0.5555555555555555       2.6444856559724207E-13   3.982087493598289E-13    0.25                     5.0E10                   2700                     6195.231140876738        3576.818366877137        2502.294445801098
1.72714                  0.112266                 1.9000000000000001       0.5263157894736842       2.646039082156958E-13    3.9201835423908126E-13   0.25                     5.0E10                   2700                     6195.231140876738        3576.818366877137        2502.294445801098
1.72714                  0.112266                 2                        0.5                      2.7129360214683233E-13   3.949887313845074E-13    0.25                     5.0E10                   2700                     6195.231140876738        3576.818366877137        2502.294445801098
1.72714                  0.112266                 2.1                      0.47619047619047616      2.823972690621052E-13    4.039918369240051E-13    0.25                     5.0E10                   2700                     6195.231140876738        3576.818366877137        2502.294445801098
1.72714                  0.112266                 2.2                      0.4545454545454545       2.9568537140114454E-13   4.156572019093224E-13    0.25                     5.0E10                   2700                     6195.231140876738        3576.818366877137        2502.294445801098
1.72714                  0.112266                 2.3000000000000003       0.43478260869565216      3.097411376507146E-13    4.2786242931077375E-13   0.25                     5.0E10                   2700                     6195.231140876738        3576.818366877137        2502.294445801098
1.72714                  0.112266                 2.4000000000000004       0.4166666666666666       3.240098278360546E-13    4.398039899176482E-13    0.25                     5.0E10                   2700                     6195.231140876738        3576.818366877137        2502.294445801098
1.72714                  0.112266                 2.5000000000000004       0.3999999999999999       3.383651270737013E-13    4.513344434037444E-13    0.25                     5.0E10                   2700                     6195.231140876738        3576.818366877137        2502.294445801098
1.72714                  0.112266                 2.6                      0.3846153846153846       3.524379606527866E-13    4.621353518248166E-13    0.25                     5.0E10                   2700                     6195.231140876738        3576.818366877137        2502.294445801098
1.72714                  0.112266                 2.7                      0.37037037037037035      3.6579703094203796E-13   4.717722289686098E-13    0.25                     5.0E10                   2700                     6195.231140876738        3576.818366877137        2502.294445801098
1.72714                  0.112266                 2.8000000000000003       0.3571428571428571       3.7785080042085324E-13   4.796475499487959E-13    0.25                     5.0E10                   2700                     6195.231140876738        3576.818366877137        2502.294445801098
1.72714                  0.112266                 2.9000000000000004       0.3448275862068965       3.8810445309369106E-13   4.852916235967991E-13    0.25                     5.0E10                   2700                     6195.231140876738        3576.818366877137        2502.294445801098
1.72714                  0.112266                 3.0000000000000004       0.33333333333333326      3.9631841261292597E-13   4.885420256030731E-13    0.25                     5.0E10                   2700                     6195.231140876738        3576.818366877137        2502.294445801098
1.72714                  0.112266                 3.1                      0.32258064516129037      4.02553936857481E-13     4.895816870801376E-13    0.25                     5.0E10                   2700                     6195.231140876738        3576.818366877137        2502.294445801098
1.72714                  0.112266                 3.2                      0.3125                   4.0711514362410654E-13   4.888557385886765E-13    0.25                     5.0E10                   2700                     6195.231140876738        3576.818366877137        2502.294445801098
1.72714                  0.112266                 3.3000000000000003       0.30303030303030304      4.104386784649783E-13    4.869343975273206E-13    0.25                     5.0E10                   2700                     6195.231140876738        3576.818366877137        2502.294445801098
1.72714                  0.112266                 3.4000000000000004       0.2941176470588235       4.1300064103985973E-13   4.843801813245896E-13    0.25                     5.0E10                   2700                     6195.231140876738        3576.818366877137        2502.294445801098
1.72714                  0.112266                 3.5000000000000004       0.2857142857142857       4.151697851370184E-13    4.816802822308861E-13    0.25                     5.0E10                   2700                     6195.231140876738        3576.818366877137        2502.294445801098
1.72714                  0.112266                 3.6                      0.2777777777777778       4.1728986827685815E-13   4.792041028599086E-13    0.25                     5.0E10                   2700                     6195.231140876738        3576.818366877137        2502.294445801098
1.72714                  0.112266                 3.7                      0.2702702702702703       4.1957946989204063E-13   4.77190699325308E-13     0.25                     5.0E10                   2700                     6195.231140876738        3576.818366877137        2502.294445801098
1.72714                  0.112266                 3.8000000000000003       0.2631578947368421       4.2216799018696006E-13   4.757725018168626E-13    0.25                     5.0E10                   2700                     6195.231140876738        3576.818366877137        2502.294445801098
1.72714                  0.112266                 3.9000000000000004       0.2564102564102564       4.25113364596029E-13     4.749993469307976E-13    0.25                     5.0E10                   2700                     6195.231140876738        3576.818366877137        2502.294445801098
1.72714                  0.112266                 4                        0.25                     4.284206690773918E-13    4.748619215760067E-13    0.25                     5.0E10                   2700                     6195.231140876738        3576.818366877137        2502.294445801098
1.72714                  0.112266                 4.1                      0.24390243902439027      4.320587691017249E-13    4.753117572072964E-13    0.25                     5.0E10                   2700                     6195.231140876738        3576.818366877137        2502.294445801098
1.72714                  0.112266                 4.2                      0.23809523809523808      4.3597389650759805E-13   4.762769250921301E-13    0.25                     5.0E10                   2700                     6195.231140876738        3576.818366877137        2502.294445801098
1.72714                  0.112266                 4.3                      0.23255813953488372      4.4010009379586704E-13   4.776737017588776E-13    0.25                     5.0E10                   2700                     6195.231140876738        3576.818366877137        2502.294445801098
1.72714                  0.112266                 4.3999999999999995       0.22727272727272732      4.443669099360067E-13    4.794148821385112E-13    0.25                     5.0E10                   2700                     6195.231140876738        3576.818366877137        2502.294445801098
1.72714                  0.112266                 4.5                      0.22222222222222224      4.4870485143059066E-13   4.814154705260822E-13    0.25                     5.0E10                   2700                     6195.231140876738        3576.818366877137        2502.294445801098
1.72714                  0.112266                 4.6                      0.2173913043478261       4.5304963371211775E-13   4.835968892008701E-13    0.25                     5.0E10                   2700                     6195.231140876738        3576.818366877137        2502.294445801098
1.72714                  0.112266                 4.7                      0.2127659574468085       4.573422813360892E-13    4.858872463871381E-13    0.25                     5.0E10                   2700                     6195.231140876738        3576.818366877137        2502.294445801098
1.72714                  0.112266                 4.8                      0.20833333333333334      4.615336990608629E-13    4.882253999687858E-13    0.25                     5.0E10                   2700                     6195.231140876738        3576.818366877137        2502.294445801098
1.72714                  0.112266                 4.9                      0.20408163265306117      4.655830402759015E-13    4.905594320679384E-13    0.25                     5.0E10                   2700                     6195.231140876738        3576.818366877137        2502.294445801098
1.72714                  0.112266                 5                        0.2                      4.694646997479643E-13    4.92851001634018E-13     0.25                     5.0E10                   2700                     6195.231140876738        3576.818366877137        2502.294445801098
1.72714                  0.112266                 5.1                      0.19607843137254904      4.73137035282132E-13     4.950553716278605E-13    0.25                     5.0E10                   2700                     6195.231140876738        3576.818366877137        2502.294445801098
1.72714                  0.112266                 5.2                      0.1923076923076923       4.765952765212786E-13    4.971543284596463E-13    0.25                     5.0E10                   2700                     6195.231140876738        3576.818366877137        2502.294445801098
1.72714                  0.112266                 5.3                      0.18867924528301888      4.798300430621025E-13    4.991301384673021E-13    0.25                     5.0E10                   2700                     6195.231140876738        3576.818366877137        2502.294445801098
1.72714                  0.112266                 5.4                      0.18518518518518517      4.82837656310469E-13     5.009712765006108E-13    0.25                     5.0E10                   2700                     6195.231140876738        3576.818366877137        2502.294445801098
1.72714                  0.112266                 5.5                      0.18181818181818182      4.856191900420067E-13    5.026714493979555E-13    0.25                     5.0E10                   2700                     6195.231140876738        3576.818366877137        2502.294445801098
1.72714                  0.112266                 5.6                      0.17857142857142858      4.881795562343394E-13    5.042286630835079E-13    0.25                     5.0E10                   2700                     6195.231140876738        3576.818366877137        2502.294445801098
1.72714                  0.112266                 5.7                      0.17543859649122806      4.905266574081263E-13    5.05644361010197E-13     0.25                     5.0E10                   2700                     6195.231140876738        3576.818366877137        2502.294445801098
1.72714                  0.112266                 5.8                      0.1724137931034483       4.926706248695825E-13    5.069226506558817E-13    0.25                     5.0E10                   2700                     6195.231140876738        3576.818366877137        2502.294445801098
1.72714                  0.112266                 5.9                      0.1694915254237288       4.946231528656049E-13    5.08069626174008E-13     0.25                     5.0E10                   2700                     6195.231140876738        3576.818366877137        2502.294445801098
1.72714                  0.112266                 6                        0.16666666666666666      4.963969312969676E-13    5.090927886396872E-13    0.25                     5.0E10                   2700                     6195.231140876738        3576.818366877137        2502.294445801098
1.72714                  0.112266                 6.1                      0.16393442622950818      4.980051742716187E-13    5.100005605801084E-13    0.25                     5.0E10                   2700                     6195.231140876738        3576.818366877137        2502.294445801098
1.72714                  0.112266                 6.2                      0.16129032258064518      4.994612382389345E-13    5.108018882733347E-13    0.25                     5.0E10                   2700                     6195.231140876738        3576.818366877137        2502.294445801098
1.72714                  0.112266                 6.3                      0.15873015873015872      5.007783210545228E-13    5.115059232773869E-13    0.25                     5.0E10                   2700                     6195.231140876738        3576.818366877137        2502.294445801098
1.72714                  0.112266                 6.4                      0.15625                  5.019692323155169E-13    5.121217737760183E-13    0.25                     5.0E10                   2700                     6195.231140876738        3576.818366877137        2502.294445801098
1.72714                  0.112266                 6.5                      0.15384615384615383      5.030462248733465E-13    5.126583160266901E-13    0.25                     5.0E10                   2700                     6195.231140876738        3576.818366877137        2502.294445801098
1.72714                  0.112266                 6.6                      0.15151515151515152      5.040208777360915E-13    5.13124056531056E-13     0.25                     5.0E10                   2700                     6195.231140876738        3576.818366877137        2502.294445801098
1.72714                  0.112266                 6.7                      0.1492537313432836       5.049040212762172E-13    5.135270362246343E-13    0.25                     5.0E10                   2700                     6195.231140876738        3576.818366877137        2502.294445801098
1.72714                  0.112266                 6.8                      0.14705882352941177      5.057056964928454E-13    5.13874768794896E-13     0.25                     5.0E10                   2700                     6195.231140876738        3576.818366877137        2502.294445801098
1.72714                  0.112266                 6.9                      0.14492753623188404      5.064371021330114E-13    5.1417600783921E-13      0.25                     5.0E10                   2700                     6195.231140876738        3576.818366877137        2502.294445801098
1.72714                  0.112266                 7                        0.14285714285714285      5.071028269598989E-13    5.144335969519766E-13    0.25                     5.0E10                   2700                     6195.231140876738        3576.818366877137        2502.294445801098
1.72714                  0.112266                 7.1                      0.14084507042253522      5.077124263300229E-13    5.146550712766898E-13    0.25                     5.0E10                   2700                     6195.231140876738        3576.818366877137        2502.294445801098
1.72714                  0.112266                 7.2                      0.1388888888888889       5.08272824656318E-13     5.148456783651437E-13    0.25                     5.0E10                   2700                     6195.231140876738        3576.818366877137        2502.294445801098
1.72714                  0.112266                 7.3                      0.13698630136986303      5.087902450450943E-13    5.150101320471948E-13    0.25                     5.0E10                   2700                     6195.231140876738        3576.818366877137        2502.294445801098
1.72714                  0.112266                 7.4                      0.13513513513513514      5.092702544399413E-13    5.151526417066394E-13    0.25                     5.0E10                   2700                     6195.231140876738        3576.818366877137        2502.294445801098
1.72714                  0.112266                 7.5                      0.13333333333333333      5.097178111451483E-13    5.15276945125614E-13     0.25                     5.0E10                   2700                     6195.231140876738        3576.818366877137        2502.294445801098
1.72714                  0.112266                 7.6                      0.13157894736842105      5.101373131899671E-13    5.153863432988233E-13    0.25                     5.0E10                   2700                     6195.231140876738        3576.818366877137        2502.294445801098
1.72714                  0.112266                 7.7                      0.12987012987012989      5.105326461539341E-13    5.154837358285481E-13    0.25                     5.0E10                   2700                     6195.231140876738        3576.818366877137        2502.294445801098
1.72714                  0.112266                 7.8                      0.12820512820512822      5.109072295781422E-13    5.155716560054201E-13    0.25                     5.0E10                   2700                     6195.231140876738        3576.818366877137        2502.294445801098
1.72714                  0.112266                 7.9                      0.12658227848101267      5.112640613165796E-13    5.156523048233951E-13    0.25                     5.0E10                   2700                     6195.231140876738        3576.818366877137        2502.294445801098
1.72714                  0.112266                 8                        0.125                    5.116057593827166E-13    5.157275834891178E-13    0.25                     5.0E10                   2700                     6195.231140876738        3576.818366877137        2502.294445801098
1.72714                  0.112266                 8.1                      0.1234567901234568       5.11934601082685E-13     5.157991240769312E-13    0.25                     5.0E10                   2700                     6195.231140876738        3576.818366877137        2502.294445801098
1.72714                  0.112266                 8.2                      0.12195121951219513      5.122525592160989E-13    5.158683181275065E-13    0.25                     5.0E10                   2700                     6195.231140876738        3576.818366877137        2502.294445801098
1.72714                  0.112266                 8.3                      0.12048192771084336      5.125613354662788E-13    5.159363431567964E-13    0.25                     5.0E10                   2700                     6195.231140876738        3576.818366877137        2502.294445801098
1.72714                  0.112266                 8.4                      0.11904761904761904      5.128623908448167E-13    5.160041869709263E-13    0.25                     5.0E10                   2700                     6195.231140876738        3576.818366877137        2502.294445801098
1.72714                  0.112266                 8.5                      0.11764705882352941      5.131569734655114E-13    5.160726698997409E-13    0.25                     5.0E10                   2700                     6195.231140876738        3576.818366877137        2502.294445801098
1.72714                  0.112266                 8.6                      0.11627906976744186      5.134461436593609E-13    5.161424649945037E-13    0.25                     5.0E10                   2700                     6195.231140876738        3576.818366877137        2502.294445801098
1.72714                  0.112266                 8.7                      0.11494252873563218      5.13730796654635E-13     5.162141162794296E-13    0.25                     5.0E10                   2700                     6195.231140876738        3576.818366877137        2502.294445801098
1.72714                  0.112266                 8.8                      0.11363636363636362      5.140116829014857E-13    5.162880551708172E-13    0.25                     5.0E10                   2700                     6195.231140876738        3576.818366877137        2502.294445801098
1.72714                  0.112266                 8.9                      0.11235955056179775      5.142894263679609E-13    5.163646152325167E-13    0.25                     5.0E10                   2700                     6195.231140876738        3576.818366877137        2502.294445801098
1.72714                  0.112266                 9                        0.11111111111111112      5.145645407982741E-13    5.164440453376661E-13    0.25                     5.0E10                   2700                     6195.231140876738        3576.818366877137        2502.294445801098
1.72714                  0.112266                 9.1                      0.1098901098901099       5.148374442581244E-13    5.165265214115337E-13    0.25                     5.0E10                   2700                     6195.231140876738        3576.818366877137        2502.294445801098
1.72714                  0.112266                 9.2                      0.10869565217391305      5.151084719897806E-13    5.166121568384426E-13    0.25                     5.0E10                   2700                     6195.231140876738        3576.818366877137        2502.294445801098
1.72714                  0.112266                 9.3                      0.10752688172043011      5.153778878870967E-13    5.167010117172245E-13    0.25                     5.0E10                   2700                     6195.231140876738        3576.818366877137        2502.294445801098
1.72714                  0.112266                 9.4                      0.10638297872340426      5.156458945496692E-13    5.167931009857283E-13    0.25                     5.0E10                   2700                     6195.231140876738        3576.818366877137        2502.294445801098
1.72714                  0.112266                 9.5                      0.10526315789473685      5.159126422534552E-13    5.168884016242949E-13    0.25                     5.0E10                   2700                     6195.231140876738        3576.818366877137        2502.294445801098
1.72714                  0.112266                 9.6                      0.10416666666666667      5.161782367163229E-13    5.169868589401365E-13    0.25                     5.0E10                   2700                     6195.231140876738        3576.818366877137        2502.294445801098
1.72714                  0.112266                 9.700000000000001        0.1030927835051546       5.164427460541768E-13    5.170883921112918E-13    0.25                     5.0E10                   2700                     6195.231140876738        3576.818366877137        2502.294445801098
1.72714                  0.112266                 9.8                      0.10204081632653059      5.167062068093106E-13    5.171928990141318E-13    0.25                     5.0E10                   2700                     6195.231140876738        3576.818366877137        2502.294445801098
1.72714                  0.112266                 9.9                      0.101010101010101        5.169686291779849E-13    5.173002603996503E-13    0.25                     5.0E10                   2700                     6195.231140876738        3576.818366877137        2502.294445801098
1.72714                  0.112266                 10                       0.1                      5.172641124443061E-13    5.173809654775918E-13    0.25                     5.0E10                   2700                     6195.231140876738        3576.818366877137        2502.294445801098
