0.637517                 0.860869                 0.1                      10                       5.331403029650851E-13    5.33142335948574E-13     0.25                     5.0E10                   2700                     3763.9134480543576       2173.096442440636        2502.294445801098
0.637517                 0.860869                 0.2                      5                        5.335088132316932E-13    5.331743623986435E-13    0.25                     5.0E10                   2700                     3763.9134480543576       2173.096442440636        2502.294445801098
0.637517                 0.860869                 0.30000000000000004      3.3333333333333326       5.365620497562127E-13    5.362402623811099E-13    0.25                     5.0E10                   2700                     3763.9134480543576       2173.096442440636        2502.294445801098
0.637517                 0.860869                 0.4                      2.5                      5.32891782496901E-13     5.325791478454908E-13    0.25                     5.0E10                   2700                     3763.9134480543576       2173.096442440636        2502.294445801098
0.637517                 0.860869                 0.5                      2                        5.354108306532645E-13    5.302960050274136E-13    0.25                     5.0E10                   2700                     3763.9134480543576       2173.096442440636        2502.294445801098
0.637517                 0.860869                 0.6                      1.6666666666666667       5.38603595312271E-13     5.28802145470563E-13     0.25                     5.0E10                   2700                     3763.9134480543576       2173.096442440636        2502.294445801098
0.637517                 0.860869                 0.7000000000000001       1.4285714285714284       5.388558968731308E-13    5.215836751877756E-13    0.25                     5.0E10                   2700                     3763.9134480543576       2173.096442440636        2502.294445801098
0.637517                 0.860869                 0.8                      1.25                     5.278948465417049E-13    5.075810085002219E-13    0.25                     5.0E10                   2700                     3763.9134480543576       2173.096442440636        2502.294445801098
0.637517                 0.860869                 0.9                      1.1111111111111112       5.160016716823321E-13    5.025987143238434E-13    0.25                     5.0E10                   2700                     3763.9134480543576       2173.096442440636        2502.294445801098
0.637517                 0.860869                 1                        1                        4.853134364597239E-13    4.870139655482939E-13    0.25                     5.0E10                   2700                     3763.9134480543576       2173.096442440636        2502.294445801098
0.637517                 0.860869                 1.1                      0.909090909090909        4.634385407925946E-13    4.876372032218474E-13    0.25                     5.0E10                   2700                     3763.9134480543576       2173.096442440636        2502.294445801098
0.637517                 0.860869                 1.2000000000000002       0.8333333333333331       4.3960665136116727E-13   4.80261925279383E-13     0.25                     5.0E10                   2700                     3763.9134480543576       2173.096442440636        2502.294445801098
0.637517                 0.860869                 1.3000000000000003       0.769230769230769        4.3258527588427256E-13   4.926733360961733E-13    0.25                     5.0E10                   2700                     3763.9134480543576       2173.096442440636        2502.294445801098
0.637517                 0.860869                 1.4000000000000001       0.7142857142857142       4.0542122830097324E-13   4.810675923501165E-13    0.25                     5.0E10                   2700                     3763.9134480543576       2173.096442440636        2502.294445801098
0.637517                 0.860869                 1.5000000000000002       0.6666666666666665       3.857379415180594E-13    4.723219495476759E-13    0.25                     5.0E10                   2700                     3763.9134480543576       2173.096442440636        2502.294445801098
0.637517                 0.860869                 1.6                      0.625                    3.9135807872139264E-13   4.851858723022145E-13    0.25                     5.0E10                   2700                     3763.9134480543576       2173.096442440636        2502.294445801098
0.637517                 0.860869                 1.7000000000000002       0.588235294117647        4.1410068291306557E-13   5.105986117151147E-13    0.25                     5.0E10                   2700                     3763.9134480543576       2173.096442440636        2502.294445801098
0.637517                 0.860869                 1.8000000000000003       0.5555555555555555       4.3071169839745804E-13   5.228167770110236E-13    0.25                     5.0E10                   2700                     3763.9134480543576       2173.096442440636        2502.294445801098
0.637517                 0.860869                 1.9000000000000001       0.5263157894736842       4.356480756006887E-13    5.176231922447805E-13    0.25                     5.0E10                   2700                     3763.9134480543576       2173.096442440636        2502.294445801098
0.637517                 0.860869                 2                        0.5                      4.4010333827115823E-13   5.105146027759249E-13    0.25                     5.0E10                   2700                     3763.9134480543576       2173.096442440636        2502.294445801098
0.637517                 0.860869                 2.1                      0.47619047619047616      4.514264126371984E-13    5.111493811576584E-13    0.25                     5.0E10                   2700                     3763.9134480543576       2173.096442440636        2502.294445801098
0.637517                 0.860869                 2.2                      0.4545454545454545       4.689187236954667E-13    5.190845191425312E-13    0.25                     5.0E10                   2700                     3763.9134480543576       2173.096442440636        2502.294445801098
0.637517                 0.860869                 2.3000000000000003       0.43478260869565216      4.880009883648296E-13    5.293499785372577E-13    0.25                     5.0E10                   2700                     3763.9134480543576       2173.096442440636        2502.294445801098
0.637517                 0.860869                 2.4000000000000004       0.4166666666666666       5.045915071288826E-13    5.376176190142495E-13    0.25                     5.0E10                   2700                     3763.9134480543576       2173.096442440636        2502.294445801098
0.637517                 0.860869                 2.5000000000000004       0.3999999999999999       5.167564506125029E-13    5.418935917534712E-13    0.25                     5.0E10                   2700                     3763.9134480543576       2173.096442440636        2502.294445801098
0.637517                 0.860869                 2.6                      0.3846153846153846       5.24599687705202E-13     5.423473196006058E-13    0.25                     5.0E10                   2700                     3763.9134480543576       2173.096442440636        2502.294445801098
0.637517                 0.860869                 2.7                      0.37037037037037035      5.29297712865702E-13     5.401694636694499E-13    0.25                     5.0E10                   2700                     3763.9134480543576       2173.096442440636        2502.294445801098
0.637517                 0.860869                 2.8000000000000003       0.3571428571428571       5.321487025627945E-13    5.366524446959323E-13    0.25                     5.0E10                   2700                     3763.9134480543576       2173.096442440636        2502.294445801098
0.637517                 0.860869                 2.9000000000000004       0.3448275862068965       5.342129458473417E-13    5.32815403127903E-13     0.25                     5.0E10                   2700                     3763.9134480543576       2173.096442440636        2502.294445801098
0.637517                 0.860869                 3.0000000000000004       0.33333333333333326      5.362308304292681E-13    5.293786253768523E-13    0.25                     5.0E10                   2700                     3763.9134480543576       2173.096442440636        2502.294445801098
0.637517                 0.860869                 3.1                      0.32258064516129037      5.387360818215151E-13    5.268253797966798E-13    0.25                     5.0E10                   2700                     3763.9134480543576       2173.096442440636        2502.294445801098
0.637517                 0.860869                 3.2                      0.3125                   5.420990422367635E-13    5.254940173754254E-13    0.25                     5.0E10                   2700                     3763.9134480543576       2173.096442440636        2502.294445801098
0.637517                 0.860869                 3.3000000000000003       0.30303030303030304      5.465682477614535E-13    5.256100199409274E-13    0.25                     5.0E10                   2700                     3763.9134480543576       2173.096442440636        2502.294445801098
0.637517                 0.860869                 3.4000000000000004       0.2941176470588235       5.523023512369252E-13    5.273224771264755E-13    0.25                     5.0E10                   2700                     3763.9134480543576       2173.096442440636        2502.294445801098
0.637517                 0.860869                 3.5000000000000004       0.2857142857142857       5.592955436963698E-13    5.306181832844512E-13    0.25                     5.0E10                   2700                     3763.9134480543576       2173.096442440636        2502.294445801098
0.637517                 0.860869                 3.6                      0.2777777777777778       5.675069479683765E-13    5.354686793252625E-13    0.25                     5.0E10                   2700                     3763.9134480543576       2173.096442440636        2502.294445801098
0.637517                 0.860869                 3.7                      0.2702702702702703       5.767900566288367E-13    5.417455957634331E-13    0.25                     5.0E10                   2700                     3763.9134480543576       2173.096442440636        2502.294445801098
0.637517                 0.860869                 3.8000000000000003       0.2631578947368421       5.869274550780775E-13    5.492557561525926E-13    0.25                     5.0E10                   2700                     3763.9134480543576       2173.096442440636        2502.294445801098
0.637517                 0.860869                 3.9000000000000004       0.2564102564102564       5.976470697702769E-13    5.577543784103547E-13    0.25                     5.0E10                   2700                     3763.9134480543576       2173.096442440636        2502.294445801098
0.637517                 0.860869                 4                        0.25                     6.086405570626305E-13    5.669596826736719E-13    0.25                     5.0E10                   2700                     3763.9134480543576       2173.096442440636        2502.294445801098
0.637517                 0.860869                 4.1                      0.24390243902439027      6.195824883452873E-13    5.765683491740873E-13    0.25                     5.0E10                   2700                     3763.9134480543576       2173.096442440636        2502.294445801098
0.637517                 0.860869                 4.2                      0.23809523809523808      6.30149667046718E-13     5.862714827427389E-13    0.25                     5.0E10                   2700                     3763.9134480543576       2173.096442440636        2502.294445801098
0.637517                 0.860869                 4.3                      0.23255813953488372      6.400396744595685E-13    5.957704412833389E-13    0.25                     5.0E10                   2700                     3763.9134480543576       2173.096442440636        2502.294445801098
0.637517                 0.860869                 4.3999999999999995       0.22727272727272732      6.492593760153123E-13    6.05039431936299E-13     0.25                     5.0E10                   2700                     3763.9134480543576       2173.096442440636        2502.294445801098
0.637517                 0.860869                 4.5                      0.22222222222222224      6.570162983268557E-13    6.133161886878813E-13    0.25                     5.0E10                   2700                     3763.9134480543576       2173.096442440636        2502.294445801098
0.637517                 0.860869                 4.6                      0.2173913043478261       6.634572641507076E-13    6.206884418753555E-13    0.25                     5.0E10                   2700                     3763.9134480543576       2173.096442440636        2502.294445801098
0.637517                 0.860869                 4.7                      0.2127659574468085       6.684887669943354E-13    6.270203632829937E-13    0.25                     5.0E10                   2700                     3763.9134480543576       2173.096442440636        2502.294445801098
0.637517                 0.860869                 4.8                      0.20833333333333334      6.720781305501396E-13    6.322294673589443E-13    0.25                     5.0E10                   2700                     3763.9134480543576       2173.096442440636        2502.294445801098
0.637517                 0.860869                 4.9                      0.20408163265306117      6.742480811434436E-13    6.362840616659441E-13    0.25                     5.0E10                   2700                     3763.9134480543576       2173.096442440636        2502.294445801098
0.637517                 0.860869                 5                        0.2                      6.750773680852697E-13    6.391938645816544E-13    0.25                     5.0E10                   2700                     3763.9134480543576       2173.096442440636        2502.294445801098
0.637517                 0.860869                 5.1                      0.19607843137254904      6.746474791202359E-13    6.410128363347477E-13    0.25                     5.0E10                   2700                     3763.9134480543576       2173.096442440636        2502.294445801098
0.637517                 0.860869                 5.2                      0.1923076923076923       6.731057348284473E-13    6.418216055951733E-13    0.25                     5.0E10                   2700                     3763.9134480543576       2173.096442440636        2502.294445801098
0.637517                 0.860869                 5.3                      0.18867924528301888      6.705991980132744E-13    6.417200093435109E-13    0.25                     5.0E10                   2700                     3763.9134480543576       2173.096442440636        2502.294445801098
0.637517                 0.860869                 5.4                      0.18518518518518517      6.672792125499923E-13    6.408181016157626E-13    0.25                     5.0E10                   2700                     3763.9134480543576       2173.096442440636        2502.294445801098
0.637517                 0.860869                 5.5                      0.18181818181818182      6.632967677977753E-13    6.39231807680956E-13     0.25                     5.0E10                   2700                     3763.9134480543576       2173.096442440636        2502.294445801098
0.637517                 0.860869                 5.6                      0.17857142857142858      6.587948835056248E-13    6.370754933543451E-13    0.25                     5.0E10                   2700                     3763.9134480543576       2173.096442440636        2502.294445801098
0.637517                 0.860869                 5.7                      0.17543859649122806      6.539051610402683E-13    6.344581784048E-13       0.25                     5.0E10                   2700                     3763.9134480543576       2173.096442440636        2502.294445801098
0.637517                 0.860869                 5.8                      0.1724137931034483       6.48745427708579E-13     6.314806550528209E-13    0.25                     5.0E10                   2700                     3763.9134480543576       2173.096442440636        2502.294445801098
0.637517                 0.860869                 5.9                      0.1694915254237288       6.434186611008682E-13    6.282337563126426E-13    0.25                     5.0E10                   2700                     3763.9134480543576       2173.096442440636        2502.294445801098
0.637517                 0.860869                 6                        0.16666666666666666      6.380128910377185E-13    6.24797549657892E-13     0.25                     5.0E10                   2700                     3763.9134480543576       2173.096442440636        2502.294445801098
0.637517                 0.860869                 6.1                      0.16393442622950818      6.326017965487665E-13    6.212412305981612E-13    0.25                     5.0E10                   2700                     3763.9134480543576       2173.096442440636        2502.294445801098
0.637517                 0.860869                 6.2                      0.16129032258064518      6.272457556398869E-13    6.176235120685168E-13    0.25                     5.0E10                   2700                     3763.9134480543576       2173.096442440636        2502.294445801098
0.637517                 0.860869                 6.3                      0.15873015873015872      6.219931532263377E-13    6.139933376976085E-13    0.25                     5.0E10                   2700                     3763.9134480543576       2173.096442440636        2502.294445801098
0.637517                 0.860869                 6.4                      0.15625                  6.168818004918119E-13    6.103907827053604E-13    0.25                     5.0E10                   2700                     3763.9134480543576       2173.096442440636        2502.294445801098
0.637517                 0.860869                 6.5                      0.15384615384615383      6.119403609735825E-13    6.068480399447627E-13    0.25                     5.0E10                   2700                     3763.9134480543576       2173.096442440636        2502.294445801098
0.637517                 0.860869                 6.6                      0.15151515151515152      6.071897138216692E-13    6.0339041810451E-13      0.25                     5.0E10                   2700                     3763.9134480543576       2173.096442440636        2502.294445801098
0.637517                 0.860869                 6.7                      0.1492537313432836       6.026442118073008E-13    6.000373030463772E-13    0.25                     5.0E10                   2700                     3763.9134480543576       2173.096442440636        2502.294445801098
0.637517                 0.860869                 6.8                      0.14705882352941177      5.983128120859419E-13    5.968030520239616E-13    0.25                     5.0E10                   2700                     3763.9134480543576       2173.096442440636        2502.294445801098
0.637517                 0.860869                 6.9                      0.14492753623188404      5.942000717476423E-13    5.936978042649672E-13    0.25                     5.0E10                   2700                     3763.9134480543576       2173.096442440636        2502.294445801098
0.637517                 0.860869                 7                        0.14285714285714285      5.90307009999715E-13     5.907282012807124E-13    0.25                     5.0E10                   2700                     3763.9134480543576       2173.096442440636        2502.294445801098
0.637517                 0.860869                 7.1                      0.14084507042253522      5.866325452769396E-13    5.878988536536483E-13    0.25                     5.0E10                   2700                     3763.9134480543576       2173.096442440636        2502.294445801098
0.637517                 0.860869                 7.2                      0.1388888888888889       5.831713291508746E-13    5.852095599216246E-13    0.25                     5.0E10                   2700                     3763.9134480543576       2173.096442440636        2502.294445801098
0.637517                 0.860869                 7.3                      0.13698630136986303      5.799184237094715E-13    5.8266072573664E-13      0.25                     5.0E10                   2700                     3763.9134480543576       2173.096442440636        2502.294445801098
0.637517                 0.860869                 7.4                      0.13513513513513514      5.768669741877754E-13    5.802504754019347E-13    0.25                     5.0E10                   2700                     3763.9134480543576       2173.096442440636        2502.294445801098
0.637517                 0.860869                 7.5                      0.13333333333333333      5.740092466519778E-13    5.779757964077593E-13    0.25                     5.0E10                   2700                     3763.9134480543576       2173.096442440636        2502.294445801098
0.637517                 0.860869                 7.6                      0.13157894736842105      5.713369143380625E-13    5.75832813819115E-13     0.25                     5.0E10                   2700                     3763.9134480543576       2173.096442440636        2502.294445801098
0.637517                 0.860869                 7.7                      0.12987012987012989      5.68841288248367E-13     5.738170169993353E-13    0.25                     5.0E10                   2700                     3763.9134480543576       2173.096442440636        2502.294445801098
0.637517                 0.860869                 7.8                      0.12820512820512822      5.665135011140109E-13    5.719234456359347E-13    0.25                     5.0E10                   2700                     3763.9134480543576       2173.096442440636        2502.294445801098
0.637517                 0.860869                 7.9                      0.12658227848101267      5.643446525626876E-13    5.70146841254288E-13     0.25                     5.0E10                   2700                     3763.9134480543576       2173.096442440636        2502.294445801098
0.637517                 0.860869                 8                        0.125                    5.623259222154592E-13    5.68481769654912E-13     0.25                     5.0E10                   2700                     3763.9134480543576       2173.096442440636        2502.294445801098
0.637517                 0.860869                 8.1                      0.1234567901234568       5.604486564940649E-13    5.669227190359123E-13    0.25                     5.0E10                   2700                     3763.9134480543576       2173.096442440636        2502.294445801098
0.637517                 0.860869                 8.2                      0.12195121951219513      5.587044338176391E-13    5.654641777595857E-13    0.25                     5.0E10                   2700                     3763.9134480543576       2173.096442440636        2502.294445801098
0.637517                 0.860869                 8.3                      0.12048192771084336      5.570851124254381E-13    5.641006953759771E-13    0.25                     5.0E10                   2700                     3763.9134480543576       2173.096442440636        2502.294445801098
0.637517                 0.860869                 8.4                      0.11904761904761904      5.555828640247902E-13    5.628269297086284E-13    0.25                     5.0E10                   2700                     3763.9134480543576       2173.096442440636        2502.294445801098
0.637517                 0.860869                 8.5                      0.11764705882352941      5.54190196152328E-13     5.616376825601774E-13    0.25                     5.0E10                   2700                     3763.9134480543576       2173.096442440636        2502.294445801098
0.637517                 0.860869                 8.6                      0.11627906976744186      5.528999655025442E-13    5.605279260790277E-13    0.25                     5.0E10                   2700                     3763.9134480543576       2173.096442440636        2502.294445801098
0.637517                 0.860869                 8.7                      0.11494252873563218      5.517993239580579E-13    5.595657131952036E-13    0.25                     5.0E10                   2700                     3763.9134480543576       2173.096442440636        2502.294445801098
0.637517                 0.860869                 8.8                      0.11363636363636362      5.50692327665463E-13     5.586006412901562E-13    0.25                     5.0E10                   2700                     3763.9134480543576       2173.096442440636        2502.294445801098
0.637517                 0.860869                 8.9                      0.11235955056179775      5.496683077944581E-13    5.577009220615753E-13    0.25                     5.0E10                   2700                     3763.9134480543576       2173.096442440636        2502.294445801098
0.637517                 0.860869                 9                        0.11111111111111112      5.487215619191741E-13    5.56862371977774E-13     0.25                     5.0E10                   2700                     3763.9134480543576       2173.096442440636        2502.294445801098
0.637517                 0.860869                 9.1                      0.1098901098901099       5.478467199833824E-13    5.560810185787358E-13    0.25                     5.0E10                   2700                     3763.9134480543576       2173.096442440636        2502.294445801098
0.637517                 0.860869                 9.2                      0.10869565217391305      5.470387332145941E-13    5.553530986698344E-13    0.25                     5.0E10                   2700                     3763.9134480543576       2173.096442440636        2502.294445801098
0.637517                 0.860869                 9.3                      0.10752688172043011      5.462928618149644E-13    5.546750546510049E-13    0.25                     5.0E10                   2700                     3763.9134480543576       2173.096442440636        2502.294445801098
0.637517                 0.860869                 9.4                      0.10638297872340426      5.456046617990525E-13    5.540435294090451E-13    0.25                     5.0E10                   2700                     3763.9134480543576       2173.096442440636        2502.294445801098
0.637517                 0.860869                 9.5                      0.10526315789473685      5.449699713917322E-13    5.534553601512521E-13    0.25                     5.0E10                   2700                     3763.9134480543576       2173.096442440636        2502.294445801098
0.637517                 0.860869                 9.6                      0.10416666666666667      5.443848972089652E-13    5.529075714983508E-13    0.25                     5.0E10                   2700                     3763.9134480543576       2173.096442440636        2502.294445801098
0.637517                 0.860869                 9.700000000000001        0.1030927835051546       5.438458003878534E-13    5.523973679986736E-13    0.25                     5.0E10                   2700                     3763.9134480543576       2173.096442440636        2502.294445801098
0.637517                 0.860869                 9.8                      0.10204081632653059      5.433492829487213E-13    5.519221263718226E-13    0.25                     5.0E10                   2700                     3763.9134480543576       2173.096442440636        2502.294445801098
0.637517                 0.860869                 9.9                      0.101010101010101        5.428921743478361E-13    5.514793875143659E-13    0.25                     5.0E10                   2700                     3763.9134480543576       2173.096442440636        2502.294445801098
0.637517                 0.860869                 10                       0.1                      5.423960785564507E-13    5.509792894780983E-13    0.25                     5.0E10                   2700                     3763.9134480543576       2173.096442440636        2502.294445801098
