0.5974                   0.667028                 0.1                      10                       5.331511140339049E-13    5.331516359887375E-13    0.25                     5.0E10                   2700                     3643.5635791839227       2103.612413251354        2502.294445801098
0.5974                   0.667028                 0.2                      5                        5.334948797568313E-13    5.331471198069426E-13    0.25                     5.0E10                   2700                     3643.5635791839227       2103.612413251354        2502.294445801098
0.5974                   0.667028                 0.30000000000000004      3.3333333333333326       5.368667115481324E-13    5.356135121299459E-13    0.25                     5.0E10                   2700                     3643.5635791839227       2103.612413251354        2502.294445801098
0.5974                   0.667028                 0.4                      2.5                      5.370638893858085E-13    5.290024301510924E-13    0.25                     5.0E10                   2700                     3643.5635791839227       2103.612413251354        2502.294445801098
0.5974                   0.667028                 0.5                      2                        5.299931735225429E-13    5.168054837361108E-13    0.25                     5.0E10                   2700                     3643.5635791839227       2103.612413251354        2502.294445801098
0.5974                   0.667028                 0.6                      1.6666666666666667       5.2133477990779E-13      5.047639400935998E-13    0.25                     5.0E10                   2700                     3643.5635791839227       2103.612413251354        2502.294445801098
0.5974                   0.667028                 0.7000000000000001       1.4285714285714284       4.972940105483154E-13    4.851840127784308E-13    0.25                     5.0E10                   2700                     3643.5635791839227       2103.612413251354        2502.294445801098
0.5974                   0.667028                 0.8                      1.25                     4.549223621990852E-13    4.667354211699172E-13    0.25                     5.0E10                   2700                     3643.5635791839227       2103.612413251354        2502.294445801098
0.5974                   0.667028                 0.9                      1.1111111111111112       4.327624014547557E-13    4.729165642372469E-13    0.25                     5.0E10                   2700                     3643.5635791839227       2103.612413251354        2502.294445801098
0.5974                   0.667028                 1                        1                        3.9265365895062963E-13   4.5014254137684916E-13   0.25                     5.0E10                   2700                     3643.5635791839227       2103.612413251354        2502.294445801098
0.5974                   0.667028                 1.1                      0.909090909090909        3.9213521412211925E-13   4.671733397871798E-13    0.25                     5.0E10                   2700                     3643.5635791839227       2103.612413251354        2502.294445801098
0.5974                   0.667028                 1.2000000000000002       0.8333333333333331       3.7420914480526874E-13   4.60489758224466E-13     0.25                     5.0E10                   2700                     3643.5635791839227       2103.612413251354        2502.294445801098
0.5974                   0.667028                 1.3000000000000003       0.769230769230769        3.87365702603072E-13     4.948582828632096E-13    0.25                     5.0E10                   2700                     3643.5635791839227       2103.612413251354        2502.294445801098
0.5974                   0.667028                 1.4000000000000001       0.7142857142857142       3.5741689259331653E-13   4.717580731746915E-13    0.25                     5.0E10                   2700                     3643.5635791839227       2103.612413251354        2502.294445801098
0.5974                   0.667028                 1.5000000000000002       0.6666666666666665       3.4198755969552703E-13   4.566995656388946E-13    0.25                     5.0E10                   2700                     3643.5635791839227       2103.612413251354        2502.294445801098
0.5974                   0.667028                 1.6                      0.625                    3.694638148653799E-13    4.841788708476563E-13    0.25                     5.0E10                   2700                     3643.5635791839227       2103.612413251354        2502.294445801098
0.5974                   0.667028                 1.7000000000000002       0.588235294117647        4.2045190632176946E-13   5.310297480966024E-13    0.25                     5.0E10                   2700                     3643.5635791839227       2103.612413251354        2502.294445801098
0.5974                   0.667028                 1.8000000000000003       0.5555555555555555       4.584031978185422E-13    5.551266232367692E-13    0.25                     5.0E10                   2700                     3643.5635791839227       2103.612413251354        2502.294445801098
0.5974                   0.667028                 1.9000000000000001       0.5263157894736842       4.70683674550675E-13     5.469072625339835E-13    0.25                     5.0E10                   2700                     3643.5635791839227       2103.612413251354        2502.294445801098
0.5974                   0.667028                 2                        0.5                      4.738338773332275E-13    5.296973177055696E-13    0.25                     5.0E10                   2700                     3643.5635791839227       2103.612413251354        2502.294445801098
0.5974                   0.667028                 2.1                      0.47619047619047616      4.833963847476829E-13    5.218641859811478E-13    0.25                     5.0E10                   2700                     3643.5635791839227       2103.612413251354        2502.294445801098
0.5974                   0.667028                 2.2                      0.4545454545454545       5.030680717146307E-13    5.267505025155229E-13    0.25                     5.0E10                   2700                     3643.5635791839227       2103.612413251354        2502.294445801098
0.5974                   0.667028                 2.3000000000000003       0.43478260869565216      5.293846829528949E-13    5.399400844640891E-13    0.25                     5.0E10                   2700                     3643.5635791839227       2103.612413251354        2502.294445801098
0.5974                   0.667028                 2.4000000000000004       0.4166666666666666       5.562118230211075E-13    5.548253491900931E-13    0.25                     5.0E10                   2700                     3643.5635791839227       2103.612413251354        2502.294445801098
0.5974                   0.667028                 2.5000000000000004       0.3999999999999999       5.784333414252709E-13    5.661982003402772E-13    0.25                     5.0E10                   2700                     3643.5635791839227       2103.612413251354        2502.294445801098
0.5974                   0.667028                 2.6                      0.3846153846153846       5.933051389257497E-13    5.714511917446923E-13    0.25                     5.0E10                   2700                     3643.5635791839227       2103.612413251354        2502.294445801098
0.5974                   0.667028                 2.7                      0.37037037037037035      6.007977254323653E-13    5.706248549969193E-13    0.25                     5.0E10                   2700                     3643.5635791839227       2103.612413251354        2502.294445801098
0.5974                   0.667028                 2.8000000000000003       0.3571428571428571       6.02591561274102E-13     5.653508863070841E-13    0.25                     5.0E10                   2700                     3643.5635791839227       2103.612413251354        2502.294445801098
0.5974                   0.667028                 2.9000000000000004       0.3448275862068965       6.009594795513931E-13    5.577454838422218E-13    0.25                     5.0E10                   2700                     3643.5635791839227       2103.612413251354        2502.294445801098
0.5974                   0.667028                 3.0000000000000004       0.33333333333333326      5.980065990625258E-13    5.497098826392445E-13    0.25                     5.0E10                   2700                     3643.5635791839227       2103.612413251354        2502.294445801098
0.5974                   0.667028                 3.1                      0.32258064516129037      5.953513711122364E-13    5.426644762036863E-13    0.25                     5.0E10                   2700                     3643.5635791839227       2103.612413251354        2502.294445801098
0.5974                   0.667028                 3.2                      0.3125                   5.940837254053057E-13    5.37536781517414E-13     0.25                     5.0E10                   2700                     3643.5635791839227       2103.612413251354        2502.294445801098
0.5974                   0.667028                 3.3000000000000003       0.30303030303030304      5.948394797687752E-13    5.348479584510516E-13    0.25                     5.0E10                   2700                     3643.5635791839227       2103.612413251354        2502.294445801098
0.5974                   0.667028                 3.4000000000000004       0.2941176470588235       5.980563049787646E-13    5.349331089844341E-13    0.25                     5.0E10                   2700                     3643.5635791839227       2103.612413251354        2502.294445801098
0.5974                   0.667028                 3.5000000000000004       0.2857142857142857       6.034839429239657E-13    5.375870388568108E-13    0.25                     5.0E10                   2700                     3643.5635791839227       2103.612413251354        2502.294445801098
0.5974                   0.667028                 3.6                      0.2777777777777778       6.110747335806633E-13    5.42733986278669E-13     0.25                     5.0E10                   2700                     3643.5635791839227       2103.612413251354        2502.294445801098
0.5974                   0.667028                 3.7                      0.2702702702702703       6.205284305762435E-13    5.501064938875086E-13    0.25                     5.0E10                   2700                     3643.5635791839227       2103.612413251354        2502.294445801098
0.5974                   0.667028                 3.8000000000000003       0.2631578947368421       6.314482135439935E-13    5.593559940556806E-13    0.25                     5.0E10                   2700                     3643.5635791839227       2103.612413251354        2502.294445801098
0.5974                   0.667028                 3.9000000000000004       0.2564102564102564       6.433716520993395E-13    5.700748500033681E-13    0.25                     5.0E10                   2700                     3643.5635791839227       2103.612413251354        2502.294445801098
0.5974                   0.667028                 4                        0.25                     6.557983159651572E-13    5.818159950743487E-13    0.25                     5.0E10                   2700                     3643.5635791839227       2103.612413251354        2502.294445801098
0.5974                   0.667028                 4.1                      0.24390243902439027      6.682170354134459E-13    5.941121279147371E-13    0.25                     5.0E10                   2700                     3643.5635791839227       2103.612413251354        2502.294445801098
0.5974                   0.667028                 4.2                      0.23809523809523808      6.801332230867421E-13    6.064971267158817E-13    0.25                     5.0E10                   2700                     3643.5635791839227       2103.612413251354        2502.294445801098
0.5974                   0.667028                 4.3                      0.23255813953488372      6.910956597230758E-13    6.185282385617418E-13    0.25                     5.0E10                   2700                     3643.5635791839227       2103.612413251354        2502.294445801098
0.5974                   0.667028                 4.3999999999999995       0.22727272727272732      7.007205196875181E-13    6.298077851600176E-13    0.25                     5.0E10                   2700                     3643.5635791839227       2103.612413251354        2502.294445801098
0.5974                   0.667028                 4.5                      0.22222222222222224      7.087101455982728E-13    6.400020093615704E-13    0.25                     5.0E10                   2700                     3643.5635791839227       2103.612413251354        2502.294445801098
0.5974                   0.667028                 4.6                      0.2173913043478261       7.148644244118547E-13    6.488548012951828E-13    0.25                     5.0E10                   2700                     3643.5635791839227       2103.612413251354        2502.294445801098
0.5974                   0.667028                 4.7                      0.2127659574468085       7.190836312568343E-13    6.561947298007216E-13    0.25                     5.0E10                   2700                     3643.5635791839227       2103.612413251354        2502.294445801098
0.5974                   0.667028                 4.8                      0.20833333333333334      7.213633573294202E-13    6.619352477825246E-13    0.25                     5.0E10                   2700                     3643.5635791839227       2103.612413251354        2502.294445801098
0.5974                   0.667028                 4.9                      0.20408163265306117      7.217804760032102E-13    6.660666353111081E-13    0.25                     5.0E10                   2700                     3643.5635791839227       2103.612413251354        2502.294445801098
0.5974                   0.667028                 5                        0.2                      7.204829386159322E-13    6.686328426905559E-13    0.25                     5.0E10                   2700                     3643.5635791839227       2103.612413251354        2502.294445801098
0.5974                   0.667028                 5.1                      0.19607843137254904      7.17641707909593E-13     6.697626704978404E-13    0.25                     5.0E10                   2700                     3643.5635791839227       2103.612413251354        2502.294445801098
0.5974                   0.667028                 5.2                      0.1923076923076923       7.134889806110858E-13    6.69594862950174E-13     0.25                     5.0E10                   2700                     3643.5635791839227       2103.612413251354        2502.294445801098
0.5974                   0.667028                 5.3                      0.18867924528301888      7.082527543988112E-13    6.682954195188699E-13    0.25                     5.0E10                   2700                     3643.5635791839227       2103.612413251354        2502.294445801098
0.5974                   0.667028                 5.4                      0.18518518518518517      7.021582439438434E-13    6.660388632762239E-13    0.25                     5.0E10                   2700                     3643.5635791839227       2103.612413251354        2502.294445801098
0.5974                   0.667028                 5.5                      0.18181818181818182      6.954177985737165E-13    6.629980674035441E-13    0.25                     5.0E10                   2700                     3643.5635791839227       2103.612413251354        2502.294445801098
0.5974                   0.667028                 5.6                      0.17857142857142858      6.882242268555354E-13    6.593368160697887E-13    0.25                     5.0E10                   2700                     3643.5635791839227       2103.612413251354        2502.294445801098
0.5974                   0.667028                 5.7                      0.17543859649122806      6.807470786597264E-13    6.552049053847977E-13    0.25                     5.0E10                   2700                     3643.5635791839227       2103.612413251354        2502.294445801098
0.5974                   0.667028                 5.8                      0.1724137931034483       6.731312794438301E-13    6.50735394706193E-13     0.25                     5.0E10                   2700                     3643.5635791839227       2103.612413251354        2502.294445801098
0.5974                   0.667028                 5.9                      0.1694915254237288       6.654974874211563E-13    6.460435419815721E-13    0.25                     5.0E10                   2700                     3643.5635791839227       2103.612413251354        2502.294445801098
0.5974                   0.667028                 6                        0.16666666666666666      6.579436029613581E-13    6.412269632792506E-13    0.25                     5.0E10                   2700                     3643.5635791839227       2103.612413251354        2502.294445801098
0.5974                   0.667028                 6.1                      0.16393442622950818      6.505469598819861E-13    6.363666119179702E-13    0.25                     5.0E10                   2700                     3643.5635791839227       2103.612413251354        2502.294445801098
0.5974                   0.667028                 6.2                      0.16129032258064518      6.433668395730197E-13    6.315282492841107E-13    0.25                     5.0E10                   2700                     3643.5635791839227       2103.612413251354        2502.294445801098
0.5974                   0.667028                 6.3                      0.15873015873015872      6.364470525650087E-13    6.267641587941237E-13    0.25                     5.0E10                   2700                     3643.5635791839227       2103.612413251354        2502.294445801098
0.5974                   0.667028                 6.4                      0.15625                  6.298193040947431E-13    6.221159947308104E-13    0.25                     5.0E10                   2700                     3643.5635791839227       2103.612413251354        2502.294445801098
0.5974                   0.667028                 6.5                      0.15384615384615383      6.235019516396913E-13    6.176122664344594E-13    0.25                     5.0E10                   2700                     3643.5635791839227       2103.612413251354        2502.294445801098
0.5974                   0.667028                 6.6                      0.15151515151515152      6.175072950484259E-13    6.132762713949893E-13    0.25                     5.0E10                   2700                     3643.5635791839227       2103.612413251354        2502.294445801098
0.5974                   0.667028                 6.7                      0.1492537313432836       6.118411745169213E-13    6.09121216608081E-13     0.25                     5.0E10                   2700                     3643.5635791839227       2103.612413251354        2502.294445801098
0.5974                   0.667028                 6.8                      0.14705882352941177      6.065024959749389E-13    6.051637245694602E-13    0.25                     5.0E10                   2700                     3643.5635791839227       2103.612413251354        2502.294445801098
0.5974                   0.667028                 6.9                      0.14492753623188404      6.01485084727455E-13     6.014043803188332E-13    0.25                     5.0E10                   2700                     3643.5635791839227       2103.612413251354        2502.294445801098
0.5974                   0.667028                 7                        0.14285714285714285      5.967806174129464E-13    5.978445747699301E-13    0.25                     5.0E10                   2700                     3643.5635791839227       2103.612413251354        2502.294445801098
0.5974                   0.667028                 7.1                      0.14084507042253522      5.923785334179005E-13    5.944829169816905E-13    0.25                     5.0E10                   2700                     3643.5635791839227       2103.612413251354        2502.294445801098
0.5974                   0.667028                 7.2                      0.1388888888888889       5.882667081438094E-13    5.9131587540679E-13      0.25                     5.0E10                   2700                     3643.5635791839227       2103.612413251354        2502.294445801098
0.5974                   0.667028                 7.3                      0.13698630136986303      5.844319905951647E-13    5.883383057264843E-13    0.25                     5.0E10                   2700                     3643.5635791839227       2103.612413251354        2502.294445801098
0.5974                   0.667028                 7.4                      0.13513513513513514      5.808606280988467E-13    5.855438816564618E-13    0.25                     5.0E10                   2700                     3643.5635791839227       2103.612413251354        2502.294445801098
0.5974                   0.667028                 7.5                      0.13333333333333333      5.775385978666282E-13    5.829254436641504E-13    0.25                     5.0E10                   2700                     3643.5635791839227       2103.612413251354        2502.294445801098
0.5974                   0.667028                 7.6                      0.13157894736842105      5.744518626071804E-13    5.804752789946021E-13    0.25                     5.0E10                   2700                     3643.5635791839227       2103.612413251354        2502.294445801098
0.5974                   0.667028                 7.7                      0.12987012987012989      5.715865644881333E-13    5.781853445745293E-13    0.25                     5.0E10                   2700                     3643.5635791839227       2103.612413251354        2502.294445801098
0.5974                   0.667028                 7.8                      0.12820512820512822      5.68929169513646E-13     5.760474428164073E-13    0.25                     5.0E10                   2700                     3643.5635791839227       2103.612413251354        2502.294445801098
0.5974                   0.667028                 7.9                      0.12658227848101267      5.66466572316868E-13     5.740533587894738E-13    0.25                     5.0E10                   2700                     3643.5635791839227       2103.612413251354        2502.294445801098
0.5974                   0.667028                 8                        0.125                    5.641861694474866E-13    5.721949658483495E-13    0.25                     5.0E10                   2700                     3643.5635791839227       2103.612413251354        2502.294445801098
0.5974                   0.667028                 8.1                      0.1234567901234568       5.620759079864953E-13    5.704643057352213E-13    0.25                     5.0E10                   2700                     3643.5635791839227       2103.612413251354        2502.294445801098
0.5974                   0.667028                 8.2                      0.12195121951219513      5.601243146380147E-13    5.688536479416381E-13    0.25                     5.0E10                   2700                     3643.5635791839227       2103.612413251354        2502.294445801098
0.5974                   0.667028                 8.3                      0.12048192771084336      5.583205099565526E-13    5.6735553255155E-13      0.25                     5.0E10                   2700                     3643.5635791839227       2103.612413251354        2502.294445801098
0.5974                   0.667028                 8.4                      0.11904761904761904      5.566542109666455E-13    5.659627997721108E-13    0.25                     5.0E10                   2700                     3643.5635791839227       2103.612413251354        2502.294445801098
0.5974                   0.667028                 8.5                      0.11764705882352941      5.551157251493752E-13    5.646686089622036E-13    0.25                     5.0E10                   2700                     3643.5635791839227       2103.612413251354        2502.294445801098
0.5974                   0.667028                 8.6                      0.11627906976744186      5.536959378963076E-13    5.63466449326898E-13     0.25                     5.0E10                   2700                     3643.5635791839227       2103.612413251354        2502.294445801098
0.5974                   0.667028                 8.7                      0.11494252873563218      5.523862952949012E-13    5.623501441281201E-13    0.25                     5.0E10                   2700                     3643.5635791839227       2103.612413251354        2502.294445801098
0.5974                   0.667028                 8.8                      0.11363636363636362      5.511787835717724E-13    5.613138498391642E-13    0.25                     5.0E10                   2700                     3643.5635791839227       2103.612413251354        2502.294445801098
0.5974                   0.667028                 8.9                      0.11235955056179775      5.500659063440585E-13    5.603520514663954E-13    0.25                     5.0E10                   2700                     3643.5635791839227       2103.612413251354        2502.294445801098
0.5974                   0.667028                 9                        0.11111111111111112      5.490406605049639E-13    5.594595549725845E-13    0.25                     5.0E10                   2700                     3643.5635791839227       2103.612413251354        2502.294445801098
0.5974                   0.667028                 9.1                      0.1098901098901099       5.480965113565323E-13    5.586314775343779E-13    0.25                     5.0E10                   2700                     3643.5635791839227       2103.612413251354        2502.294445801098
0.5974                   0.667028                 9.2                      0.10869565217391305      5.472273675893525E-13    5.578632363082111E-13    0.25                     5.0E10                   2700                     3643.5635791839227       2103.612413251354        2502.294445801098
0.5974                   0.667028                 9.3                      0.10752688172043011      5.464275564412334E-13    5.57150536164965E-13     0.25                     5.0E10                   2700                     3643.5635791839227       2103.612413251354        2502.294445801098
0.5974                   0.667028                 9.4                      0.10638297872340426      5.456917992839632E-13    5.564893567463806E-13    0.25                     5.0E10                   2700                     3643.5635791839227       2103.612413251354        2502.294445801098
0.5974                   0.667028                 9.5                      0.10526315789473685      5.45015187932346E-13     5.558759392007949E-13    0.25                     5.0E10                   2700                     3643.5635791839227       2103.612413251354        2502.294445801098
0.5974                   0.667028                 9.6                      0.10416666666666667      5.443944123751876E-13    5.553085550565099E-13    0.25                     5.0E10                   2700                     3643.5635791839227       2103.612413251354        2502.294445801098
0.5974                   0.667028                 9.700000000000001        0.1030927835051546       5.438227532571878E-13    5.5478039305574E-13      0.25                     5.0E10                   2700                     3643.5635791839227       2103.612413251354        2502.294445801098
0.5974                   0.667028                 9.8                      0.10204081632653059      5.432975143411663E-13    5.542901526983299E-13    0.25                     5.0E10                   2700                     3643.5635791839227       2103.612413251354        2502.294445801098
0.5974                   0.667028                 9.9                      0.101010101010101        5.428150498723632E-13    5.538349887921298E-13    0.25                     5.0E10                   2700                     3643.5635791839227       2103.612413251354        2502.294445801098
0.5974                   0.667028                 10                       0.1                      5.423117584194854E-13    5.533200958594141E-13    0.25                     5.0E10                   2700                     3643.5635791839227       2103.612413251354        2502.294445801098
