1.75705                  0.429816                 0.1                      10                       5.33138703770194E-13     5.331408512991755E-13    0.25                     5.0E10                   2700                     6248.644297410083        3607.6564671799315       2502.294445801098
1.75705                  0.429816                 0.2                      5                        5.331384151645783E-13    5.33212626524647E-13     0.25                     5.0E10                   2700                     6248.644297410083        3607.6564671799315       2502.294445801098
1.75705                  0.429816                 0.30000000000000004      3.3333333333333326       5.508280613038581E-13    5.366065323147491E-13    0.25                     5.0E10                   2700                     6248.644297410083        3607.6564671799315       2502.294445801098
1.75705                  0.429816                 0.4                      2.5                      5.822388036500268E-13    5.321258532618905E-13    0.25                     5.0E10                   2700                     6248.644297410083        3607.6564671799315       2502.294445801098
1.75705                  0.429816                 0.5                      2                        6.283053231503731E-13    5.486383415872601E-13    0.25                     5.0E10                   2700                     6248.644297410083        3607.6564671799315       2502.294445801098
1.75705                  0.429816                 0.6                      1.6666666666666667       6.824797661800385E-13    5.698157481661386E-13    0.25                     5.0E10                   2700                     6248.644297410083        3607.6564671799315       2502.294445801098
1.75705                  0.429816                 0.7000000000000001       1.4285714285714284       7.315547072748624E-13    5.810780597285732E-13    0.25                     5.0E10                   2700                     6248.644297410083        3607.6564671799315       2502.294445801098
1.75705                  0.429816                 0.8                      1.25                     7.708683899744927E-13    5.896427969053337E-13    0.25                     5.0E10                   2700                     6248.644297410083        3607.6564671799315       2502.294445801098
1.75705                  0.429816                 0.9                      1.1111111111111112       7.660470786988473E-13    5.83940344796753E-13     0.25                     5.0E10                   2700                     6248.644297410083        3607.6564671799315       2502.294445801098
1.75705                  0.429816                 1                        1                        7.772685169951672E-13    6.016902727760577E-13    0.25                     5.0E10                   2700                     6248.644297410083        3607.6564671799315       2502.294445801098
1.75705                  0.429816                 1.1                      0.909090909090909        7.036921975582212E-13    5.657543633295021E-13    0.25                     5.0E10                   2700                     6248.644297410083        3607.6564671799315       2502.294445801098
1.75705                  0.429816                 1.2000000000000002       0.8333333333333331       5.973977273188367E-13    4.975525600552824E-13    0.25                     5.0E10                   2700                     6248.644297410083        3607.6564671799315       2502.294445801098
1.75705                  0.429816                 1.3000000000000003       0.769230769230769        5.895610264153077E-13    5.18439314796493E-13     0.25                     5.0E10                   2700                     6248.644297410083        3607.6564671799315       2502.294445801098
1.75705                  0.429816                 1.4000000000000001       0.7142857142857142       5.535813087868708E-13    5.250300982800388E-13    0.25                     5.0E10                   2700                     6248.644297410083        3607.6564671799315       2502.294445801098
1.75705                  0.429816                 1.5000000000000002       0.6666666666666665       4.823181015458157E-13    4.914799151482085E-13    0.25                     5.0E10                   2700                     6248.644297410083        3607.6564671799315       2502.294445801098
1.75705                  0.429816                 1.6                      0.625                    4.4362292845015585E-13   4.7802188882565E-13      0.25                     5.0E10                   2700                     6248.644297410083        3607.6564671799315       2502.294445801098
1.75705                  0.429816                 1.7000000000000002       0.588235294117647        4.2090596211059505E-13   4.735840389563488E-13    0.25                     5.0E10                   2700                     6248.644297410083        3607.6564671799315       2502.294445801098
1.75705                  0.429816                 1.8000000000000003       0.5555555555555555       3.896631252401478E-13    4.536494412167811E-13    0.25                     5.0E10                   2700                     6248.644297410083        3607.6564671799315       2502.294445801098
1.75705                  0.429816                 1.9000000000000001       0.5263157894736842       3.568086758198298E-13    4.2622366384437233E-13   0.25                     5.0E10                   2700                     6248.644297410083        3607.6564671799315       2502.294445801098
1.75705                  0.429816                 2                        0.5                      3.3463987738711835E-13   4.068414440009489E-13    0.25                     5.0E10                   2700                     6248.644297410083        3607.6564671799315       2502.294445801098
1.75705                  0.429816                 2.1                      0.47619047619047616      3.25593531388781E-13     4.0004902049840413E-13   0.25                     5.0E10                   2700                     6248.644297410083        3607.6564671799315       2502.294445801098
1.75705                  0.429816                 2.2                      0.4545454545454545       3.272049317184795E-13    4.03941181817202E-13     0.25                     5.0E10                   2700                     6248.644297410083        3607.6564671799315       2502.294445801098
1.75705                  0.429816                 2.3000000000000003       0.43478260869565216      3.359297102299112E-13    4.149286436065011E-13    0.25                     5.0E10                   2700                     6248.644297410083        3607.6564671799315       2502.294445801098
1.75705                  0.429816                 2.4000000000000004       0.4166666666666666       3.49141871042496E-13     4.3010879608601094E-13   0.25                     5.0E10                   2700                     6248.644297410083        3607.6564671799315       2502.294445801098
1.75705                  0.429816                 2.5000000000000004       0.3999999999999999       3.6469124932992433E-13   4.4708354984834274E-13   0.25                     5.0E10                   2700                     6248.644297410083        3607.6564671799315       2502.294445801098
1.75705                  0.429816                 2.6                      0.3846153846153846       3.806797655913746E-13    4.637927525405965E-13    0.25                     5.0E10                   2700                     6248.644297410083        3607.6564671799315       2502.294445801098
1.75705                  0.429816                 2.7                      0.37037037037037035      3.9548977366702226E-13   4.784765714727638E-13    0.25                     5.0E10                   2700                     6248.644297410083        3607.6564671799315       2502.294445801098
1.75705                  0.429816                 2.8000000000000003       0.3571428571428571       4.078059916128074E-13    4.897558248057486E-13    0.25                     5.0E10                   2700                     6248.644297410083        3607.6564671799315       2502.294445801098
1.75705                  0.429816                 2.9000000000000004       0.3448275862068965       4.168122545199631E-13    4.968375503412988E-13    0.25                     5.0E10                   2700                     6248.644297410083        3607.6564671799315       2502.294445801098
1.75705                  0.429816                 3.0000000000000004       0.33333333333333326      4.222951007506491E-13    4.996202700981352E-13    0.25                     5.0E10                   2700                     6248.644297410083        3607.6564671799315       2502.294445801098
1.75705                  0.429816                 3.1                      0.32258064516129037      4.2458889446362026E-13   4.986153364542321E-13    0.25                     5.0E10                   2700                     6248.644297410083        3607.6564671799315       2502.294445801098
1.75705                  0.429816                 3.2                      0.3125                   4.2438963827430443E-13   4.947213202646016E-13    0.25                     5.0E10                   2700                     6248.644297410083        3607.6564671799315       2502.294445801098
1.75705                  0.429816                 3.3000000000000003       0.30303030303030304      4.2253027352941E-13      4.889620152643329E-13    0.25                     5.0E10                   2700                     6248.644297410083        3607.6564671799315       2502.294445801098
1.75705                  0.429816                 3.4000000000000004       0.2941176470588235       4.19794212135663E-13     4.822731581518181E-13    0.25                     5.0E10                   2700                     6248.644297410083        3607.6564671799315       2502.294445801098
1.75705                  0.429816                 3.5000000000000004       0.2857142857142857       4.1683591002307514E-13   4.754255133454863E-13    0.25                     5.0E10                   2700                     6248.644297410083        3607.6564671799315       2502.294445801098
1.75705                  0.429816                 3.6                      0.2777777777777778       4.141201065325817E-13    4.689559768945754E-13    0.25                     5.0E10                   2700                     6248.644297410083        3607.6564671799315       2502.294445801098
1.75705                  0.429816                 3.7                      0.2702702702702703       4.1194915702414583E-13   4.6320736773195E-13      0.25                     5.0E10                   2700                     6248.644297410083        3607.6564671799315       2502.294445801098
1.75705                  0.429816                 3.8000000000000003       0.2631578947368421       4.104912263655687E-13    4.583655644146729E-13    0.25                     5.0E10                   2700                     6248.644297410083        3607.6564671799315       2502.294445801098
1.75705                  0.429816                 3.9000000000000004       0.2564102564102564       4.0981542695154555E-13   4.5450263183181053E-13   0.25                     5.0E10                   2700                     6248.644297410083        3607.6564671799315       2502.294445801098
1.75705                  0.429816                 4                        0.25                     4.099228627824519E-13    4.5161390880824816E-13   0.25                     5.0E10                   2700                     6248.644297410083        3607.6564671799315       2502.294445801098
1.75705                  0.429816                 4.1                      0.24390243902439027      4.1077101517883184E-13   4.496465689493068E-13    0.25                     5.0E10                   2700                     6248.644297410083        3607.6564671799315       2502.294445801098
1.75705                  0.429816                 4.2                      0.23809523809523808      4.122918511246609E-13    4.485203605228997E-13    0.25                     5.0E10                   2700                     6248.644297410083        3607.6564671799315       2502.294445801098
1.75705                  0.429816                 4.3                      0.23255813953488372      4.144038632028576E-13    4.481703117944874E-13    0.25                     5.0E10                   2700                     6248.644297410083        3607.6564671799315       2502.294445801098
1.75705                  0.429816                 4.3999999999999995       0.22727272727272732      4.1703142869520897E-13   4.484509247290971E-13    0.25                     5.0E10                   2700                     6248.644297410083        3607.6564671799315       2502.294445801098
1.75705                  0.429816                 4.5                      0.22222222222222224      4.2007521032779925E-13   4.4928069779059425E-13   0.25                     5.0E10                   2700                     6248.644297410083        3607.6564671799315       2502.294445801098
1.75705                  0.429816                 4.6                      0.2173913043478261       4.23453233906715E-13     4.505682281504816E-13    0.25                     5.0E10                   2700                     6248.644297410083        3607.6564671799315       2502.294445801098
1.75705                  0.429816                 4.7                      0.2127659574468085       4.2708942779804033E-13   4.5222912262256335E-13   0.25                     5.0E10                   2700                     6248.644297410083        3607.6564671799315       2502.294445801098
1.75705                  0.429816                 4.8                      0.20833333333333334      4.3091472298696983E-13   4.5418699128343444E-13   0.25                     5.0E10                   2700                     6248.644297410083        3607.6564671799315       2502.294445801098
1.75705                  0.429816                 4.9                      0.20408163265306117      4.348675367584601E-13    4.56373791567224E-13     0.25                     5.0E10                   2700                     6248.644297410083        3607.6564671799315       2502.294445801098
1.75705                  0.429816                 5                        0.2                      4.388947562161581E-13    4.587230428807603E-13    0.25                     5.0E10                   2700                     6248.644297410083        3607.6564671799315       2502.294445801098
1.75705                  0.429816                 5.1                      0.19607843137254904      4.4294596141671085E-13   4.611967925780953E-13    0.25                     5.0E10                   2700                     6248.644297410083        3607.6564671799315       2502.294445801098
1.75705                  0.429816                 5.2                      0.1923076923076923       4.469837755499016E-13    4.637427244999837E-13    0.25                     5.0E10                   2700                     6248.644297410083        3607.6564671799315       2502.294445801098
1.75705                  0.429816                 5.3                      0.18867924528301888      4.50975168232494E-13     4.663234741257571E-13    0.25                     5.0E10                   2700                     6248.644297410083        3607.6564671799315       2502.294445801098
1.75705                  0.429816                 5.4                      0.18518518518518517      4.548930245548647E-13    4.689078818532228E-13    0.25                     5.0E10                   2700                     6248.644297410083        3607.6564671799315       2502.294445801098
1.75705                  0.429816                 5.5                      0.18181818181818182      4.587155585099379E-13    4.714703461236794E-13    0.25                     5.0E10                   2700                     6248.644297410083        3607.6564671799315       2502.294445801098
1.75705                  0.429816                 5.6                      0.17857142857142858      4.624262285392477E-13    4.739906197877303E-13    0.25                     5.0E10                   2700                     6248.644297410083        3607.6564671799315       2502.294445801098
1.75705                  0.429816                 5.7                      0.17543859649122806      4.660111729573179E-13    4.764515058173327E-13    0.25                     5.0E10                   2700                     6248.644297410083        3607.6564671799315       2502.294445801098
1.75705                  0.429816                 5.8                      0.1724137931034483       4.694615919618693E-13    4.788407887903805E-13    0.25                     5.0E10                   2700                     6248.644297410083        3607.6564671799315       2502.294445801098
1.75705                  0.429816                 5.9                      0.1694915254237288       4.727713096164478E-13    4.811490639250611E-13    0.25                     5.0E10                   2700                     6248.644297410083        3607.6564671799315       2502.294445801098
1.75705                  0.429816                 6                        0.16666666666666666      4.75936772698388E-13     4.833696594763127E-13    0.25                     5.0E10                   2700                     6248.644297410083        3607.6564671799315       2502.294445801098
1.75705                  0.429816                 6.1                      0.16393442622950818      4.789566196530727E-13    4.854982021768102E-13    0.25                     5.0E10                   2700                     6248.644297410083        3607.6564671799315       2502.294445801098
1.75705                  0.429816                 6.2                      0.16129032258064518      4.818312940896417E-13    4.875322298635493E-13    0.25                     5.0E10                   2700                     6248.644297410083        3607.6564671799315       2502.294445801098
1.75705                  0.429816                 6.3                      0.15873015873015872      4.845627022198038E-13    4.894708496546573E-13    0.25                     5.0E10                   2700                     6248.644297410083        3607.6564671799315       2502.294445801098
1.75705                  0.429816                 6.4                      0.15625                  4.871539127153667E-13    4.913144392839398E-13    0.25                     5.0E10                   2700                     6248.644297410083        3607.6564671799315       2502.294445801098
1.75705                  0.429816                 6.5                      0.15384615384615383      4.896088964894788E-13    4.930643885528884E-13    0.25                     5.0E10                   2700                     6248.644297410083        3607.6564671799315       2502.294445801098
1.75705                  0.429816                 6.6                      0.15151515151515152      4.91932303521029E-13     4.94722877554057E-13     0.25                     5.0E10                   2700                     6248.644297410083        3607.6564671799315       2502.294445801098
1.75705                  0.429816                 6.7                      0.1492537313432836       4.9412927344289E-13      4.96292688179488E-13     0.25                     5.0E10                   2700                     6248.644297410083        3607.6564671799315       2502.294445801098
1.75705                  0.429816                 6.8                      0.14705882352941177      4.962052765378845E-13    4.977770453555393E-13    0.25                     5.0E10                   2700                     6248.644297410083        3607.6564671799315       2502.294445801098
1.75705                  0.429816                 6.9                      0.14492753623188404      4.981659817476083E-13    4.991794846102081E-13    0.25                     5.0E10                   2700                     6248.644297410083        3607.6564671799315       2502.294445801098
1.75705                  0.429816                 7                        0.14285714285714285      5.000171484667796E-13    5.0050374268151E-13      0.25                     5.0E10                   2700                     6248.644297410083        3607.6564671799315       2502.294445801098
1.75705                  0.429816                 7.1                      0.14084507042253522      5.017645389907522E-13    5.017536681580607E-13    0.25                     5.0E10                   2700                     6248.644297410083        3607.6564671799315       2502.294445801098
1.75705                  0.429816                 7.2                      0.1388888888888889       5.034138488917637E-13    5.029331493775626E-13    0.25                     5.0E10                   2700                     6248.644297410083        3607.6564671799315       2502.294445801098
1.75705                  0.429816                 7.3                      0.13698630136986303      5.049706524883612E-13    5.040460569856211E-13    0.25                     5.0E10                   2700                     6248.644297410083        3607.6564671799315       2502.294445801098
1.75705                  0.429816                 7.4                      0.13513513513513514      5.064403613853989E-13    5.050961990457291E-13    0.25                     5.0E10                   2700                     6248.644297410083        3607.6564671799315       2502.294445801098
1.75705                  0.429816                 7.5                      0.13333333333333333      5.078281936659261E-13    5.060872865442961E-13    0.25                     5.0E10                   2700                     6248.644297410083        3607.6564671799315       2502.294445801098
1.75705                  0.429816                 7.6                      0.13157894736842105      5.091391522025404E-13    5.070229077043561E-13    0.25                     5.0E10                   2700                     6248.644297410083        3607.6564671799315       2502.294445801098
1.75705                  0.429816                 7.7                      0.12987012987012989      5.103780102903789E-13    5.079065094761002E-13    0.25                     5.0E10                   2700                     6248.644297410083        3607.6564671799315       2502.294445801098
1.75705                  0.429816                 7.8                      0.12820512820512822      5.115493033594323E-13    5.087413849803164E-13    0.25                     5.0E10                   2700                     6248.644297410083        3607.6564671799315       2502.294445801098
1.75705                  0.429816                 7.9                      0.12658227848101267      5.126573254967348E-13    5.095306657375416E-13    0.25                     5.0E10                   2700                     6248.644297410083        3607.6564671799315       2502.294445801098
1.75705                  0.429816                 8                        0.125                    5.137061298384312E-13    5.102773177680625E-13    0.25                     5.0E10                   2700                     6248.644297410083        3607.6564671799315       2502.294445801098
1.75705                  0.429816                 8.1                      0.1234567901234568       5.146995320171031E-13    5.109841407796183E-13    0.25                     5.0E10                   2700                     6248.644297410083        3607.6564671799315       2502.294445801098
1.75705                  0.429816                 8.2                      0.12195121951219513      5.156411158278259E-13    5.116537697063632E-13    0.25                     5.0E10                   2700                     6248.644297410083        3607.6564671799315       2502.294445801098
1.75705                  0.429816                 8.3                      0.12048192771084336      5.165342407233718E-13    5.122886781401625E-13    0.25                     5.0E10                   2700                     6248.644297410083        3607.6564671799315       2502.294445801098
1.75705                  0.429816                 8.4                      0.11904761904761904      5.173838023119263E-13    5.128927562414254E-13    0.25                     5.0E10                   2700                     6248.644297410083        3607.6564671799315       2502.294445801098
1.75705                  0.429816                 8.5                      0.11764705882352941      5.181892785669679E-13    5.134650679554373E-13    0.25                     5.0E10                   2700                     6248.644297410083        3607.6564671799315       2502.294445801098
1.75705                  0.429816                 8.6                      0.11627906976744186      5.189551184448095E-13    5.140091641678909E-13    0.25                     5.0E10                   2700                     6248.644297410083        3607.6564671799315       2502.294445801098
1.75705                  0.429816                 8.7                      0.11494252873563218      5.196838778813341E-13    5.145269295624546E-13    0.25                     5.0E10                   2700                     6248.644297410083        3607.6564671799315       2502.294445801098
1.75705                  0.429816                 8.8                      0.11363636363636362      5.203779375257842E-13    5.150201186898916E-13    0.25                     5.0E10                   2700                     6248.644297410083        3607.6564671799315       2502.294445801098
1.75705                  0.429816                 8.9                      0.11235955056179775      5.210395131262509E-13    5.154903632748918E-13    0.25                     5.0E10                   2700                     6248.644297410083        3607.6564671799315       2502.294445801098
1.75705                  0.429816                 9                        0.11111111111111112      5.216706656747117E-13    5.159391794916731E-13    0.25                     5.0E10                   2700                     6248.644297410083        3607.6564671799315       2502.294445801098
1.75705                  0.429816                 9.1                      0.1098901098901099       5.22273311259294E-13     5.163679750996338E-13    0.25                     5.0E10                   2700                     6248.644297410083        3607.6564671799315       2502.294445801098
1.75705                  0.429816                 9.2                      0.10869565217391305      5.228492305572916E-13    5.167780564072627E-13    0.25                     5.0E10                   2700                     6248.644297410083        3607.6564671799315       2502.294445801098
1.75705                  0.429816                 9.3                      0.10752688172043011      5.234000779545763E-13    5.171706349919466E-13    0.25                     5.0E10                   2700                     6248.644297410083        3607.6564671799315       2502.294445801098
1.75705                  0.429816                 9.4                      0.10638297872340426      5.239273901759009E-13    5.175468341278746E-13    0.25                     5.0E10                   2700                     6248.644297410083        3607.6564671799315       2502.294445801098
1.75705                  0.429816                 9.5                      0.10526315789473685      5.244325945314825E-13    5.179076949263575E-13    0.25                     5.0E10                   2700                     6248.644297410083        3607.6564671799315       2502.294445801098
1.75705                  0.429816                 9.6                      0.10416666666666667      5.249170166226125E-13    5.182541821419619E-13    0.25                     5.0E10                   2700                     6248.644297410083        3607.6564671799315       2502.294445801098
1.75705                  0.429816                 9.700000000000001        0.1030927835051546       5.253818876544689E-13    5.185871896620405E-13    0.25                     5.0E10                   2700                     6248.644297410083        3607.6564671799315       2502.294445801098
1.75705                  0.429816                 9.8                      0.10204081632653059      5.258283513223536E-13    5.189075457015654E-13    0.25                     5.0E10                   2700                     6248.644297410083        3607.6564671799315       2502.294445801098
1.75705                  0.429816                 9.9                      0.101010101010101        5.262574701325507E-13    5.192160176018341E-13    0.25                     5.0E10                   2700                     6248.644297410083        3607.6564671799315       2502.294445801098
1.75705                  0.429816                 10                       0.1                      5.266491997528303E-13    5.194575666047242E-13    0.25                     5.0E10                   2700                     6248.644297410083        3607.6564671799315       2502.294445801098
