0.832476                 0.91581                  0.1                      10                       5.331408236078788E-13    5.331425108345227E-13    0.25                     5.0E10                   2700                     4301.100634333806        2483.241609044293        2502.294445801098
0.832476                 0.91581                  0.2                      5                        5.334897768777032E-13    5.331552442054215E-13    0.25                     5.0E10                   2700                     4301.100634333806        2483.241609044293        2502.294445801098
0.832476                 0.91581                  0.30000000000000004      3.3333333333333326       5.366453922383348E-13    5.362940154455109E-13    0.25                     5.0E10                   2700                     4301.100634333806        2483.241609044293        2502.294445801098
0.832476                 0.91581                  0.4                      2.5                      5.32782743826783E-13     5.330010204975332E-13    0.25                     5.0E10                   2700                     4301.100634333806        2483.241609044293        2502.294445801098
0.832476                 0.91581                  0.5                      2                        5.337453580912325E-13    5.324015329357639E-13    0.25                     5.0E10                   2700                     4301.100634333806        2483.241609044293        2502.294445801098
0.832476                 0.91581                  0.6                      1.6666666666666667       5.370557787116941E-13    5.340831879509225E-13    0.25                     5.0E10                   2700                     4301.100634333806        2483.241609044293        2502.294445801098
0.832476                 0.91581                  0.7000000000000001       1.4285714285714284       5.385348232874345E-13    5.324616514897655E-13    0.25                     5.0E10                   2700                     4301.100634333806        2483.241609044293        2502.294445801098
0.832476                 0.91581                  0.8                      1.25                     5.334104110138483E-13    5.247052136120525E-13    0.25                     5.0E10                   2700                     4301.100634333806        2483.241609044293        2502.294445801098
0.832476                 0.91581                  0.9                      1.1111111111111112       5.276442124220792E-13    5.234877499917661E-13    0.25                     5.0E10                   2700                     4301.100634333806        2483.241609044293        2502.294445801098
0.832476                 0.91581                  1                        1                        5.204674292072137E-13    5.195121877876378E-13    0.25                     5.0E10                   2700                     4301.100634333806        2483.241609044293        2502.294445801098
0.832476                 0.91581                  1.1                      0.909090909090909        5.094852100144833E-13    5.183847046969101E-13    0.25                     5.0E10                   2700                     4301.100634333806        2483.241609044293        2502.294445801098
0.832476                 0.91581                  1.2000000000000002       0.8333333333333331       5.015360573692983E-13    5.186565546800428E-13    0.25                     5.0E10                   2700                     4301.100634333806        2483.241609044293        2502.294445801098
0.832476                 0.91581                  1.3000000000000003       0.769230769230769        4.960734737394702E-13    5.194835579913413E-13    0.25                     5.0E10                   2700                     4301.100634333806        2483.241609044293        2502.294445801098
0.832476                 0.91581                  1.4000000000000001       0.7142857142857142       4.850487959567638E-13    5.149620129257686E-13    0.25                     5.0E10                   2700                     4301.100634333806        2483.241609044293        2502.294445801098
0.832476                 0.91581                  1.5000000000000002       0.6666666666666665       4.784834437267693E-13    5.141702571258608E-13    0.25                     5.0E10                   2700                     4301.100634333806        2483.241609044293        2502.294445801098
0.832476                 0.91581                  1.6                      0.625                    4.781944829618429E-13    5.166503446077936E-13    0.25                     5.0E10                   2700                     4301.100634333806        2483.241609044293        2502.294445801098
0.832476                 0.91581                  1.7000000000000002       0.588235294117647        4.864560053057895E-13    5.248598054664188E-13    0.25                     5.0E10                   2700                     4301.100634333806        2483.241609044293        2502.294445801098
0.832476                 0.91581                  1.8000000000000003       0.5555555555555555       4.925541815045675E-13    5.285907946878484E-13    0.25                     5.0E10                   2700                     4301.100634333806        2483.241609044293        2502.294445801098
0.832476                 0.91581                  1.9000000000000001       0.5263157894736842       4.933994777716926E-13    5.255107172776783E-13    0.25                     5.0E10                   2700                     4301.100634333806        2483.241609044293        2502.294445801098
0.832476                 0.91581                  2                        0.5                      4.952999765970883E-13    5.231101619188263E-13    0.25                     5.0E10                   2700                     4301.100634333806        2483.241609044293        2502.294445801098
0.832476                 0.91581                  2.1                      0.47619047619047616      5.018044896474789E-13    5.256328825697907E-13    0.25                     5.0E10                   2700                     4301.100634333806        2483.241609044293        2502.294445801098
0.832476                 0.91581                  2.2                      0.4545454545454545       5.10947095416371E-13     5.312483686390896E-13    0.25                     5.0E10                   2700                     4301.100634333806        2483.241609044293        2502.294445801098
0.832476                 0.91581                  2.3000000000000003       0.43478260869565216      5.192110008119387E-13    5.362946590836813E-13    0.25                     5.0E10                   2700                     4301.100634333806        2483.241609044293        2502.294445801098
0.832476                 0.91581                  2.4000000000000004       0.4166666666666666       5.245673614175526E-13    5.386723115934721E-13    0.25                     5.0E10                   2700                     4301.100634333806        2483.241609044293        2502.294445801098
0.832476                 0.91581                  2.5000000000000004       0.3999999999999999       5.272465439256433E-13    5.384925226485708E-13    0.25                     5.0E10                   2700                     4301.100634333806        2483.241609044293        2502.294445801098
0.832476                 0.91581                  2.6                      0.3846153846153846       5.284340808819356E-13    5.369268777963916E-13    0.25                     5.0E10                   2700                     4301.100634333806        2483.241609044293        2502.294445801098
0.832476                 0.91581                  2.7                      0.37037037037037035      5.292787311788201E-13    5.35102998586814E-13     0.25                     5.0E10                   2700                     4301.100634333806        2483.241609044293        2502.294445801098
0.832476                 0.91581                  2.8000000000000003       0.3571428571428571       5.30410831914607E-13     5.336615926646274E-13    0.25                     5.0E10                   2700                     4301.100634333806        2483.241609044293        2502.294445801098
0.832476                 0.91581                  2.9000000000000004       0.3448275862068965       5.320128846420296E-13    5.328023000735799E-13    0.25                     5.0E10                   2700                     4301.100634333806        2483.241609044293        2502.294445801098
0.832476                 0.91581                  3.0000000000000004       0.33333333333333326      5.340340378861963E-13    5.324922984449992E-13    0.25                     5.0E10                   2700                     4301.100634333806        2483.241609044293        2502.294445801098
0.832476                 0.91581                  3.1                      0.32258064516129037      5.364628626145127E-13    5.327465504976278E-13    0.25                     5.0E10                   2700                     4301.100634333806        2483.241609044293        2502.294445801098
0.832476                 0.91581                  3.2                      0.3125                   5.390340392679725E-13    5.332918423962169E-13    0.25                     5.0E10                   2700                     4301.100634333806        2483.241609044293        2502.294445801098
0.832476                 0.91581                  3.3000000000000003       0.30303030303030304      5.418193384209136E-13    5.342217407528405E-13    0.25                     5.0E10                   2700                     4301.100634333806        2483.241609044293        2502.294445801098
0.832476                 0.91581                  3.4000000000000004       0.2941176470588235       5.448407253739787E-13    5.355725934883185E-13    0.25                     5.0E10                   2700                     4301.100634333806        2483.241609044293        2502.294445801098
0.832476                 0.91581                  3.5000000000000004       0.2857142857142857       5.480840347980676E-13    5.373246222250367E-13    0.25                     5.0E10                   2700                     4301.100634333806        2483.241609044293        2502.294445801098
0.832476                 0.91581                  3.6                      0.2777777777777778       5.515600443545565E-13    5.395005479439395E-13    0.25                     5.0E10                   2700                     4301.100634333806        2483.241609044293        2502.294445801098
0.832476                 0.91581                  3.7                      0.2702702702702703       5.552380126707455E-13    5.420742831363791E-13    0.25                     5.0E10                   2700                     4301.100634333806        2483.241609044293        2502.294445801098
0.832476                 0.91581                  3.8000000000000003       0.2631578947368421       5.590583700801787E-13    5.449895614800114E-13    0.25                     5.0E10                   2700                     4301.100634333806        2483.241609044293        2502.294445801098
0.832476                 0.91581                  3.9000000000000004       0.2564102564102564       5.629384862281421E-13    5.481649549456427E-13    0.25                     5.0E10                   2700                     4301.100634333806        2483.241609044293        2502.294445801098
0.832476                 0.91581                  4                        0.25                     5.667812203950015E-13    5.515019775946187E-13    0.25                     5.0E10                   2700                     4301.100634333806        2483.241609044293        2502.294445801098
0.832476                 0.91581                  4.1                      0.24390243902439027      5.704845923837309E-13    5.548942943544575E-13    0.25                     5.0E10                   2700                     4301.100634333806        2483.241609044293        2502.294445801098
0.832476                 0.91581                  4.2                      0.23809523809523808      5.73950614429319E-13     5.582363398147655E-13    0.25                     5.0E10                   2700                     4301.100634333806        2483.241609044293        2502.294445801098
0.832476                 0.91581                  4.3                      0.23255813953488372      5.770924172715331E-13    5.614304883449415E-13    0.25                     5.0E10                   2700                     4301.100634333806        2483.241609044293        2502.294445801098
0.832476                 0.91581                  4.3999999999999995       0.22727272727272732      5.798393803009612E-13    5.643924211361424E-13    0.25                     5.0E10                   2700                     4301.100634333806        2483.241609044293        2502.294445801098
0.832476                 0.91581                  4.5                      0.22222222222222224      5.821395681027905E-13    5.670542807160293E-13    0.25                     5.0E10                   2700                     4301.100634333806        2483.241609044293        2502.294445801098
0.832476                 0.91581                  4.6                      0.2173913043478261       5.840978550503552E-13    5.695040247318741E-13    0.25                     5.0E10                   2700                     4301.100634333806        2483.241609044293        2502.294445801098
0.832476                 0.91581                  4.7                      0.2127659574468085       5.854108816792467E-13    5.714175245557935E-13    0.25                     5.0E10                   2700                     4301.100634333806        2483.241609044293        2502.294445801098
0.832476                 0.91581                  4.8                      0.20833333333333334      5.862392357412964E-13    5.729369108895701E-13    0.25                     5.0E10                   2700                     4301.100634333806        2483.241609044293        2502.294445801098
0.832476                 0.91581                  4.9                      0.20408163265306117      5.866023232366491E-13    5.740628176821185E-13    0.25                     5.0E10                   2700                     4301.100634333806        2483.241609044293        2502.294445801098
0.832476                 0.91581                  5                        0.2                      5.865439027602176E-13    5.74811426305404E-13     0.25                     5.0E10                   2700                     4301.100634333806        2483.241609044293        2502.294445801098
0.832476                 0.91581                  5.1                      0.19607843137254904      5.860738363865507E-13    5.751965365649381E-13    0.25                     5.0E10                   2700                     4301.100634333806        2483.241609044293        2502.294445801098
0.832476                 0.91581                  5.2                      0.1923076923076923       5.852530284875097E-13    5.752529504817835E-13    0.25                     5.0E10                   2700                     4301.100634333806        2483.241609044293        2502.294445801098
0.832476                 0.91581                  5.3                      0.18867924528301888      5.84128787343965E-13     5.75014587164249E-13     0.25                     5.0E10                   2700                     4301.100634333806        2483.241609044293        2502.294445801098
0.832476                 0.91581                  5.4                      0.18518518518518517      5.827489806940418E-13    5.745177578351226E-13    0.25                     5.0E10                   2700                     4301.100634333806        2483.241609044293        2502.294445801098
0.832476                 0.91581                  5.5                      0.18181818181818182      5.811605493458731E-13    5.737996706294957E-13    0.25                     5.0E10                   2700                     4301.100634333806        2483.241609044293        2502.294445801098
0.832476                 0.91581                  5.6                      0.17857142857142858      5.79407219981263E-13     5.728960616677522E-13    0.25                     5.0E10                   2700                     4301.100634333806        2483.241609044293        2502.294445801098
0.832476                 0.91581                  5.7                      0.17543859649122806      5.775300965426528E-13    5.718416575177207E-13    0.25                     5.0E10                   2700                     4301.100634333806        2483.241609044293        2502.294445801098
0.832476                 0.91581                  5.8                      0.1724137931034483       5.755661336174677E-13    5.706685029799042E-13    0.25                     5.0E10                   2700                     4301.100634333806        2483.241609044293        2502.294445801098
0.832476                 0.91581                  5.9                      0.1694915254237288       5.735481148570786E-13    5.694057662203581E-13    0.25                     5.0E10                   2700                     4301.100634333806        2483.241609044293        2502.294445801098
0.832476                 0.91581                  6                        0.16666666666666666      5.715046060142517E-13    5.680795189932686E-13    0.25                     5.0E10                   2700                     4301.100634333806        2483.241609044293        2502.294445801098
0.832476                 0.91581                  6.1                      0.16393442622950818      5.694600689222673E-13    5.667126827171003E-13    0.25                     5.0E10                   2700                     4301.100634333806        2483.241609044293        2502.294445801098
0.832476                 0.91581                  6.2                      0.16129032258064518      5.674350874677897E-13    5.653250969872161E-13    0.25                     5.0E10                   2700                     4301.100634333806        2483.241609044293        2502.294445801098
0.832476                 0.91581                  6.3                      0.15873015873015872      5.654466650153067E-13    5.639336734920122E-13    0.25                     5.0E10                   2700                     4301.100634333806        2483.241609044293        2502.294445801098
0.832476                 0.91581                  6.4                      0.15625                  5.63508561598101E-13     5.625526052930524E-13    0.25                     5.0E10                   2700                     4301.100634333806        2483.241609044293        2502.294445801098
0.832476                 0.91581                  6.5                      0.15384615384615383      5.616316466562631E-13    5.611936077275098E-13    0.25                     5.0E10                   2700                     4301.100634333806        2483.241609044293        2502.294445801098
0.832476                 0.91581                  6.6                      0.15151515151515152      5.598242498050684E-13    5.598661730275966E-13    0.25                     5.0E10                   2700                     4301.100634333806        2483.241609044293        2502.294445801098
0.832476                 0.91581                  6.7                      0.1492537313432836       5.580924976147763E-13    5.585778255926163E-13    0.25                     5.0E10                   2700                     4301.100634333806        2483.241609044293        2502.294445801098
0.832476                 0.91581                  6.8                      0.14705882352941177      5.56440628502126E-13     5.573343687711172E-13    0.25                     5.0E10                   2700                     4301.100634333806        2483.241609044293        2502.294445801098
0.832476                 0.91581                  6.9                      0.14492753623188404      5.548712812642242E-13    5.56140117199575E-13     0.25                     5.0E10                   2700                     4301.100634333806        2483.241609044293        2502.294445801098
0.832476                 0.91581                  7                        0.14285714285714285      5.533857551863628E-13    5.549981111193138E-13    0.25                     5.0E10                   2700                     4301.100634333806        2483.241609044293        2502.294445801098
0.832476                 0.91581                  7.1                      0.14084507042253522      5.519842413263886E-13    5.539103108903454E-13    0.25                     5.0E10                   2700                     4301.100634333806        2483.241609044293        2502.294445801098
0.832476                 0.91581                  7.2                      0.1388888888888889       5.506660258482009E-13    5.528777711722571E-13    0.25                     5.0E10                   2700                     4301.100634333806        2483.241609044293        2502.294445801098
0.832476                 0.91581                  7.3                      0.13698630136986303      5.494302034275122E-13    5.519013628844408E-13    0.25                     5.0E10                   2700                     4301.100634333806        2483.241609044293        2502.294445801098
0.832476                 0.91581                  7.4                      0.13513513513513514      5.482737111524084E-13    5.50979664431474E-13     0.25                     5.0E10                   2700                     4301.100634333806        2483.241609044293        2502.294445801098
0.832476                 0.91581                  7.5                      0.13333333333333333      5.471945968573107E-13    5.501124057854571E-13    0.25                     5.0E10                   2700                     4301.100634333806        2483.241609044293        2502.294445801098
0.832476                 0.91581                  7.6                      0.13157894736842105      5.4619006446948E-13      5.492983783538826E-13    0.25                     5.0E10                   2700                     4301.100634333806        2483.241609044293        2502.294445801098
0.832476                 0.91581                  7.7                      0.12987012987012989      5.452570771865523E-13    5.485360634608663E-13    0.25                     5.0E10                   2700                     4301.100634333806        2483.241609044293        2502.294445801098
0.832476                 0.91581                  7.8                      0.12820512820512822      5.443924354315312E-13    5.478237063216137E-13    0.25                     5.0E10                   2700                     4301.100634333806        2483.241609044293        2502.294445801098
0.832476                 0.91581                  7.9                      0.12658227848101267      5.435928414696767E-13    5.47159378545087E-13     0.25                     5.0E10                   2700                     4301.100634333806        2483.241609044293        2502.294445801098
0.832476                 0.91581                  8                        0.125                    5.428549524852773E-13    5.465410305854716E-13    0.25                     5.0E10                   2700                     4301.100634333806        2483.241609044293        2502.294445801098
0.832476                 0.91581                  8.1                      0.1234567901234568       5.421754238260266E-13    5.459665354644407E-13    0.25                     5.0E10                   2700                     4301.100634333806        2483.241609044293        2502.294445801098
0.832476                 0.91581                  8.2                      0.12195121951219513      5.415509436941047E-13    5.454337248653022E-13    0.25                     5.0E10                   2700                     4301.100634333806        2483.241609044293        2502.294445801098
0.832476                 0.91581                  8.3                      0.12048192771084336      5.409782607648633E-13    5.449404187561602E-13    0.25                     5.0E10                   2700                     4301.100634333806        2483.241609044293        2502.294445801098
0.832476                 0.91581                  8.4                      0.11904761904761904      5.404542056863325E-13    5.444844493945149E-13    0.25                     5.0E10                   2700                     4301.100634333806        2483.241609044293        2502.294445801098
0.832476                 0.91581                  8.5                      0.11764705882352941      5.399757075180232E-13    5.440636805851366E-13    0.25                     5.0E10                   2700                     4301.100634333806        2483.241609044293        2502.294445801098
0.832476                 0.91581                  8.6                      0.11627906976744186      5.395398058778949E-13    5.436760228774423E-13    0.25                     5.0E10                   2700                     4301.100634333806        2483.241609044293        2502.294445801098
0.832476                 0.91581                  8.7                      0.11494252873563218      5.391436595959606E-13    5.433194453733476E-13    0.25                     5.0E10                   2700                     4301.100634333806        2483.241609044293        2502.294445801098
0.832476                 0.91581                  8.8                      0.11363636363636362      5.38784552389047E-13     5.429919846320424E-13    0.25                     5.0E10                   2700                     4301.100634333806        2483.241609044293        2502.294445801098
0.832476                 0.91581                  8.9                      0.11235955056179775      5.38459896183642E-13     5.426917512012998E-13    0.25                     5.0E10                   2700                     4301.100634333806        2483.241609044293        2502.294445801098
0.832476                 0.91581                  9                        0.11111111111111112      5.381672324531059E-13    5.424169341341954E-13    0.25                     5.0E10                   2700                     4301.100634333806        2483.241609044293        2502.294445801098
0.832476                 0.91581                  9.1                      0.1098901098901099       5.379042319855509E-13    5.421658038564013E-13    0.25                     5.0E10                   2700                     4301.100634333806        2483.241609044293        2502.294445801098
0.832476                 0.91581                  9.2                      0.10869565217391305      5.377997577337818E-13    5.420384518653283E-13    0.25                     5.0E10                   2700                     4301.100634333806        2483.241609044293        2502.294445801098
0.832476                 0.91581                  9.3                      0.10752688172043011      5.375850765423381E-13    5.418270307154472E-13    0.25                     5.0E10                   2700                     4301.100634333806        2483.241609044293        2502.294445801098
0.832476                 0.91581                  9.4                      0.10638297872340426      5.373939219747973E-13    5.416346249779712E-13    0.25                     5.0E10                   2700                     4301.100634333806        2483.241609044293        2502.294445801098
0.832476                 0.91581                  9.5                      0.10526315789473685      5.372244689122433E-13    5.414598468762724E-13    0.25                     5.0E10                   2700                     4301.100634333806        2483.241609044293        2502.294445801098
0.832476                 0.91581                  9.6                      0.10416666666666667      5.370750042137928E-13    5.413013868451367E-13    0.25                     5.0E10                   2700                     4301.100634333806        2483.241609044293        2502.294445801098
0.832476                 0.91581                  9.700000000000001        0.1030927835051546       5.369439223186909E-13    5.411580114393774E-13    0.25                     5.0E10                   2700                     4301.100634333806        2483.241609044293        2502.294445801098
0.832476                 0.91581                  9.8                      0.10204081632653059      5.368297206659019E-13    5.410285609179282E-13    0.25                     5.0E10                   2700                     4301.100634333806        2483.241609044293        2502.294445801098
0.832476                 0.91581                  9.9                      0.101010101010101        5.367309949632478E-13    5.409119465865449E-13    0.25                     5.0E10                   2700                     4301.100634333806        2483.241609044293        2502.294445801098
0.832476                 0.91581                  10                       0.1                      5.365650491335899E-13    5.407269636643458E-13    0.25                     5.0E10                   2700                     4301.100634333806        2483.241609044293        2502.294445801098
