1.68569                  0.789978                 0.1                      10                       5.33120547102918E-13     5.331297195625617E-13    0.25                     5.0E10                   2700                     6120.439345159609        3533.637303486677        2502.294445801098
1.68569                  0.789978                 0.2                      5                        5.335286301625224E-13    5.331814651253043E-13    0.25                     5.0E10                   2700                     6120.439345159609        3533.637303486677        2502.294445801098
1.68569                  0.789978                 0.30000000000000004      3.3333333333333326       5.368723160436561E-13    5.36361011533606E-13     0.25                     5.0E10                   2700                     6120.439345159609        3533.637303486677        2502.294445801098
1.68569                  0.789978                 0.4                      2.5                      5.316948046085252E-13    5.339411123350022E-13    0.25                     5.0E10                   2700                     6120.439345159609        3533.637303486677        2502.294445801098
1.68569                  0.789978                 0.5                      2                        5.311422983662604E-13    5.361822238894142E-13    0.25                     5.0E10                   2700                     6120.439345159609        3533.637303486677        2502.294445801098
1.68569                  0.789978                 0.6                      1.6666666666666667       5.399605478573462E-13    5.439158167403729E-13    0.25                     5.0E10                   2700                     6120.439345159609        3533.637303486677        2502.294445801098
1.68569                  0.789978                 0.7000000000000001       1.4285714285714284       5.530839872131407E-13    5.491252251435491E-13    0.25                     5.0E10                   2700                     6120.439345159609        3533.637303486677        2502.294445801098
1.68569                  0.789978                 0.8                      1.25                     5.78294946101082E-13     5.537881210559401E-13    0.25                     5.0E10                   2700                     6120.439345159609        3533.637303486677        2502.294445801098
1.68569                  0.789978                 0.9                      1.1111111111111112       6.009641427530685E-13    5.590237211638111E-13    0.25                     5.0E10                   2700                     6120.439345159609        3533.637303486677        2502.294445801098
1.68569                  0.789978                 1                        1                        6.346681028707064E-13    5.68746188903042E-13     0.25                     5.0E10                   2700                     6120.439345159609        3533.637303486677        2502.294445801098
1.68569                  0.789978                 1.1                      0.909090909090909        6.619628476035111E-13    5.821044948510956E-13    0.25                     5.0E10                   2700                     6120.439345159609        3533.637303486677        2502.294445801098
1.68569                  0.789978                 1.2000000000000002       0.8333333333333331       6.661065915590094E-13    5.711677354189616E-13    0.25                     5.0E10                   2700                     6120.439345159609        3533.637303486677        2502.294445801098
1.68569                  0.789978                 1.3000000000000003       0.769230769230769        6.900824767374942E-13    5.749352079082412E-13    0.25                     5.0E10                   2700                     6120.439345159609        3533.637303486677        2502.294445801098
1.68569                  0.789978                 1.4000000000000001       0.7142857142857142       7.242554587281297E-13    5.954107868530629E-13    0.25                     5.0E10                   2700                     6120.439345159609        3533.637303486677        2502.294445801098
1.68569                  0.789978                 1.5000000000000002       0.6666666666666665       7.171476255161527E-13    5.906839771817947E-13    0.25                     5.0E10                   2700                     6120.439345159609        3533.637303486677        2502.294445801098
1.68569                  0.789978                 1.6                      0.625                    6.835758124740515E-13    5.678028597119243E-13    0.25                     5.0E10                   2700                     6120.439345159609        3533.637303486677        2502.294445801098
1.68569                  0.789978                 1.7000000000000002       0.588235294117647        6.603688394682125E-13    5.56052722434444E-13     0.25                     5.0E10                   2700                     6120.439345159609        3533.637303486677        2502.294445801098
1.68569                  0.789978                 1.8000000000000003       0.5555555555555555       6.4230098169182E-13      5.528928206306007E-13    0.25                     5.0E10                   2700                     6120.439345159609        3533.637303486677        2502.294445801098
1.68569                  0.789978                 1.9000000000000001       0.5263157894736842       6.160573417867442E-13    5.468870449233701E-13    0.25                     5.0E10                   2700                     6120.439345159609        3533.637303486677        2502.294445801098
1.68569                  0.789978                 2                        0.5                      5.791203623300078E-13    5.329082270423628E-13    0.25                     5.0E10                   2700                     6120.439345159609        3533.637303486677        2502.294445801098
1.68569                  0.789978                 2.1                      0.47619047619047616      5.38825183027961E-13     5.140040525964765E-13    0.25                     5.0E10                   2700                     6120.439345159609        3533.637303486677        2502.294445801098
1.68569                  0.789978                 2.2                      0.4545454545454545       5.046147332139028E-13    4.970042081940832E-13    0.25                     5.0E10                   2700                     6120.439345159609        3533.637303486677        2502.294445801098
1.68569                  0.789978                 2.3000000000000003       0.43478260869565216      4.816411884101709E-13    4.868128681950001E-13    0.25                     5.0E10                   2700                     6120.439345159609        3533.637303486677        2502.294445801098
1.68569                  0.789978                 2.4000000000000004       0.4166666666666666       4.704583773904221E-13    4.848930765481674E-13    0.25                     5.0E10                   2700                     6120.439345159609        3533.637303486677        2502.294445801098
1.68569                  0.789978                 2.5000000000000004       0.3999999999999999       4.689278321904304E-13    4.901254484858E-13       0.25                     5.0E10                   2700                     6120.439345159609        3533.637303486677        2502.294445801098
1.68569                  0.789978                 2.6                      0.3846153846153846       4.737215221339011E-13    4.999707348640113E-13    0.25                     5.0E10                   2700                     6120.439345159609        3533.637303486677        2502.294445801098
1.68569                  0.789978                 2.7                      0.37037037037037035      4.815084467842101E-13    5.115428144921305E-13    0.25                     5.0E10                   2700                     6120.439345159609        3533.637303486677        2502.294445801098
1.68569                  0.789978                 2.8000000000000003       0.3571428571428571       4.887300710991766E-13    5.215191400062118E-13    0.25                     5.0E10                   2700                     6120.439345159609        3533.637303486677        2502.294445801098
1.68569                  0.789978                 2.9000000000000004       0.3448275862068965       4.9336840259124E-13      5.280170707823399E-13    0.25                     5.0E10                   2700                     6120.439345159609        3533.637303486677        2502.294445801098
1.68569                  0.789978                 3.0000000000000004       0.33333333333333326      4.943344270558774E-13    5.300506079731517E-13    0.25                     5.0E10                   2700                     6120.439345159609        3533.637303486677        2502.294445801098
1.68569                  0.789978                 3.1                      0.32258064516129037      4.916180598572089E-13    5.27722632365181E-13     0.25                     5.0E10                   2700                     6120.439345159609        3533.637303486677        2502.294445801098
1.68569                  0.789978                 3.2                      0.3125                   4.859483257228075E-13    5.218911146351321E-13    0.25                     5.0E10                   2700                     6120.439345159609        3533.637303486677        2502.294445801098
1.68569                  0.789978                 3.3000000000000003       0.30303030303030304      4.783739387735199E-13    5.137371654566945E-13    0.25                     5.0E10                   2700                     6120.439345159609        3533.637303486677        2502.294445801098
1.68569                  0.789978                 3.4000000000000004       0.2941176470588235       4.699259505012189E-13    5.044231972924132E-13    0.25                     5.0E10                   2700                     6120.439345159609        3533.637303486677        2502.294445801098
1.68569                  0.789978                 3.5000000000000004       0.2857142857142857       4.614520976356778E-13    4.948738062012528E-13    0.25                     5.0E10                   2700                     6120.439345159609        3533.637303486677        2502.294445801098
1.68569                  0.789978                 3.6                      0.2777777777777778       4.5353868217170145E-13   4.857637531669172E-13    0.25                     5.0E10                   2700                     6120.439345159609        3533.637303486677        2502.294445801098
1.68569                  0.789978                 3.7                      0.2702702702702703       4.4654589441067396E-13   4.775081157865015E-13    0.25                     5.0E10                   2700                     6120.439345159609        3533.637303486677        2502.294445801098
1.68569                  0.789978                 3.8000000000000003       0.2631578947368421       4.40654678934513E-13     4.703254198441301E-13    0.25                     5.0E10                   2700                     6120.439345159609        3533.637303486677        2502.294445801098
1.68569                  0.789978                 3.9000000000000004       0.2564102564102564       4.3592021801326717E-13   4.642955370477246E-13    0.25                     5.0E10                   2700                     6120.439345159609        3533.637303486677        2502.294445801098
1.68569                  0.789978                 4                        0.25                     4.322684624925101E-13    4.593572629172882E-13    0.25                     5.0E10                   2700                     6120.439345159609        3533.637303486677        2502.294445801098
1.68569                  0.789978                 4.1                      0.24390243902439027      4.2973727100041547E-13   4.555650850019164E-13    0.25                     5.0E10                   2700                     6120.439345159609        3533.637303486677        2502.294445801098
1.68569                  0.789978                 4.2                      0.23809523809523808      4.281630860014089E-13    4.5275590702585426E-13   0.25                     5.0E10                   2700                     6120.439345159609        3533.637303486677        2502.294445801098
1.68569                  0.789978                 4.3                      0.23255813953488372      4.274372416772627E-13    4.5082414135361224E-13   0.25                     5.0E10                   2700                     6120.439345159609        3533.637303486677        2502.294445801098
1.68569                  0.789978                 4.3999999999999995       0.22727272727272732      4.2745017428171835E-13   4.4966180489607266E-13   0.25                     5.0E10                   2700                     6120.439345159609        3533.637303486677        2502.294445801098
1.68569                  0.789978                 4.5                      0.22222222222222224      4.2809685528800477E-13   4.4916454365277263E-13   0.25                     5.0E10                   2700                     6120.439345159609        3533.637303486677        2502.294445801098
1.68569                  0.789978                 4.6                      0.2173913043478261       4.2927968509488466E-13   4.492349305864704E-13    0.25                     5.0E10                   2700                     6120.439345159609        3533.637303486677        2502.294445801098
1.68569                  0.789978                 4.7                      0.2127659574468085       4.309098466260391E-13    4.4978406607001105E-13   0.25                     5.0E10                   2700                     6120.439345159609        3533.637303486677        2502.294445801098
1.68569                  0.789978                 4.8                      0.20833333333333334      4.3290771500652034E-13   4.5073213121320506E-13   0.25                     5.0E10                   2700                     6120.439345159609        3533.637303486677        2502.294445801098
1.68569                  0.789978                 4.9                      0.20408163265306117      4.352027080417863E-13    4.5200831589956464E-13   0.25                     5.0E10                   2700                     6120.439345159609        3533.637303486677        2502.294445801098
1.68569                  0.789978                 5                        0.2                      4.377383078314905E-13    4.5355364699506156E-13   0.25                     5.0E10                   2700                     6120.439345159609        3533.637303486677        2502.294445801098
1.68569                  0.789978                 5.1                      0.19607843137254904      4.4044798786696755E-13   4.553068280795344E-13    0.25                     5.0E10                   2700                     6120.439345159609        3533.637303486677        2502.294445801098
1.68569                  0.789978                 5.2                      0.1923076923076923       4.432915090570353E-13    4.572241635263757E-13    0.25                     5.0E10                   2700                     6120.439345159609        3533.637303486677        2502.294445801098
1.68569                  0.789978                 5.3                      0.18867924528301888      4.4622889598623096E-13   4.59265456741475E-13     0.25                     5.0E10                   2700                     6120.439345159609        3533.637303486677        2502.294445801098
1.68569                  0.789978                 5.4                      0.18518518518518517      4.492258005781165E-13    4.613961469622749E-13    0.25                     5.0E10                   2700                     6120.439345159609        3533.637303486677        2502.294445801098
1.68569                  0.789978                 5.5                      0.18181818181818182      4.522530615669897E-13    4.635868409359305E-13    0.25                     5.0E10                   2700                     6120.439345159609        3533.637303486677        2502.294445801098
1.68569                  0.789978                 5.6                      0.17857142857142858      4.552860972343526E-13    4.65812694893007E-13     0.25                     5.0E10                   2700                     6120.439345159609        3533.637303486677        2502.294445801098
1.68569                  0.789978                 5.7                      0.17543859649122806      4.583043499871758E-13    4.680528505433957E-13    0.25                     5.0E10                   2700                     6120.439345159609        3533.637303486677        2502.294445801098
1.68569                  0.789978                 5.8                      0.1724137931034483       4.61290783114795E-13     4.702899256896928E-13    0.25                     5.0E10                   2700                     6120.439345159609        3533.637303486677        2502.294445801098
1.68569                  0.789978                 5.9                      0.1694915254237288       4.642314281405747E-13    4.725095578575812E-13    0.25                     5.0E10                   2700                     6120.439345159609        3533.637303486677        2502.294445801098
1.68569                  0.789978                 6                        0.16666666666666666      4.671149800422672E-13    4.746999979589531E-13    0.25                     5.0E10                   2700                     6120.439345159609        3533.637303486677        2502.294445801098
1.68569                  0.789978                 6.1                      0.16393442622950818      4.69932436895128E-13     4.768517503263113E-13    0.25                     5.0E10                   2700                     6120.439345159609        3533.637303486677        2502.294445801098
1.68569                  0.789978                 6.2                      0.16129032258064518      4.726767805180345E-13    4.789572552777634E-13    0.25                     5.0E10                   2700                     6120.439345159609        3533.637303486677        2502.294445801098
1.68569                  0.789978                 6.3                      0.15873015873015872      4.753426943047291E-13    4.810106101362983E-13    0.25                     5.0E10                   2700                     6120.439345159609        3533.637303486677        2502.294445801098
1.68569                  0.789978                 6.4                      0.15625                  4.7792631484085E-13      4.830073249302035E-13    0.25                     5.0E10                   2700                     6120.439345159609        3533.637303486677        2502.294445801098
1.68569                  0.789978                 6.5                      0.15384615384615383      4.804250138227656E-13    4.849441090553085E-13    0.25                     5.0E10                   2700                     6120.439345159609        3533.637303486677        2502.294445801098
1.68569                  0.789978                 6.6                      0.15151515151515152      4.828372071831034E-13    4.868186855191857E-13    0.25                     5.0E10                   2700                     6120.439345159609        3533.637303486677        2502.294445801098
1.68569                  0.789978                 6.7                      0.1492537313432836       4.851621884460762E-13    4.88629629615393E-13     0.25                     5.0E10                   2700                     6120.439345159609        3533.637303486677        2502.294445801098
1.68569                  0.789978                 6.8                      0.14705882352941177      4.874004903127274E-13    4.903766930423723E-13    0.25                     5.0E10                   2700                     6120.439345159609        3533.637303486677        2502.294445801098
1.68569                  0.789978                 6.9                      0.14492753623188404      4.895517626866728E-13    4.920588547087654E-13    0.25                     5.0E10                   2700                     6120.439345159609        3533.637303486677        2502.294445801098
1.68569                  0.789978                 7                        0.14285714285714285      4.916176127334504E-13    4.936769197913139E-13    0.25                     5.0E10                   2700                     6120.439345159609        3533.637303486677        2502.294445801098
1.68569                  0.789978                 7.1                      0.14084507042253522      4.935995737542587E-13    4.9523165369744E-13      0.25                     5.0E10                   2700                     6120.439345159609        3533.637303486677        2502.294445801098
1.68569                  0.789978                 7.2                      0.1388888888888889       4.954995013557674E-13    4.967241433341748E-13    0.25                     5.0E10                   2700                     6120.439345159609        3533.637303486677        2502.294445801098
1.68569                  0.789978                 7.3                      0.13698630136986303      4.973195038742538E-13    4.981557314871637E-13    0.25                     5.0E10                   2700                     6120.439345159609        3533.637303486677        2502.294445801098
1.68569                  0.789978                 7.4                      0.13513513513513514      4.990618829854892E-13    4.99527960942594E-13     0.25                     5.0E10                   2700                     6120.439345159609        3533.637303486677        2502.294445801098
1.68569                  0.789978                 7.5                      0.13333333333333333      5.007290830246231E-13    5.008425269647637E-13    0.25                     5.0E10                   2700                     6120.439345159609        3533.637303486677        2502.294445801098
1.68569                  0.789978                 7.6                      0.13157894736842105      5.023236481000126E-13    5.021012371257611E-13    0.25                     5.0E10                   2700                     6120.439345159609        3533.637303486677        2502.294445801098
1.68569                  0.789978                 7.7                      0.12987012987012989      5.038481858657662E-13    5.033059774201141E-13    0.25                     5.0E10                   2700                     6120.439345159609        3533.637303486677        2502.294445801098
1.68569                  0.789978                 7.8                      0.12820512820512822      5.053053371262375E-13    5.044586838511427E-13    0.25                     5.0E10                   2700                     6120.439345159609        3533.637303486677        2502.294445801098
1.68569                  0.789978                 7.9                      0.12658227848101267      5.068737216865779E-13    5.05728126508894E-13     0.25                     5.0E10                   2700                     6120.439345159609        3533.637303486677        2502.294445801098
1.68569                  0.789978                 8                        0.125                    5.081952518417099E-13    5.067748904165557E-13    0.25                     5.0E10                   2700                     6120.439345159609        3533.637303486677        2502.294445801098
1.68569                  0.789978                 8.1                      0.1234567901234568       5.094575827666466E-13    5.077758053690833E-13    0.25                     5.0E10                   2700                     6120.439345159609        3533.637303486677        2502.294445801098
1.68569                  0.789978                 8.2                      0.12195121951219513      5.106632852254706E-13    5.087328102676289E-13    0.25                     5.0E10                   2700                     6120.439345159609        3533.637303486677        2502.294445801098
1.68569                  0.789978                 8.3                      0.12048192771084336      5.118148719099278E-13    5.096478091497946E-13    0.25                     5.0E10                   2700                     6120.439345159609        3533.637303486677        2502.294445801098
1.68569                  0.789978                 8.4                      0.11904761904761904      5.129147888201545E-13    5.105226628208966E-13    0.25                     5.0E10                   2700                     6120.439345159609        3533.637303486677        2502.294445801098
1.68569                  0.789978                 8.5                      0.11764705882352941      5.139654087334961E-13    5.113591823694128E-13    0.25                     5.0E10                   2700                     6120.439345159609        3533.637303486677        2502.294445801098
1.68569                  0.789978                 8.6                      0.11627906976744186      5.149690264100489E-13    5.121591242699237E-13    0.25                     5.0E10                   2700                     6120.439345159609        3533.637303486677        2502.294445801098
1.68569                  0.789978                 8.7                      0.11494252873563218      5.159278552703176E-13    5.129241868090592E-13    0.25                     5.0E10                   2700                     6120.439345159609        3533.637303486677        2502.294445801098
1.68569                  0.789978                 8.8                      0.11363636363636362      5.168440252960355E-13    5.136560076327806E-13    0.25                     5.0E10                   2700                     6120.439345159609        3533.637303486677        2502.294445801098
1.68569                  0.789978                 8.9                      0.11235955056179775      5.177195819937451E-13    5.143561622382576E-13    0.25                     5.0E10                   2700                     6120.439345159609        3533.637303486677        2502.294445801098
1.68569                  0.789978                 9                        0.11111111111111112      5.18556486193628E-13     5.150261632436598E-13    0.25                     5.0E10                   2700                     6120.439345159609        3533.637303486677        2502.294445801098
1.68569                  0.789978                 9.1                      0.1098901098901099       5.193566145392484E-13    5.15667460279158E-13     0.25                     5.0E10                   2700                     6120.439345159609        3533.637303486677        2502.294445801098
1.68569                  0.789978                 9.2                      0.10869565217391305      5.201217605683362E-13    5.162814404213624E-13    0.25                     5.0E10                   2700                     6120.439345159609        3533.637303486677        2502.294445801098
1.68569                  0.789978                 9.3                      0.10752688172043011      5.208536362537012E-13    5.168694290433579E-13    0.25                     5.0E10                   2700                     6120.439345159609        3533.637303486677        2502.294445801098
1.68569                  0.789978                 9.4                      0.10638297872340426      5.215538738993349E-13    5.174326910105818E-13    0.25                     5.0E10                   2700                     6120.439345159609        3533.637303486677        2502.294445801098
1.68569                  0.789978                 9.5                      0.10526315789473685      5.222240283101423E-13    5.179724321186287E-13    0.25                     5.0E10                   2700                     6120.439345159609        3533.637303486677        2502.294445801098
1.68569                  0.789978                 9.6                      0.10416666666666667      5.228655792163374E-13    5.184898007802866E-13    0.25                     5.0E10                   2700                     6120.439345159609        3533.637303486677        2502.294445801098
1.68569                  0.789978                 9.700000000000001        0.1030927835051546       5.234799337846206E-13    5.189858898160004E-13    0.25                     5.0E10                   2700                     6120.439345159609        3533.637303486677        2502.294445801098
1.68569                  0.789978                 9.8                      0.10204081632653059      5.240684293259867E-13    5.194617384004922E-13    0.25                     5.0E10                   2700                     6120.439345159609        3533.637303486677        2502.294445801098
1.68569                  0.789978                 9.9                      0.101010101010101        5.246323359548541E-13    5.199183340350136E-13    0.25                     5.0E10                   2700                     6120.439345159609        3533.637303486677        2502.294445801098
1.68569                  0.789978                 10                       0.1                      5.251093647630989E-13    5.202900203105964E-13    0.25                     5.0E10                   2700                     6120.439345159609        3533.637303486677        2502.294445801098
