0.924419                 0.294257                 0.1                      10                       5.331524635409374E-13    5.331541374876588E-13    0.25                     5.0E10                   2700                     4532.399413604724        2616.7820215195893       2502.294445801098
0.924419                 0.294257                 0.2                      5                        5.300792430049145E-13    5.324467686050287E-13    0.25                     5.0E10                   2700                     4532.399413604724        2616.7820215195893       2502.294445801098
0.924419                 0.294257                 0.30000000000000004      3.3333333333333326       5.203672769000011E-13    5.304068627136153E-13    0.25                     5.0E10                   2700                     4532.399413604724        2616.7820215195893       2502.294445801098
0.924419                 0.294257                 0.4                      2.5                      5.066172937304446E-13    5.23054958182389E-13     0.25                     5.0E10                   2700                     4532.399413604724        2616.7820215195893       2502.294445801098
0.924419                 0.294257                 0.5                      2                        5.055765638089801E-13    5.222997054154453E-13    0.25                     5.0E10                   2700                     4532.399413604724        2616.7820215195893       2502.294445801098
0.924419                 0.294257                 0.6                      1.6666666666666667       5.044273681764795E-13    5.211180624076298E-13    0.25                     5.0E10                   2700                     4532.399413604724        2616.7820215195893       2502.294445801098
0.924419                 0.294257                 0.7000000000000001       1.4285714285714284       5.142114565677696E-13    5.296611827903992E-13    0.25                     5.0E10                   2700                     4532.399413604724        2616.7820215195893       2502.294445801098
0.924419                 0.294257                 0.8                      1.25                     5.12988067791521E-13     5.247746413432567E-13    0.25                     5.0E10                   2700                     4532.399413604724        2616.7820215195893       2502.294445801098
0.924419                 0.294257                 0.9                      1.1111111111111112       5.126300430131624E-13    5.263401303404376E-13    0.25                     5.0E10                   2700                     4532.399413604724        2616.7820215195893       2502.294445801098
0.924419                 0.294257                 1                        1                        5.205142620492164E-13    5.305528036497452E-13    0.25                     5.0E10                   2700                     4532.399413604724        2616.7820215195893       2502.294445801098
0.924419                 0.294257                 1.1                      0.909090909090909        5.217398450139321E-13    5.317294778480706E-13    0.25                     5.0E10                   2700                     4532.399413604724        2616.7820215195893       2502.294445801098
0.924419                 0.294257                 1.2000000000000002       0.8333333333333331       5.396170475897509E-13    5.467866554508979E-13    0.25                     5.0E10                   2700                     4532.399413604724        2616.7820215195893       2502.294445801098
0.924419                 0.294257                 1.3000000000000003       0.769230769230769        5.447762196013107E-13    5.458326736597104E-13    0.25                     5.0E10                   2700                     4532.399413604724        2616.7820215195893       2502.294445801098
0.924419                 0.294257                 1.4000000000000001       0.7142857142857142       5.351915662710496E-13    5.317312816586607E-13    0.25                     5.0E10                   2700                     4532.399413604724        2616.7820215195893       2502.294445801098
0.924419                 0.294257                 1.5000000000000002       0.6666666666666665       5.413682781531954E-13    5.348281241658465E-13    0.25                     5.0E10                   2700                     4532.399413604724        2616.7820215195893       2502.294445801098
0.924419                 0.294257                 1.6                      0.625                    5.534106797132027E-13    5.439603637215451E-13    0.25                     5.0E10                   2700                     4532.399413604724        2616.7820215195893       2502.294445801098
0.924419                 0.294257                 1.7000000000000002       0.588235294117647        5.675307286173336E-13    5.54134862950221E-13     0.25                     5.0E10                   2700                     4532.399413604724        2616.7820215195893       2502.294445801098
0.924419                 0.294257                 1.8000000000000003       0.5555555555555555       5.738396645701492E-13    5.560768494496772E-13    0.25                     5.0E10                   2700                     4532.399413604724        2616.7820215195893       2502.294445801098
0.924419                 0.294257                 1.9000000000000001       0.5263157894736842       5.718859550537082E-13    5.502951602892375E-13    0.25                     5.0E10                   2700                     4532.399413604724        2616.7820215195893       2502.294445801098
0.924419                 0.294257                 2                        0.5                      5.707050494620201E-13    5.461969767136309E-13    0.25                     5.0E10                   2700                     4532.399413604724        2616.7820215195893       2502.294445801098
0.924419                 0.294257                 2.1                      0.47619047619047616      5.743760990938385E-13    5.480632540585555E-13    0.25                     5.0E10                   2700                     4532.399413604724        2616.7820215195893       2502.294445801098
0.924419                 0.294257                 2.2                      0.4545454545454545       5.80112882766335E-13     5.532163290758438E-13    0.25                     5.0E10                   2700                     4532.399413604724        2616.7820215195893       2502.294445801098
0.924419                 0.294257                 2.3000000000000003       0.43478260869565216      5.835726557853329E-13    5.572214311651041E-13    0.25                     5.0E10                   2700                     4532.399413604724        2616.7820215195893       2502.294445801098
0.924419                 0.294257                 2.4000000000000004       0.4166666666666666       5.828745600442698E-13    5.578279010409864E-13    0.25                     5.0E10                   2700                     4532.399413604724        2616.7820215195893       2502.294445801098
0.924419                 0.294257                 2.5000000000000004       0.3999999999999999       5.7894049975017E-13      5.554877416220699E-13    0.25                     5.0E10                   2700                     4532.399413604724        2616.7820215195893       2502.294445801098
0.924419                 0.294257                 2.6                      0.3846153846153846       5.737920075532319E-13    5.518560334115704E-13    0.25                     5.0E10                   2700                     4532.399413604724        2616.7820215195893       2502.294445801098
0.924419                 0.294257                 2.7                      0.37037037037037035      5.690523495778319E-13    5.483846968497944E-13    0.25                     5.0E10                   2700                     4532.399413604724        2616.7820215195893       2502.294445801098
0.924419                 0.294257                 2.8000000000000003       0.3571428571428571       5.654762088256095E-13    5.457958910686415E-13    0.25                     5.0E10                   2700                     4532.399413604724        2616.7820215195893       2502.294445801098
0.924419                 0.294257                 2.9000000000000004       0.3448275862068965       5.63132658280109E-13     5.442014049592154E-13    0.25                     5.0E10                   2700                     4532.399413604724        2616.7820215195893       2502.294445801098
0.924419                 0.294257                 3.0000000000000004       0.33333333333333326      5.619586923509397E-13    5.435719687021395E-13    0.25                     5.0E10                   2700                     4532.399413604724        2616.7820215195893       2502.294445801098
0.924419                 0.294257                 3.1                      0.32258064516129037      5.611576263284242E-13    5.432352272788937E-13    0.25                     5.0E10                   2700                     4532.399413604724        2616.7820215195893       2502.294445801098
0.924419                 0.294257                 3.2                      0.3125                   5.606750675146932E-13    5.431611340544951E-13    0.25                     5.0E10                   2700                     4532.399413604724        2616.7820215195893       2502.294445801098
0.924419                 0.294257                 3.3000000000000003       0.30303030303030304      5.603424903112315E-13    5.432151780284846E-13    0.25                     5.0E10                   2700                     4532.399413604724        2616.7820215195893       2502.294445801098
0.924419                 0.294257                 3.4000000000000004       0.2941176470588235       5.601144203308499E-13    5.433641000411045E-13    0.25                     5.0E10                   2700                     4532.399413604724        2616.7820215195893       2502.294445801098
0.924419                 0.294257                 3.5000000000000004       0.2857142857142857       5.599045714999317E-13    5.435559506464726E-13    0.25                     5.0E10                   2700                     4532.399413604724        2616.7820215195893       2502.294445801098
0.924419                 0.294257                 3.6                      0.2777777777777778       5.59759247862303E-13     5.438394109133444E-13    0.25                     5.0E10                   2700                     4532.399413604724        2616.7820215195893       2502.294445801098
0.924419                 0.294257                 3.7                      0.2702702702702703       5.596911278903643E-13    5.442341770992579E-13    0.25                     5.0E10                   2700                     4532.399413604724        2616.7820215195893       2502.294445801098
0.924419                 0.294257                 3.8000000000000003       0.2631578947368421       5.597027318901684E-13    5.447473411077338E-13    0.25                     5.0E10                   2700                     4532.399413604724        2616.7820215195893       2502.294445801098
0.924419                 0.294257                 3.9000000000000004       0.2564102564102564       5.597827766068368E-13    5.453700726887636E-13    0.25                     5.0E10                   2700                     4532.399413604724        2616.7820215195893       2502.294445801098
0.924419                 0.294257                 4                        0.25                     5.599070840426774E-13    5.460788584387213E-13    0.25                     5.0E10                   2700                     4532.399413604724        2616.7820215195893       2502.294445801098
0.924419                 0.294257                 4.1                      0.24390243902439027      5.600439065849472E-13    5.468406408277863E-13    0.25                     5.0E10                   2700                     4532.399413604724        2616.7820215195893       2502.294445801098
0.924419                 0.294257                 4.2                      0.23809523809523808      5.601581393856125E-13    5.47617351424265E-13     0.25                     5.0E10                   2700                     4532.399413604724        2616.7820215195893       2502.294445801098
0.924419                 0.294257                 4.3                      0.23255813953488372      5.60215864740505E-13     5.483706308775203E-13    0.25                     5.0E10                   2700                     4532.399413604724        2616.7820215195893       2502.294445801098
0.924419                 0.294257                 4.3999999999999995       0.22727272727272732      5.601876443310261E-13    5.490654141194191E-13    0.25                     5.0E10                   2700                     4532.399413604724        2616.7820215195893       2502.294445801098
0.924419                 0.294257                 4.5                      0.22222222222222224      5.600505916182288E-13    5.496723424661967E-13    0.25                     5.0E10                   2700                     4532.399413604724        2616.7820215195893       2502.294445801098
0.924419                 0.294257                 4.6                      0.2173913043478261       5.597893245603267E-13    5.501690702418461E-13    0.25                     5.0E10                   2700                     4532.399413604724        2616.7820215195893       2502.294445801098
0.924419                 0.294257                 4.7                      0.2127659574468085       5.593960147867225E-13    5.505406521067021E-13    0.25                     5.0E10                   2700                     4532.399413604724        2616.7820215195893       2502.294445801098
0.924419                 0.294257                 4.8                      0.20833333333333334      5.588697856685839E-13    5.507792404054747E-13    0.25                     5.0E10                   2700                     4532.399413604724        2616.7820215195893       2502.294445801098
0.924419                 0.294257                 4.9                      0.20408163265306117      5.582157005162403E-13    5.508833192306594E-13    0.25                     5.0E10                   2700                     4532.399413604724        2616.7820215195893       2502.294445801098
0.924419                 0.294257                 5                        0.2                      5.574511208529619E-13    5.508491798488538E-13    0.25                     5.0E10                   2700                     4532.399413604724        2616.7820215195893       2502.294445801098
0.924419                 0.294257                 5.1                      0.19607843137254904      5.565679461172687E-13    5.50697753826048E-13     0.25                     5.0E10                   2700                     4532.399413604724        2616.7820215195893       2502.294445801098
0.924419                 0.294257                 5.2                      0.1923076923076923       5.555960558013349E-13    5.504345646115715E-13    0.25                     5.0E10                   2700                     4532.399413604724        2616.7820215195893       2502.294445801098
0.924419                 0.294257                 5.3                      0.18867924528301888      5.54551360249189E-13     5.500718237362674E-13    0.25                     5.0E10                   2700                     4532.399413604724        2616.7820215195893       2502.294445801098
0.924419                 0.294257                 5.4                      0.18518518518518517      5.534515370648718E-13    5.496242946710114E-13    0.25                     5.0E10                   2700                     4532.399413604724        2616.7820215195893       2502.294445801098
0.924419                 0.294257                 5.5                      0.18181818181818182      5.523133536982829E-13    5.491065861040174E-13    0.25                     5.0E10                   2700                     4532.399413604724        2616.7820215195893       2502.294445801098
0.924419                 0.294257                 5.6                      0.17857142857142858      5.511526286486003E-13    5.485330449622383E-13    0.25                     5.0E10                   2700                     4532.399413604724        2616.7820215195893       2502.294445801098
0.924419                 0.294257                 5.7                      0.17543859649122806      5.499838713031609E-13    5.479173211425052E-13    0.25                     5.0E10                   2700                     4532.399413604724        2616.7820215195893       2502.294445801098
0.924419                 0.294257                 5.8                      0.1724137931034483       5.488200599780249E-13    5.472720654765364E-13    0.25                     5.0E10                   2700                     4532.399413604724        2616.7820215195893       2502.294445801098
0.924419                 0.294257                 5.9                      0.1694915254237288       5.476725323507678E-13    5.466087398682295E-13    0.25                     5.0E10                   2700                     4532.399413604724        2616.7820215195893       2502.294445801098
0.924419                 0.294257                 6                        0.16666666666666666      5.465509632319089E-13    5.459375179691186E-13    0.25                     5.0E10                   2700                     4532.399413604724        2616.7820215195893       2502.294445801098
0.924419                 0.294257                 6.1                      0.16393442622950818      5.4546340722761E-13      5.452672562349718E-13    0.25                     5.0E10                   2700                     4532.399413604724        2616.7820215195893       2502.294445801098
0.924419                 0.294257                 6.2                      0.16129032258064518      5.444163869549221E-13    5.446055173847392E-13    0.25                     5.0E10                   2700                     4532.399413604724        2616.7820215195893       2502.294445801098
0.924419                 0.294257                 6.3                      0.15873015873015872      5.434150109580874E-13    5.439586310081022E-13    0.25                     5.0E10                   2700                     4532.399413604724        2616.7820215195893       2502.294445801098
0.924419                 0.294257                 6.4                      0.15625                  5.424631087205621E-13    5.433317788402953E-13    0.25                     5.0E10                   2700                     4532.399413604724        2616.7820215195893       2502.294445801098
0.924419                 0.294257                 6.5                      0.15384615384615383      5.415633730450097E-13    5.427290947514905E-13    0.25                     5.0E10                   2700                     4532.399413604724        2616.7820215195893       2502.294445801098
0.924419                 0.294257                 6.6                      0.15151515151515152      5.407175027353323E-13    5.421537718477077E-13    0.25                     5.0E10                   2700                     4532.399413604724        2616.7820215195893       2502.294445801098
0.924419                 0.294257                 6.7                      0.1492537313432836       5.399263405042818E-13    5.416081710330701E-13    0.25                     5.0E10                   2700                     4532.399413604724        2616.7820215195893       2502.294445801098
0.924419                 0.294257                 6.8                      0.14705882352941177      5.391900027779187E-13    5.410939269685664E-13    0.25                     5.0E10                   2700                     4532.399413604724        2616.7820215195893       2502.294445801098
0.924419                 0.294257                 6.9                      0.14492753623188404      5.385079992684748E-13    5.40612048674264E-13     0.25                     5.0E10                   2700                     4532.399413604724        2616.7820215195893       2502.294445801098
0.924419                 0.294257                 7                        0.14285714285714285      5.378793413619804E-13    5.401630130546237E-13    0.25                     5.0E10                   2700                     4532.399413604724        2616.7820215195893       2502.294445801098
0.924419                 0.294257                 7.1                      0.14084507042253522      5.373026388385782E-13    5.397468503569498E-13    0.25                     5.0E10                   2700                     4532.399413604724        2616.7820215195893       2502.294445801098
0.924419                 0.294257                 7.2                      0.1388888888888889       5.367761852049214E-13    5.393632211621151E-13    0.25                     5.0E10                   2700                     4532.399413604724        2616.7820215195893       2502.294445801098
0.924419                 0.294257                 7.3                      0.13698630136986303      5.362980320393109E-13    5.390114848904672E-13    0.25                     5.0E10                   2700                     4532.399413604724        2616.7820215195893       2502.294445801098
0.924419                 0.294257                 7.4                      0.13513513513513514      5.358660531724444E-13    5.386907601437546E-13    0.25                     5.0E10                   2700                     4532.399413604724        2616.7820215195893       2502.294445801098
0.924419                 0.294257                 7.5                      0.13333333333333333      5.354779994495551E-13    5.383999772945793E-13    0.25                     5.0E10                   2700                     4532.399413604724        2616.7820215195893       2502.294445801098
0.924419                 0.294257                 7.6                      0.13157894736842105      5.351315450631522E-13    5.381379239436017E-13    0.25                     5.0E10                   2700                     4532.399413604724        2616.7820215195893       2502.294445801098
0.924419                 0.294257                 7.7                      0.12987012987012989      5.348243263002907E-13    5.379032838407587E-13    0.25                     5.0E10                   2700                     4532.399413604724        2616.7820215195893       2502.294445801098
0.924419                 0.294257                 7.8                      0.12820512820512822      5.345558632691865E-13    5.37696521592432E-13     0.25                     5.0E10                   2700                     4532.399413604724        2616.7820215195893       2502.294445801098
0.924419                 0.294257                 7.9                      0.12658227848101267      5.343200784257148E-13    5.375125573401427E-13    0.25                     5.0E10                   2700                     4532.399413604724        2616.7820215195893       2502.294445801098
0.924419                 0.294257                 8                        0.125                    5.341165018578126E-13    5.373517388332648E-13    0.25                     5.0E10                   2700                     4532.399413604724        2616.7820215195893       2502.294445801098
0.924419                 0.294257                 8.1                      0.1234567901234568       5.339428840645446E-13    5.372126154898395E-13    0.25                     5.0E10                   2700                     4532.399413604724        2616.7820215195893       2502.294445801098
0.924419                 0.294257                 8.2                      0.12195121951219513      5.337970466596043E-13    5.370937515671099E-13    0.25                     5.0E10                   2700                     4532.399413604724        2616.7820215195893       2502.294445801098
0.924419                 0.294257                 8.3                      0.12048192771084336      5.336768921786866E-13    5.369937386986545E-13    0.25                     5.0E10                   2700                     4532.399413604724        2616.7820215195893       2502.294445801098
0.924419                 0.294257                 8.4                      0.11904761904761904      5.335804110941905E-13    5.369112057581361E-13    0.25                     5.0E10                   2700                     4532.399413604724        2616.7820215195893       2502.294445801098
0.924419                 0.294257                 8.5                      0.11764705882352941      5.335056866338622E-13    5.368448265025916E-13    0.25                     5.0E10                   2700                     4532.399413604724        2616.7820215195893       2502.294445801098
0.924419                 0.294257                 8.6                      0.11627906976744186      5.334508976582171E-13    5.367933252949916E-13    0.25                     5.0E10                   2700                     4532.399413604724        2616.7820215195893       2502.294445801098
0.924419                 0.294257                 8.7                      0.11494252873563218      5.334143200328453E-13    5.367554812325489E-13    0.25                     5.0E10                   2700                     4532.399413604724        2616.7820215195893       2502.294445801098
0.924419                 0.294257                 8.8                      0.11363636363636362      5.333943266705063E-13    5.367301308986991E-13    0.25                     5.0E10                   2700                     4532.399413604724        2616.7820215195893       2502.294445801098
0.924419                 0.294257                 8.9                      0.11235955056179775      5.333893865971542E-13    5.367161700187441E-13    0.25                     5.0E10                   2700                     4532.399413604724        2616.7820215195893       2502.294445801098
0.924419                 0.294257                 9                        0.11111111111111112      5.333980631924588E-13    5.367125541916852E-13    0.25                     5.0E10                   2700                     4532.399413604724        2616.7820215195893       2502.294445801098
0.924419                 0.294257                 9.1                      0.1098901098901099       5.334190117519844E-13    5.367182988369141E-13    0.25                     5.0E10                   2700                     4532.399413604724        2616.7820215195893       2502.294445801098
0.924419                 0.294257                 9.2                      0.10869565217391305      5.334509765875897E-13    5.367324785557469E-13    0.25                     5.0E10                   2700                     4532.399413604724        2616.7820215195893       2502.294445801098
0.924419                 0.294257                 9.3                      0.10752688172043011      5.334927877572145E-13    5.367542259925994E-13    0.25                     5.0E10                   2700                     4532.399413604724        2616.7820215195893       2502.294445801098
0.924419                 0.294257                 9.4                      0.10638297872340426      5.335433575319904E-13    5.36782730325314E-13     0.25                     5.0E10                   2700                     4532.399413604724        2616.7820215195893       2502.294445801098
0.924419                 0.294257                 9.5                      0.10526315789473685      5.336016766784887E-13    5.368172354380782E-13    0.25                     5.0E10                   2700                     4532.399413604724        2616.7820215195893       2502.294445801098
0.924419                 0.294257                 9.6                      0.10416666666666667      5.336668106564215E-13    5.36857037904953E-13     0.25                     5.0E10                   2700                     4532.399413604724        2616.7820215195893       2502.294445801098
0.924419                 0.294257                 9.700000000000001        0.1030927835051546       5.337378957494728E-13    5.369014847907994E-13    0.25                     5.0E10                   2700                     4532.399413604724        2616.7820215195893       2502.294445801098
0.924419                 0.294257                 9.8                      0.10204081632653059      5.338141352378756E-13    5.369499713671585E-13    0.25                     5.0E10                   2700                     4532.399413604724        2616.7820215195893       2502.294445801098
0.924419                 0.294257                 9.9                      0.101010101010101        5.338947955709508E-13    5.370019387574131E-13    0.25                     5.0E10                   2700                     4532.399413604724        2616.7820215195893       2502.294445801098
0.924419                 0.294257                 10                       0.1                      5.339709041471962E-13    5.37003333069888E-13     0.25                     5.0E10                   2700                     4532.399413604724        2616.7820215195893       2502.294445801098
