1.68029                  0.45038                  0.1                      10                       5.331525946501631E-13    5.331565702886713E-13    0.25                     5.0E10                   2700                     6110.628263753063        3527.972872995567        2502.294445801098
1.68029                  0.45038                  0.2                      5                        5.327541045168856E-13    5.331939863055042E-13    0.25                     5.0E10                   2700                     6110.628263753063        3527.972872995567        2502.294445801098
1.68029                  0.45038                  0.30000000000000004      3.3333333333333326       5.444407291976594E-13    5.364579527499065E-13    0.25                     5.0E10                   2700                     6110.628263753063        3527.972872995567        2502.294445801098
1.68029                  0.45038                  0.4                      2.5                      5.722253055491075E-13    5.330214219794186E-13    0.25                     5.0E10                   2700                     6110.628263753063        3527.972872995567        2502.294445801098
1.68029                  0.45038                  0.5                      2                        6.117946521188238E-13    5.467892649654736E-13    0.25                     5.0E10                   2700                     6110.628263753063        3527.972872995567        2502.294445801098
1.68029                  0.45038                  0.6                      1.6666666666666667       6.571735894367116E-13    5.64296311928321E-13     0.25                     5.0E10                   2700                     6110.628263753063        3527.972872995567        2502.294445801098
1.68029                  0.45038                  0.7000000000000001       1.4285714285714284       7.016777026696251E-13    5.750598374267779E-13    0.25                     5.0E10                   2700                     6110.628263753063        3527.972872995567        2502.294445801098
1.68029                  0.45038                  0.8                      1.25                     7.429997382222364E-13    5.843400136402039E-13    0.25                     5.0E10                   2700                     6110.628263753063        3527.972872995567        2502.294445801098
1.68029                  0.45038                  0.9                      1.1111111111111112       7.50820849077223E-13     5.842308341359845E-13    0.25                     5.0E10                   2700                     6110.628263753063        3527.972872995567        2502.294445801098
1.68029                  0.45038                  1                        1                        7.646484247866038E-13    5.984140425069773E-13    0.25                     5.0E10                   2700                     6110.628263753063        3527.972872995567        2502.294445801098
1.68029                  0.45038                  1.1                      0.909090909090909        7.122757532582897E-13    5.745070313672358E-13    0.25                     5.0E10                   2700                     6110.628263753063        3527.972872995567        2502.294445801098
1.68029                  0.45038                  1.2000000000000002       0.8333333333333331       6.179824355601714E-13    5.11017604746877E-13     0.25                     5.0E10                   2700                     6110.628263753063        3527.972872995567        2502.294445801098
1.68029                  0.45038                  1.3000000000000003       0.769230769230769        6.149511470007472E-13    5.294618672335636E-13    0.25                     5.0E10                   2700                     6110.628263753063        3527.972872995567        2502.294445801098
1.68029                  0.45038                  1.4000000000000001       0.7142857142857142       5.901631765935208E-13    5.418065006966881E-13    0.25                     5.0E10                   2700                     6110.628263753063        3527.972872995567        2502.294445801098
1.68029                  0.45038                  1.5000000000000002       0.6666666666666665       5.153009631822313E-13    5.05456855482978E-13     0.25                     5.0E10                   2700                     6110.628263753063        3527.972872995567        2502.294445801098
1.68029                  0.45038                  1.6                      0.625                    4.698170703328153E-13    4.863055205217722E-13    0.25                     5.0E10                   2700                     6110.628263753063        3527.972872995567        2502.294445801098
1.68029                  0.45038                  1.7000000000000002       0.588235294117647        4.473897684753833E-13    4.833059972581345E-13    0.25                     5.0E10                   2700                     6110.628263753063        3527.972872995567        2502.294445801098
1.68029                  0.45038                  1.8000000000000003       0.5555555555555555       4.194106051931021E-13    4.691935817921545E-13    0.25                     5.0E10                   2700                     6110.628263753063        3527.972872995567        2502.294445801098
1.68029                  0.45038                  1.9000000000000001       0.5263157894736842       3.8673726935634466E-13   4.448206641387632E-13    0.25                     5.0E10                   2700                     6110.628263753063        3527.972872995567        2502.294445801098
1.68029                  0.45038                  2                        0.5                      3.617872618920593E-13    4.2469520922207146E-13   0.25                     5.0E10                   2700                     6110.628263753063        3527.972872995567        2502.294445801098
1.68029                  0.45038                  2.1                      0.47619047619047616      3.4904493878118076E-13   4.153403981680463E-13    0.25                     5.0E10                   2700                     6110.628263753063        3527.972872995567        2502.294445801098
1.68029                  0.45038                  2.2                      0.4545454545454545       3.469977503324936E-13    4.161233650167016E-13    0.25                     5.0E10                   2700                     6110.628263753063        3527.972872995567        2502.294445801098
1.68029                  0.45038                  2.3000000000000003       0.43478260869565216      3.529026874325146E-13    4.2446503587446557E-13   0.25                     5.0E10                   2700                     6110.628263753063        3527.972872995567        2502.294445801098
1.68029                  0.45038                  2.4000000000000004       0.4166666666666666       3.637573798240045E-13    4.373549167808803E-13    0.25                     5.0E10                   2700                     6110.628263753063        3527.972872995567        2502.294445801098
1.68029                  0.45038                  2.5000000000000004       0.3999999999999999       3.775412025001514E-13    4.5261544636703016E-13   0.25                     5.0E10                   2700                     6110.628263753063        3527.972872995567        2502.294445801098
1.68029                  0.45038                  2.6                      0.3846153846153846       3.92295750887824E-13     4.681939921055611E-13    0.25                     5.0E10                   2700                     6110.628263753063        3527.972872995567        2502.294445801098
1.68029                  0.45038                  2.7                      0.37037037037037035      4.0631172280809295E-13   4.822719498957114E-13    0.25                     5.0E10                   2700                     6110.628263753063        3527.972872995567        2502.294445801098
1.68029                  0.45038                  2.8000000000000003       0.3571428571428571       4.181659600720816E-13    4.933692982586191E-13    0.25                     5.0E10                   2700                     6110.628263753063        3527.972872995567        2502.294445801098
1.68029                  0.45038                  2.9000000000000004       0.3448275862068965       4.2692785286822055E-13   5.005661827602364E-13    0.25                     5.0E10                   2700                     6110.628263753063        3527.972872995567        2502.294445801098
1.68029                  0.45038                  3.0000000000000004       0.33333333333333326      4.322776753847091E-13    5.036305737883364E-13    0.25                     5.0E10                   2700                     6110.628263753063        3527.972872995567        2502.294445801098
1.68029                  0.45038                  3.1                      0.32258064516129037      4.344665971008659E-13    5.029623076947292E-13    0.25                     5.0E10                   2700                     6110.628263753063        3527.972872995567        2502.294445801098
1.68029                  0.45038                  3.2                      0.3125                   4.341378230431659E-13    4.993817466095866E-13    0.25                     5.0E10                   2700                     6110.628263753063        3527.972872995567        2502.294445801098
1.68029                  0.45038                  3.3000000000000003       0.30303030303030304      4.321001190511085E-13    4.938697618660866E-13    0.25                     5.0E10                   2700                     6110.628263753063        3527.972872995567        2502.294445801098
1.68029                  0.45038                  3.4000000000000004       0.2941176470588235       4.2913430475098265E-13   4.873498339949082E-13    0.25                     5.0E10                   2700                     6110.628263753063        3527.972872995567        2502.294445801098
1.68029                  0.45038                  3.5000000000000004       0.2857142857142857       4.2590110528503936E-13   4.80590461725014E-13     0.25                     5.0E10                   2700                     6110.628263753063        3527.972872995567        2502.294445801098
1.68029                  0.45038                  3.6                      0.2777777777777778       4.228780637116837E-13    4.741422599250266E-13    0.25                     5.0E10                   2700                     6110.628263753063        3527.972872995567        2502.294445801098
1.68029                  0.45038                  3.7                      0.2702702702702703       4.2037969358644583E-13   4.683620407947948E-13    0.25                     5.0E10                   2700                     6110.628263753063        3527.972872995567        2502.294445801098
1.68029                  0.45038                  3.8000000000000003       0.2631578947368421       4.1858399967594094E-13   4.634486831757755E-13    0.25                     5.0E10                   2700                     6110.628263753063        3527.972872995567        2502.294445801098
1.68029                  0.45038                  3.9000000000000004       0.2564102564102564       4.1756727170923026E-13   4.594850355945654E-13    0.25                     5.0E10                   2700                     6110.628263753063        3527.972872995567        2502.294445801098
1.68029                  0.45038                  4                        0.25                     4.173354122220215E-13    4.56474787136659E-13     0.25                     5.0E10                   2700                     6110.628263753063        3527.972872995567        2502.294445801098
1.68029                  0.45038                  4.1                      0.24390243902439027      4.178488724021421E-13    4.543713216068669E-13    0.25                     5.0E10                   2700                     6110.628263753063        3527.972872995567        2502.294445801098
1.68029                  0.45038                  4.2                      0.23809523809523808      4.190410569195833E-13    4.5309869824810887E-13   0.25                     5.0E10                   2700                     6110.628263753063        3527.972872995567        2502.294445801098
1.68029                  0.45038                  4.3                      0.23255813953488372      4.2083150237331435E-13   4.5256636276396016E-13   0.25                     5.0E10                   2700                     6110.628263753063        3527.972872995567        2502.294445801098
1.68029                  0.45038                  4.3999999999999995       0.22727272727272732      4.2313354465261274E-13   4.5267792175707154E-13   0.25                     5.0E10                   2700                     6110.628263753063        3527.972872995567        2502.294445801098
1.68029                  0.45038                  4.5                      0.22222222222222224      4.258615466260344E-13    4.5333852431642617E-13   0.25                     5.0E10                   2700                     6110.628263753063        3527.972872995567        2502.294445801098
1.68029                  0.45038                  4.6                      0.2173913043478261       4.2897328514243935E-13   4.545286806138725E-13    0.25                     5.0E10                   2700                     6110.628263753063        3527.972872995567        2502.294445801098
1.68029                  0.45038                  4.7                      0.2127659574468085       4.3232002095852577E-13   4.56028579918848E-13     0.25                     5.0E10                   2700                     6110.628263753063        3527.972872995567        2502.294445801098
1.68029                  0.45038                  4.8                      0.20833333333333334      4.3586423577307755E-13   4.578264796136023E-13    0.25                     5.0E10                   2700                     6110.628263753063        3527.972872995567        2502.294445801098
1.68029                  0.45038                  4.9                      0.20408163265306117      4.395446497936226E-13    4.598553054496512E-13    0.25                     5.0E10                   2700                     6110.628263753063        3527.972872995567        2502.294445801098
1.68029                  0.45038                  5                        0.2                      4.433091535850456E-13    4.620496647004785E-13    0.25                     5.0E10                   2700                     6110.628263753063        3527.972872995567        2502.294445801098
1.68029                  0.45038                  5.1                      0.19607843137254904      4.4710639947317647E-13   4.643719245153603E-13    0.25                     5.0E10                   2700                     6110.628263753063        3527.972872995567        2502.294445801098
1.68029                  0.45038                  5.2                      0.1923076923076923       4.5089997816865893E-13   4.667707170378114E-13    0.25                     5.0E10                   2700                     6110.628263753063        3527.972872995567        2502.294445801098
1.68029                  0.45038                  5.3                      0.18867924528301888      4.5465716323262033E-13   4.692092624201732E-13    0.25                     5.0E10                   2700                     6110.628263753063        3527.972872995567        2502.294445801098
1.68029                  0.45038                  5.4                      0.18518518518518517      4.583510984090907E-13    4.716568980757359E-13    0.25                     5.0E10                   2700                     6110.628263753063        3527.972872995567        2502.294445801098
1.68029                  0.45038                  5.5                      0.18181818181818182      4.619601969314541E-13    4.740884305136508E-13    0.25                     5.0E10                   2700                     6110.628263753063        3527.972872995567        2502.294445801098
1.68029                  0.45038                  5.6                      0.17857142857142858      4.654675415484559E-13    4.764835004322185E-13    0.25                     5.0E10                   2700                     6110.628263753063        3527.972872995567        2502.294445801098
1.68029                  0.45038                  5.7                      0.17543859649122806      4.688608155444889E-13    4.788264161989088E-13    0.25                     5.0E10                   2700                     6110.628263753063        3527.972872995567        2502.294445801098
1.68029                  0.45038                  5.8                      0.1724137931034483       4.721297363605358E-13    4.811038572719362E-13    0.25                     5.0E10                   2700                     6110.628263753063        3527.972872995567        2502.294445801098
1.68029                  0.45038                  5.9                      0.1694915254237288       4.752685131147157E-13    4.833069013586139E-13    0.25                     5.0E10                   2700                     6110.628263753063        3527.972872995567        2502.294445801098
1.68029                  0.45038                  6                        0.16666666666666666      4.782734288195116E-13    4.85428875757211E-13     0.25                     5.0E10                   2700                     6110.628263753063        3527.972872995567        2502.294445801098
1.68029                  0.45038                  6.1                      0.16393442622950818      4.811428948823181E-13    4.874653421618234E-13    0.25                     5.0E10                   2700                     6110.628263753063        3527.972872995567        2502.294445801098
1.68029                  0.45038                  6.2                      0.16129032258064518      4.838770722096018E-13    4.894137173402545E-13    0.25                     5.0E10                   2700                     6110.628263753063        3527.972872995567        2502.294445801098
1.68029                  0.45038                  6.3                      0.15873015873015872      4.864775369639873E-13    4.91272939567351E-13     0.25                     5.0E10                   2700                     6110.628263753063        3527.972872995567        2502.294445801098
1.68029                  0.45038                  6.4                      0.15625                  4.889469889873334E-13    4.930431781293556E-13    0.25                     5.0E10                   2700                     6110.628263753063        3527.972872995567        2502.294445801098
1.68029                  0.45038                  6.5                      0.15384615384615383      4.912890000334538E-13    4.947255826240468E-13    0.25                     5.0E10                   2700                     6110.628263753063        3527.972872995567        2502.294445801098
1.68029                  0.45038                  6.6                      0.15151515151515152      4.935077986372879E-13    4.963220685354135E-13    0.25                     5.0E10                   2700                     6110.628263753063        3527.972872995567        2502.294445801098
1.68029                  0.45038                  6.7                      0.1492537313432836       4.95608088144466E-13     4.978351354651259E-13    0.25                     5.0E10                   2700                     6110.628263753063        3527.972872995567        2502.294445801098
1.68029                  0.45038                  6.8                      0.14705882352941177      4.975948944585473E-13    4.992677144091138E-13    0.25                     5.0E10                   2700                     6110.628263753063        3527.972872995567        2502.294445801098
1.68029                  0.45038                  6.9                      0.14492753623188404      4.994734399606932E-13    5.006230406186579E-13    0.25                     5.0E10                   2700                     6110.628263753063        3527.972872995567        2502.294445801098
1.68029                  0.45038                  7                        0.14285714285714285      5.012490404447277E-13    5.019045487902098E-13    0.25                     5.0E10                   2700                     6110.628263753063        3527.972872995567        2502.294445801098
1.68029                  0.45038                  7.1                      0.14084507042253522      5.029270218940904E-13    5.031157875826251E-13    0.25                     5.0E10                   2700                     6110.628263753063        3527.972872995567        2502.294445801098
1.68029                  0.45038                  7.2                      0.1388888888888889       5.045126543998957E-13    5.042603507056852E-13    0.25                     5.0E10                   2700                     6110.628263753063        3527.972872995567        2502.294445801098
1.68029                  0.45038                  7.3                      0.13698630136986303      5.060111005133217E-13    5.053418220901441E-13    0.25                     5.0E10                   2700                     6110.628263753063        3527.972872995567        2502.294445801098
1.68029                  0.45038                  7.4                      0.13513513513513514      5.074273759578284E-13    5.063637330199269E-13    0.25                     5.0E10                   2700                     6110.628263753063        3527.972872995567        2502.294445801098
1.68029                  0.45038                  7.5                      0.13333333333333333      5.087663205050861E-13    5.073295292090607E-13    0.25                     5.0E10                   2700                     6110.628263753063        3527.972872995567        2502.294445801098
1.68029                  0.45038                  7.6                      0.13157894736842105      5.100325773838483E-13    5.082425462158103E-13    0.25                     5.0E10                   2700                     6110.628263753063        3527.972872995567        2502.294445801098
1.68029                  0.45038                  7.7                      0.12987012987012989      5.11230579659309E-13     5.091059917090362E-13    0.25                     5.0E10                   2700                     6110.628263753063        3527.972872995567        2502.294445801098
1.68029                  0.45038                  7.8                      0.12820512820512822      5.123645422441179E-13    5.099229333298073E-13    0.25                     5.0E10                   2700                     6110.628263753063        3527.972872995567        2502.294445801098
1.68029                  0.45038                  7.9                      0.12658227848101267      5.134384584945124E-13    5.10696291116799E-13     0.25                     5.0E10                   2700                     6110.628263753063        3527.972872995567        2502.294445801098
1.68029                  0.45038                  8                        0.125                    5.144561003640724E-13    5.114288335619063E-13    0.25                     5.0E10                   2700                     6110.628263753063        3527.972872995567        2502.294445801098
1.68029                  0.45038                  8.1                      0.1234567901234568       5.154210214539058E-13    5.121231765950334E-13    0.25                     5.0E10                   2700                     6110.628263753063        3527.972872995567        2502.294445801098
1.68029                  0.45038                  8.2                      0.12195121951219513      5.163365621076918E-13    5.127817847783599E-13    0.25                     5.0E10                   2700                     6110.628263753063        3527.972872995567        2502.294445801098
1.68029                  0.45038                  8.3                      0.12048192771084336      5.172058562084367E-13    5.13406974281352E-13     0.25                     5.0E10                   2700                     6110.628263753063        3527.972872995567        2502.294445801098
1.68029                  0.45038                  8.4                      0.11904761904761904      5.180318390813974E-13    5.140009171406305E-13    0.25                     5.0E10                   2700                     6110.628263753063        3527.972872995567        2502.294445801098
1.68029                  0.45038                  8.5                      0.11764705882352941      5.188172562066487E-13    5.145656464671299E-13    0.25                     5.0E10                   2700                     6110.628263753063        3527.972872995567        2502.294445801098
1.68029                  0.45038                  8.6                      0.11627906976744186      5.195664653830441E-13    5.151046795397793E-13    0.25                     5.0E10                   2700                     6110.628263753063        3527.972872995567        2502.294445801098
1.68029                  0.45038                  8.7                      0.11494252873563218      5.202783177725377E-13    5.156165986169334E-13    0.25                     5.0E10                   2700                     6110.628263753063        3527.972872995567        2502.294445801098
1.68029                  0.45038                  8.8                      0.11363636363636362      5.209567946276781E-13    5.161046305062276E-13    0.25                     5.0E10                   2700                     6110.628263753063        3527.972872995567        2502.294445801098
1.68029                  0.45038                  8.9                      0.11235955056179775      5.21603975879704E-13     5.16570314841416E-13     0.25                     5.0E10                   2700                     6110.628263753063        3527.972872995567        2502.294445801098
1.68029                  0.45038                  9                        0.11111111111111112      5.222217985942205E-13    5.170150843616916E-13    0.25                     5.0E10                   2700                     6110.628263753063        3527.972872995567        2502.294445801098
1.68029                  0.45038                  9.1                      0.1098901098901099       5.22812065998044E-13     5.174402714413862E-13    0.25                     5.0E10                   2700                     6110.628263753063        3527.972872995567        2502.294445801098
1.68029                  0.45038                  9.2                      0.10869565217391305      5.233764561610084E-13    5.178471144498726E-13    0.25                     5.0E10                   2700                     6110.628263753063        3527.972872995567        2502.294445801098
1.68029                  0.45038                  9.3                      0.10752688172043011      5.239165303473331E-13    5.182367639050683E-13    0.25                     5.0E10                   2700                     6110.628263753063        3527.972872995567        2502.294445801098
1.68029                  0.45038                  9.4                      0.10638297872340426      5.244337409268171E-13    5.186102883622173E-13    0.25                     5.0E10                   2700                     6110.628263753063        3527.972872995567        2502.294445801098
1.68029                  0.45038                  9.5                      0.10526315789473685      5.249294389015119E-13    5.189686800273304E-13    0.25                     5.0E10                   2700                     6110.628263753063        3527.972872995567        2502.294445801098
1.68029                  0.45038                  9.6                      0.10416666666666667      5.254048810072254E-13    5.193128600984865E-13    0.25                     5.0E10                   2700                     6110.628263753063        3527.972872995567        2502.294445801098
1.68029                  0.45038                  9.700000000000001        0.1030927835051546       5.258612363830959E-13    5.196436837906743E-13    0.25                     5.0E10                   2700                     6110.628263753063        3527.972872995567        2502.294445801098
1.68029                  0.45038                  9.8                      0.10204081632653059      5.262995928742931E-13    5.19961945091042E-13     0.25                     5.0E10                   2700                     6110.628263753063        3527.972872995567        2502.294445801098
1.68029                  0.45038                  9.9                      0.101010101010101        5.267209628639033E-13    5.202683811894803E-13    0.25                     5.0E10                   2700                     6110.628263753063        3527.972872995567        2502.294445801098
1.68029                  0.45038                  10                       0.1                      5.270999959214353E-13    5.205056243025769E-13    0.25                     5.0E10                   2700                     6110.628263753063        3527.972872995567        2502.294445801098
