1.96019                  0.857672                 0.1                      10                       5.331558123443065E-13    5.331516696002776E-13    0.25                     5.0E10                   2700                     6599.983164961694        3810.502056937632        2502.294445801098
1.96019                  0.857672                 0.2                      5                        5.33509464426589E-13     5.331655673121926E-13    0.25                     5.0E10                   2700                     6599.983164961694        3810.502056937632        2502.294445801098
1.96019                  0.857672                 0.30000000000000004      3.3333333333333326       5.368297681955266E-13    5.363409385764539E-13    0.25                     5.0E10                   2700                     6599.983164961694        3810.502056937632        2502.294445801098
1.96019                  0.857672                 0.4                      2.5                      5.326878626376485E-13    5.33766380911595E-13     0.25                     5.0E10                   2700                     6599.983164961694        3810.502056937632        2502.294445801098
1.96019                  0.857672                 0.5                      2                        5.305047405858861E-13    5.353908551635397E-13    0.25                     5.0E10                   2700                     6599.983164961694        3810.502056937632        2502.294445801098
1.96019                  0.857672                 0.6                      1.6666666666666667       5.352572450132127E-13    5.427815248727917E-13    0.25                     5.0E10                   2700                     6599.983164961694        3810.502056937632        2502.294445801098
1.96019                  0.857672                 0.7000000000000001       1.4285714285714284       5.442553659646316E-13    5.481997512302873E-13    0.25                     5.0E10                   2700                     6599.983164961694        3810.502056937632        2502.294445801098
1.96019                  0.857672                 0.8                      1.25                     5.700882173906078E-13    5.523778111782243E-13    0.25                     5.0E10                   2700                     6599.983164961694        3810.502056937632        2502.294445801098
1.96019                  0.857672                 0.9                      1.1111111111111112       5.931121404600692E-13    5.570777866061145E-13    0.25                     5.0E10                   2700                     6599.983164961694        3810.502056937632        2502.294445801098
1.96019                  0.857672                 1                        1                        6.274607740446949E-13    5.668753750382221E-13    0.25                     5.0E10                   2700                     6599.983164961694        3810.502056937632        2502.294445801098
1.96019                  0.857672                 1.1                      0.909090909090909        6.584024105718722E-13    5.827246729058585E-13    0.25                     5.0E10                   2700                     6599.983164961694        3810.502056937632        2502.294445801098
1.96019                  0.857672                 1.2000000000000002       0.8333333333333331       6.68887770469827E-13     5.749352500582625E-13    0.25                     5.0E10                   2700                     6599.983164961694        3810.502056937632        2502.294445801098
1.96019                  0.857672                 1.3000000000000003       0.769230769230769        6.993932963346287E-13    5.803982803762455E-13    0.25                     5.0E10                   2700                     6599.983164961694        3810.502056937632        2502.294445801098
1.96019                  0.857672                 1.4000000000000001       0.7142857142857142       7.424657841664061E-13    6.019979851886313E-13    0.25                     5.0E10                   2700                     6599.983164961694        3810.502056937632        2502.294445801098
1.96019                  0.857672                 1.5000000000000002       0.6666666666666665       7.519938695899417E-13    6.032521786294531E-13    0.25                     5.0E10                   2700                     6599.983164961694        3810.502056937632        2502.294445801098
1.96019                  0.857672                 1.6                      0.625                    7.315819773788996E-13    5.845683832539211E-13    0.25                     5.0E10                   2700                     6599.983164961694        3810.502056937632        2502.294445801098
1.96019                  0.857672                 1.7000000000000002       0.588235294117647        7.112358981469781E-13    5.708091901635363E-13    0.25                     5.0E10                   2700                     6599.983164961694        3810.502056937632        2502.294445801098
1.96019                  0.857672                 1.8000000000000003       0.5555555555555555       6.917802839397687E-13    5.652911080175848E-13    0.25                     5.0E10                   2700                     6599.983164961694        3810.502056937632        2502.294445801098
1.96019                  0.857672                 1.9000000000000001       0.5263157894736842       6.628484050116923E-13    5.596923691911966E-13    0.25                     5.0E10                   2700                     6599.983164961694        3810.502056937632        2502.294445801098
1.96019                  0.857672                 2                        0.5                      6.190816898012062E-13    5.455252871545198E-13    0.25                     5.0E10                   2700                     6599.983164961694        3810.502056937632        2502.294445801098
1.96019                  0.857672                 2.1                      0.47619047619047616      5.675850142376162E-13    5.231605368637282E-13    0.25                     5.0E10                   2700                     6599.983164961694        3810.502056937632        2502.294445801098
1.96019                  0.857672                 2.2                      0.4545454545454545       5.22012764138203E-13     5.012074435914076E-13    0.25                     5.0E10                   2700                     6599.983164961694        3810.502056937632        2502.294445801098
1.96019                  0.857672                 2.3000000000000003       0.43478260869565216      4.908084027122868E-13    4.87245012351512E-13     0.25                     5.0E10                   2700                     6599.983164961694        3810.502056937632        2502.294445801098
1.96019                  0.857672                 2.4000000000000004       0.4166666666666666       4.751691588566927E-13    4.838331004704594E-13    0.25                     5.0E10                   2700                     6599.983164961694        3810.502056937632        2502.294445801098
1.96019                  0.857672                 2.5000000000000004       0.3999999999999999       4.72186780731218E-13     4.896700460523857E-13    0.25                     5.0E10                   2700                     6599.983164961694        3810.502056937632        2502.294445801098
1.96019                  0.857672                 2.6                      0.3846153846153846       4.773666285611524E-13    5.0144310370604E-13      0.25                     5.0E10                   2700                     6599.983164961694        3810.502056937632        2502.294445801098
1.96019                  0.857672                 2.7                      0.37037037037037035      4.859987871056058E-13    5.150702307781065E-13    0.25                     5.0E10                   2700                     6599.983164961694        3810.502056937632        2502.294445801098
1.96019                  0.857672                 2.8000000000000003       0.3571428571428571       4.939113086823371E-13    5.266846886485475E-13    0.25                     5.0E10                   2700                     6599.983164961694        3810.502056937632        2502.294445801098
1.96019                  0.857672                 2.9000000000000004       0.3448275862068965       4.983133692049297E-13    5.336326432663016E-13    0.25                     5.0E10                   2700                     6599.983164961694        3810.502056937632        2502.294445801098
1.96019                  0.857672                 3.0000000000000004       0.33333333333333326      4.976324311776756E-13    5.344796585706484E-13    0.25                     5.0E10                   2700                     6599.983164961694        3810.502056937632        2502.294445801098
1.96019                  0.857672                 3.1                      0.32258064516129037      4.923227613326545E-13    5.29824693083573E-13     0.25                     5.0E10                   2700                     6599.983164961694        3810.502056937632        2502.294445801098
1.96019                  0.857672                 3.2                      0.3125                   4.83573453094657E-13     5.210398236655459E-13    0.25                     5.0E10                   2700                     6599.983164961694        3810.502056937632        2502.294445801098
1.96019                  0.857672                 3.3000000000000003       0.30303030303030304      4.728703023939054E-13    5.097970021753883E-13    0.25                     5.0E10                   2700                     6599.983164961694        3810.502056937632        2502.294445801098
1.96019                  0.857672                 3.4000000000000004       0.2941176470588235       4.615429233489468E-13    4.976006596522182E-13    0.25                     5.0E10                   2700                     6599.983164961694        3810.502056937632        2502.294445801098
1.96019                  0.857672                 3.5000000000000004       0.2857142857142857       4.505930114577619E-13    4.855557185399806E-13    0.25                     5.0E10                   2700                     6599.983164961694        3810.502056937632        2502.294445801098
1.96019                  0.857672                 3.6                      0.2777777777777778       4.4064327297603106E-13   4.743898133794044E-13    0.25                     5.0E10                   2700                     6599.983164961694        3810.502056937632        2502.294445801098
1.96019                  0.857672                 3.7                      0.2702702702702703       4.320276807196922E-13    4.644988021562285E-13    0.25                     5.0E10                   2700                     6599.983164961694        3810.502056937632        2502.294445801098
1.96019                  0.857672                 3.8000000000000003       0.2631578947368421       4.248726001618594E-13    4.560482390788936E-13    0.25                     5.0E10                   2700                     6599.983164961694        3810.502056937632        2502.294445801098
1.96019                  0.857672                 3.9000000000000004       0.2564102564102564       4.191722826836859E-13    4.4905593228419733E-13   0.25                     5.0E10                   2700                     6599.983164961694        3810.502056937632        2502.294445801098
1.96019                  0.857672                 4                        0.25                     4.148446623177962E-13    4.4345309579124685E-13   0.25                     5.0E10                   2700                     6599.983164961694        3810.502056937632        2502.294445801098
1.96019                  0.857672                 4.1                      0.24390243902439027      4.1176876815377193E-13   4.3912560312675276E-13   0.25                     5.0E10                   2700                     6599.983164961694        3810.502056937632        2502.294445801098
1.96019                  0.857672                 4.2                      0.23809523809523808      4.098081668085367E-13    4.359400214019025E-13    0.25                     5.0E10                   2700                     6599.983164961694        3810.502056937632        2502.294445801098
1.96019                  0.857672                 4.3                      0.23255813953488372      4.088047521395195E-13    4.337263295699423E-13    0.25                     5.0E10                   2700                     6599.983164961694        3810.502056937632        2502.294445801098
1.96019                  0.857672                 4.3999999999999995       0.22727272727272732      4.0868162280417955E-13   4.3243332024173305E-13   0.25                     5.0E10                   2700                     6599.983164961694        3810.502056937632        2502.294445801098
1.96019                  0.857672                 4.5                      0.22222222222222224      4.0927952494323355E-13   4.3188727985734383E-13   0.25                     5.0E10                   2700                     6599.983164961694        3810.502056937632        2502.294445801098
1.96019                  0.857672                 4.6                      0.2173913043478261       4.1048803596230015E-13   4.3197709975396793E-13   0.25                     5.0E10                   2700                     6599.983164961694        3810.502056937632        2502.294445801098
1.96019                  0.857672                 4.7                      0.2127659574468085       4.122083863827292E-13    4.326033872343539E-13    0.25                     5.0E10                   2700                     6599.983164961694        3810.502056937632        2502.294445801098
1.96019                  0.857672                 4.8                      0.20833333333333334      4.143530305471186E-13    4.3367813230301123E-13   0.25                     5.0E10                   2700                     6599.983164961694        3810.502056937632        2502.294445801098
1.96019                  0.857672                 4.9                      0.20408163265306117      4.1684487609910923E-13   4.3512396946704133E-13   0.25                     5.0E10                   2700                     6599.983164961694        3810.502056937632        2502.294445801098
1.96019                  0.857672                 5                        0.2                      4.196210174303192E-13    4.368780553302872E-13    0.25                     5.0E10                   2700                     6599.983164961694        3810.502056937632        2502.294445801098
1.96019                  0.857672                 5.1                      0.19607843137254904      4.226115669753559E-13    4.3887105602412474E-13   0.25                     5.0E10                   2700                     6599.983164961694        3810.502056937632        2502.294445801098
1.96019                  0.857672                 5.2                      0.1923076923076923       4.2577139298614557E-13   4.4105736671957764E-13   0.25                     5.0E10                   2700                     6599.983164961694        3810.502056937632        2502.294445801098
1.96019                  0.857672                 5.3                      0.18867924528301888      4.290564032945811E-13    4.433931670158292E-13    0.25                     5.0E10                   2700                     6599.983164961694        3810.502056937632        2502.294445801098
1.96019                  0.857672                 5.4                      0.18518518518518517      4.324278285392725E-13    4.4584004668212336E-13   0.25                     5.0E10                   2700                     6599.983164961694        3810.502056937632        2502.294445801098
1.96019                  0.857672                 5.5                      0.18181818181818182      4.358530059071835E-13    4.483656882314944E-13    0.25                     5.0E10                   2700                     6599.983164961694        3810.502056937632        2502.294445801098
1.96019                  0.857672                 5.6                      0.17857142857142858      4.3930377050589023E-13   4.509422759680656E-13    0.25                     5.0E10                   2700                     6599.983164961694        3810.502056937632        2502.294445801098
1.96019                  0.857672                 5.7                      0.17543859649122806      4.4275613962536275E-13   4.5354614437376947E-13   0.25                     5.0E10                   2700                     6599.983164961694        3810.502056937632        2502.294445801098
1.96019                  0.857672                 5.8                      0.1724137931034483       4.461898149043254E-13    4.561572614373034E-13    0.25                     5.0E10                   2700                     6599.983164961694        3810.502056937632        2502.294445801098
1.96019                  0.857672                 5.9                      0.1694915254237288       4.4958773969245126E-13   4.587587719249825E-13    0.25                     5.0E10                   2700                     6599.983164961694        3810.502056937632        2502.294445801098
1.96019                  0.857672                 6                        0.16666666666666666      4.529357056587035E-13    4.613365941654539E-13    0.25                     5.0E10                   2700                     6599.983164961694        3810.502056937632        2502.294445801098
1.96019                  0.857672                 6.1                      0.16393442622950818      4.562220030728295E-13    4.638790643447488E-13    0.25                     5.0E10                   2700                     6599.983164961694        3810.502056937632        2502.294445801098
1.96019                  0.857672                 6.2                      0.16129032258064518      4.594371099969619E-13    4.6637662291372E-13      0.25                     5.0E10                   2700                     6599.983164961694        3810.502056937632        2502.294445801098
1.96019                  0.857672                 6.3                      0.15873015873015872      4.625734159145355E-13    4.688215381607404E-13    0.25                     5.0E10                   2700                     6599.983164961694        3810.502056937632        2502.294445801098
1.96019                  0.857672                 6.4                      0.15625                  4.656249760302953E-13    4.712076626319034E-13    0.25                     5.0E10                   2700                     6599.983164961694        3810.502056937632        2502.294445801098
1.96019                  0.857672                 6.5                      0.15384615384615383      4.685872928672862E-13    4.735302185607171E-13    0.25                     5.0E10                   2700                     6599.983164961694        3810.502056937632        2502.294445801098
1.96019                  0.857672                 6.6                      0.15151515151515152      4.714571221507528E-13    4.757856088963756E-13    0.25                     5.0E10                   2700                     6599.983164961694        3810.502056937632        2502.294445801098
1.96019                  0.857672                 6.7                      0.1492537313432836       4.742323004395719E-13    4.779712509925662E-13    0.25                     5.0E10                   2700                     6599.983164961694        3810.502056937632        2502.294445801098
1.96019                  0.857672                 6.8                      0.14705882352941177      4.76911592190516E-13     4.800854303235504E-13    0.25                     5.0E10                   2700                     6599.983164961694        3810.502056937632        2502.294445801098
1.96019                  0.857672                 6.9                      0.14492753623188404      4.794945541663366E-13    4.821271719139051E-13    0.25                     5.0E10                   2700                     6599.983164961694        3810.502056937632        2502.294445801098
1.96019                  0.857672                 7                        0.14285714285714285      4.819814154942665E-13    4.840961274870198E-13    0.25                     5.0E10                   2700                     6599.983164961694        3810.502056937632        2502.294445801098
1.96019                  0.857672                 7.1                      0.14084507042253522      4.843735219678165E-13    4.859929866645201E-13    0.25                     5.0E10                   2700                     6599.983164961694        3810.502056937632        2502.294445801098
1.96019                  0.857672                 7.2                      0.1388888888888889       4.866710695619729E-13    4.878173757319995E-13    0.25                     5.0E10                   2700                     6599.983164961694        3810.502056937632        2502.294445801098
1.96019                  0.857672                 7.3                      0.13698630136986303      4.888762398355317E-13    4.895707655708257E-13    0.25                     5.0E10                   2700                     6599.983164961694        3810.502056937632        2502.294445801098
1.96019                  0.857672                 7.4                      0.13513513513513514      4.909910101544131E-13    4.912544415491325E-13    0.25                     5.0E10                   2700                     6599.983164961694        3810.502056937632        2502.294445801098
1.96019                  0.857672                 7.5                      0.13333333333333333      4.930176132157342E-13    4.928699310275443E-13    0.25                     5.0E10                   2700                     6599.983164961694        3810.502056937632        2502.294445801098
1.96019                  0.857672                 7.6                      0.13157894736842105      4.949584820426307E-13    4.94418953575573E-13     0.25                     5.0E10                   2700                     6599.983164961694        3810.502056937632        2502.294445801098
1.96019                  0.857672                 7.7                      0.12987012987012989      4.968162021391811E-13    4.959033778692086E-13    0.25                     5.0E10                   2700                     6599.983164961694        3810.502056937632        2502.294445801098
1.96019                  0.857672                 7.8                      0.12820512820512822      4.985934701111258E-13    4.973251845633509E-13    0.25                     5.0E10                   2700                     6599.983164961694        3810.502056937632        2502.294445801098
1.96019                  0.857672                 7.9                      0.12658227848101267      5.002930580086223E-13    4.986864343997079E-13    0.25                     5.0E10                   2700                     6599.983164961694        3810.502056937632        2502.294445801098
1.96019                  0.857672                 8                        0.125                    5.019177827801034E-13    4.999892409614024E-13    0.25                     5.0E10                   2700                     6599.983164961694        3810.502056937632        2502.294445801098
1.96019                  0.857672                 8.1                      0.1234567901234568       5.034704802724648E-13    5.012357475088875E-13    0.25                     5.0E10                   2700                     6599.983164961694        3810.502056937632        2502.294445801098
1.96019                  0.857672                 8.2                      0.12195121951219513      5.049539831748217E-13    5.024281073727981E-13    0.25                     5.0E10                   2700                     6599.983164961694        3810.502056937632        2502.294445801098
1.96019                  0.857672                 8.3                      0.12048192771084336      5.063711025744097E-13    5.035684675311939E-13    0.25                     5.0E10                   2700                     6599.983164961694        3810.502056937632        2502.294445801098
1.96019                  0.857672                 8.4                      0.11904761904761904      5.077246125495689E-13    5.046589548998186E-13    0.25                     5.0E10                   2700                     6599.983164961694        3810.502056937632        2502.294445801098
1.96019                  0.857672                 8.5                      0.11764705882352941      5.090172375422087E-13    5.057016650448512E-13    0.25                     5.0E10                   2700                     6599.983164961694        3810.502056937632        2502.294445801098
1.96019                  0.857672                 8.6                      0.11627906976744186      5.1042490225203E-13      5.0687325777777E-13      0.25                     5.0E10                   2700                     6599.983164961694        3810.502056937632        2502.294445801098
1.96019                  0.857672                 8.7                      0.11494252873563218      5.115948579683375E-13    5.078185961618669E-13    0.25                     5.0E10                   2700                     6599.983164961694        3810.502056937632        2502.294445801098
1.96019                  0.857672                 8.8                      0.11363636363636362      5.127121080840643E-13    5.087225390045207E-13    0.25                     5.0E10                   2700                     6599.983164961694        3810.502056937632        2502.294445801098
1.96019                  0.857672                 8.9                      0.11235955056179775      5.137790894979328E-13    5.095869723810345E-13    0.25                     5.0E10                   2700                     6599.983164961694        3810.502056937632        2502.294445801098
1.96019                  0.857672                 9                        0.11111111111111112      5.147981550548986E-13    5.104137201894769E-13    0.25                     5.0E10                   2700                     6599.983164961694        3810.502056937632        2502.294445801098
1.96019                  0.857672                 9.1                      0.1098901098901099       5.157715714096737E-13    5.112045419481962E-13    0.25                     5.0E10                   2700                     6599.983164961694        3810.502056937632        2502.294445801098
1.96019                  0.857672                 9.2                      0.10869565217391305      5.167015178487001E-13    5.119611314356852E-13    0.25                     5.0E10                   2700                     6599.983164961694        3810.502056937632        2502.294445801098
1.96019                  0.857672                 9.3                      0.10752688172043011      5.175900859848623E-13    5.126851160581757E-13    0.25                     5.0E10                   2700                     6599.983164961694        3810.502056937632        2502.294445801098
1.96019                  0.857672                 9.4                      0.10638297872340426      5.184392800518005E-13    5.133780567754745E-13    0.25                     5.0E10                   2700                     6599.983164961694        3810.502056937632        2502.294445801098
1.96019                  0.857672                 9.5                      0.10526315789473685      5.192510178502412E-13    5.1404144854757E-13      0.25                     5.0E10                   2700                     6599.983164961694        3810.502056937632        2502.294445801098
1.96019                  0.857672                 9.6                      0.10416666666666667      5.200271321534368E-13    5.146767212064605E-13    0.25                     5.0E10                   2700                     6599.983164961694        3810.502056937632        2502.294445801098
1.96019                  0.857672                 9.700000000000001        0.1030927835051546       5.207693723997875E-13    5.152852405905284E-13    0.25                     5.0E10                   2700                     6599.983164961694        3810.502056937632        2502.294445801098
1.96019                  0.857672                 9.8                      0.10204081632653059      5.214794068501481E-13    5.158683100342114E-13    0.25                     5.0E10                   2700                     6599.983164961694        3810.502056937632        2502.294445801098
1.96019                  0.857672                 9.9                      0.101010101010101        5.221588248065881E-13    5.16427171983956E-13     0.25                     5.0E10                   2700                     6599.983164961694        3810.502056937632        2502.294445801098
1.96019                  0.857672                 10                       0.1                      5.227488864994166E-13    5.169012336710061E-13    0.25                     5.0E10                   2700                     6599.983164961694        3810.502056937632        2502.294445801098
