1.39921                  0.619464                 0.1                      10                       5.331463935603121E-13    5.331453347006726E-13    0.25                     5.0E10                   2700                     5576.159570488954        3219.3972290661054       2502.294445801098
1.39921                  0.619464                 0.2                      5                        5.33527789970948E-13     5.331492283131739E-13    0.25                     5.0E10                   2700                     5576.159570488954        3219.3972290661054       2502.294445801098
1.39921                  0.619464                 0.30000000000000004      3.3333333333333326       5.355930086527881E-13    5.363734602717548E-13    0.25                     5.0E10                   2700                     5576.159570488954        3219.3972290661054       2502.294445801098
1.39921                  0.619464                 0.4                      2.5                      5.321378624691639E-13    5.346372110991089E-13    0.25                     5.0E10                   2700                     5576.159570488954        3219.3972290661054       2502.294445801098
1.39921                  0.619464                 0.5                      2                        5.437145970890439E-13    5.3915494219577E-13      0.25                     5.0E10                   2700                     5576.159570488954        3219.3972290661054       2502.294445801098
1.39921                  0.619464                 0.6                      1.6666666666666667       5.62817650352773E-13     5.479944378200253E-13    0.25                     5.0E10                   2700                     5576.159570488954        3219.3972290661054       2502.294445801098
1.39921                  0.619464                 0.7000000000000001       1.4285714285714284       5.815859322981916E-13    5.532380733129858E-13    0.25                     5.0E10                   2700                     5576.159570488954        3219.3972290661054       2502.294445801098
1.39921                  0.619464                 0.8                      1.25                     6.076888913528492E-13    5.585691472367159E-13    0.25                     5.0E10                   2700                     5576.159570488954        3219.3972290661054       2502.294445801098
1.39921                  0.619464                 0.9                      1.1111111111111112       6.297315529819654E-13    5.642029016135437E-13    0.25                     5.0E10                   2700                     5576.159570488954        3219.3972290661054       2502.294445801098
1.39921                  0.619464                 1                        1                        6.553404764017665E-13    5.711513104028505E-13    0.25                     5.0E10                   2700                     5576.159570488954        3219.3972290661054       2502.294445801098
1.39921                  0.619464                 1.1                      0.909090909090909        6.661012998451192E-13    5.780056920761961E-13    0.25                     5.0E10                   2700                     5576.159570488954        3219.3972290661054       2502.294445801098
1.39921                  0.619464                 1.2000000000000002       0.8333333333333331       6.450920988710032E-13    5.556047107119137E-13    0.25                     5.0E10                   2700                     5576.159570488954        3219.3972290661054       2502.294445801098
1.39921                  0.619464                 1.3000000000000003       0.769230769230769        6.51518982506574E-13     5.570946577861019E-13    0.25                     5.0E10                   2700                     5576.159570488954        3219.3972290661054       2502.294445801098
1.39921                  0.619464                 1.4000000000000001       0.7142857142857142       6.673352501565222E-13    5.766682327855472E-13    0.25                     5.0E10                   2700                     5576.159570488954        3219.3972290661054       2502.294445801098
1.39921                  0.619464                 1.5000000000000002       0.6666666666666665       6.348984237929545E-13    5.619694826005613E-13    0.25                     5.0E10                   2700                     5576.159570488954        3219.3972290661054       2502.294445801098
1.39921                  0.619464                 1.6                      0.625                    5.904045948040461E-13    5.360762170821793E-13    0.25                     5.0E10                   2700                     5576.159570488954        3219.3972290661054       2502.294445801098
1.39921                  0.619464                 1.7000000000000002       0.588235294117647        5.686089988909606E-13    5.285314241743966E-13    0.25                     5.0E10                   2700                     5576.159570488954        3219.3972290661054       2502.294445801098
1.39921                  0.619464                 1.8000000000000003       0.5555555555555555       5.543390247593975E-13    5.275794653082527E-13    0.25                     5.0E10                   2700                     5576.159570488954        3219.3972290661054       2502.294445801098
1.39921                  0.619464                 1.9000000000000001       0.5263157894736842       5.339200759223546E-13    5.20767804392543E-13     0.25                     5.0E10                   2700                     5576.159570488954        3219.3972290661054       2502.294445801098
1.39921                  0.619464                 2                        0.5                      5.090168346655069E-13    5.086039949282437E-13    0.25                     5.0E10                   2700                     5576.159570488954        3219.3972290661054       2502.294445801098
1.39921                  0.619464                 2.1                      0.47619047619047616      4.858709313017501E-13    4.962232631222451E-13    0.25                     5.0E10                   2700                     5576.159570488954        3219.3972290661054       2502.294445801098
1.39921                  0.619464                 2.2                      0.4545454545454545       4.68360581746962E-13     4.87185812917146E-13     0.25                     5.0E10                   2700                     5576.159570488954        3219.3972290661054       2502.294445801098
1.39921                  0.619464                 2.3000000000000003       0.43478260869565216      4.578356845344827E-13    4.830115214525845E-13    0.25                     5.0E10                   2700                     5576.159570488954        3219.3972290661054       2502.294445801098
1.39921                  0.619464                 2.4000000000000004       0.4166666666666666       4.5401762136572393E-13   4.838223960059231E-13    0.25                     5.0E10                   2700                     5576.159570488954        3219.3972290661054       2502.294445801098
1.39921                  0.619464                 2.5000000000000004       0.3999999999999999       4.557357298203609E-13    4.888447030054179E-13    0.25                     5.0E10                   2700                     5576.159570488954        3219.3972290661054       2502.294445801098
1.39921                  0.619464                 2.6                      0.3846153846153846       4.612522677141161E-13    4.966813633566543E-13    0.25                     5.0E10                   2700                     5576.159570488954        3219.3972290661054       2502.294445801098
1.39921                  0.619464                 2.7                      0.37037037037037035      4.686307919188419E-13    5.056002872006045E-13    0.25                     5.0E10                   2700                     5576.159570488954        3219.3972290661054       2502.294445801098
1.39921                  0.619464                 2.8000000000000003       0.3571428571428571       4.760116689503597E-13    5.138714267264967E-13    0.25                     5.0E10                   2700                     5576.159570488954        3219.3972290661054       2502.294445801098
1.39921                  0.619464                 2.9000000000000004       0.3448275862068965       4.819253483400448E-13    5.201075820076438E-13    0.25                     5.0E10                   2700                     5576.159570488954        3219.3972290661054       2502.294445801098
1.39921                  0.619464                 3.0000000000000004       0.33333333333333326      4.854978088169161E-13    5.23502838690072E-13     0.25                     5.0E10                   2700                     5576.159570488954        3219.3972290661054       2502.294445801098
1.39921                  0.619464                 3.1                      0.32258064516129037      4.865290679202115E-13    5.239042171816037E-13    0.25                     5.0E10                   2700                     5576.159570488954        3219.3972290661054       2502.294445801098
1.39921                  0.619464                 3.2                      0.3125                   4.85173153074834E-13     5.2160308394388E-13      0.25                     5.0E10                   2700                     5576.159570488954        3219.3972290661054       2502.294445801098
1.39921                  0.619464                 3.3000000000000003       0.30303030303030304      4.821017345328032E-13    5.173266755046688E-13    0.25                     5.0E10                   2700                     5576.159570488954        3219.3972290661054       2502.294445801098
1.39921                  0.619464                 3.4000000000000004       0.2941176470588235       4.779830011826863E-13    5.118301078591578E-13    0.25                     5.0E10                   2700                     5576.159570488954        3219.3972290661054       2502.294445801098
1.39921                  0.619464                 3.5000000000000004       0.2857142857142857       4.734345692559568E-13    5.057831141870486E-13    0.25                     5.0E10                   2700                     5576.159570488954        3219.3972290661054       2502.294445801098
1.39921                  0.619464                 3.6                      0.2777777777777778       4.689491861666604E-13    4.997423473177104E-13    0.25                     5.0E10                   2700                     5576.159570488954        3219.3972290661054       2502.294445801098
1.39921                  0.619464                 3.7                      0.2702702702702703       4.648728158972044E-13    4.94094652069634E-13     0.25                     5.0E10                   2700                     5576.159570488954        3219.3972290661054       2502.294445801098
1.39921                  0.619464                 3.8000000000000003       0.2631578947368421       4.614187888629336E-13    4.890822513795346E-13    0.25                     5.0E10                   2700                     5576.159570488954        3219.3972290661054       2502.294445801098
1.39921                  0.619464                 3.9000000000000004       0.2564102564102564       4.586943111971361E-13    4.848319168219916E-13    0.25                     5.0E10                   2700                     5576.159570488954        3219.3972290661054       2502.294445801098
1.39921                  0.619464                 4                        0.25                     4.567298089491426E-13    4.813865138883672E-13    0.25                     5.0E10                   2700                     5576.159570488954        3219.3972290661054       2502.294445801098
1.39921                  0.619464                 4.1                      0.24390243902439027      4.555037218321277E-13    4.787319717275519E-13    0.25                     5.0E10                   2700                     5576.159570488954        3219.3972290661054       2502.294445801098
1.39921                  0.619464                 4.2                      0.23809523809523808      4.549622756322055E-13    4.768185842698879E-13    0.25                     5.0E10                   2700                     5576.159570488954        3219.3972290661054       2502.294445801098
1.39921                  0.619464                 4.3                      0.23255813953488372      4.550338785906733E-13    4.755765425981742E-13    0.25                     5.0E10                   2700                     5576.159570488954        3219.3972290661054       2502.294445801098
1.39921                  0.619464                 4.3999999999999995       0.22727272727272732      4.556391255851046E-13    4.749267323029706E-13    0.25                     5.0E10                   2700                     5576.159570488954        3219.3972290661054       2502.294445801098
1.39921                  0.619464                 4.5                      0.22222222222222224      4.566974470196497E-13    4.747879198141942E-13    0.25                     5.0E10                   2700                     5576.159570488954        3219.3972290661054       2502.294445801098
1.39921                  0.619464                 4.6                      0.2173913043478261       4.581313201120369E-13    4.750813194646505E-13    0.25                     5.0E10                   2700                     5576.159570488954        3219.3972290661054       2502.294445801098
1.39921                  0.619464                 4.7                      0.2127659574468085       4.598690030815473E-13    4.757335167175121E-13    0.25                     5.0E10                   2700                     5576.159570488954        3219.3972290661054       2502.294445801098
1.39921                  0.619464                 4.8                      0.20833333333333334      4.61844935143263E-13     4.766771865554134E-13    0.25                     5.0E10                   2700                     5576.159570488954        3219.3972290661054       2502.294445801098
1.39921                  0.619464                 4.9                      0.20408163265306117      4.640016421687687E-13    4.778528370314381E-13    0.25                     5.0E10                   2700                     5576.159570488954        3219.3972290661054       2502.294445801098
1.39921                  0.619464                 5                        0.2                      4.662940800593744E-13    4.792063251256585E-13    0.25                     5.0E10                   2700                     5576.159570488954        3219.3972290661054       2502.294445801098
1.39921                  0.619464                 5.1                      0.19607843137254904      4.68666730247683E-13     4.806958726595397E-13    0.25                     5.0E10                   2700                     5576.159570488954        3219.3972290661054       2502.294445801098
1.39921                  0.619464                 5.2                      0.1923076923076923       4.710900147627157E-13    4.822809673793083E-13    0.25                     5.0E10                   2700                     5576.159570488954        3219.3972290661054       2502.294445801098
1.39921                  0.619464                 5.3                      0.18867924528301888      4.735336283932548E-13    4.839292496282773E-13    0.25                     5.0E10                   2700                     5576.159570488954        3219.3972290661054       2502.294445801098
1.39921                  0.619464                 5.4                      0.18518518518518517      4.759726694304807E-13    4.856137977173893E-13    0.25                     5.0E10                   2700                     5576.159570488954        3219.3972290661054       2502.294445801098
1.39921                  0.619464                 5.5                      0.18181818181818182      4.783869940824631E-13    4.873124915893173E-13    0.25                     5.0E10                   2700                     5576.159570488954        3219.3972290661054       2502.294445801098
1.39921                  0.619464                 5.6                      0.17857142857142858      4.807605949824449E-13    4.890073985403025E-13    0.25                     5.0E10                   2700                     5576.159570488954        3219.3972290661054       2502.294445801098
1.39921                  0.619464                 5.7                      0.17543859649122806      4.830810198201883E-13    4.906841976293186E-13    0.25                     5.0E10                   2700                     5576.159570488954        3219.3972290661054       2502.294445801098
1.39921                  0.619464                 5.8                      0.1724137931034483       4.853388391691481E-13    4.923316521085049E-13    0.25                     5.0E10                   2700                     5576.159570488954        3219.3972290661054       2502.294445801098
1.39921                  0.619464                 5.9                      0.1694915254237288       4.875271676068371E-13    4.939411341805409E-13    0.25                     5.0E10                   2700                     5576.159570488954        3219.3972290661054       2502.294445801098
1.39921                  0.619464                 6                        0.16666666666666666      4.896412389532562E-13    4.955062029206936E-13    0.25                     5.0E10                   2700                     5576.159570488954        3219.3972290661054       2502.294445801098
1.39921                  0.619464                 6.1                      0.16393442622950818      4.916780339984186E-13    4.970222338829404E-13    0.25                     5.0E10                   2700                     5576.159570488954        3219.3972290661054       2502.294445801098
1.39921                  0.619464                 6.2                      0.16129032258064518      4.937837522687089E-13    4.986447530446733E-13    0.25                     5.0E10                   2700                     5576.159570488954        3219.3972290661054       2502.294445801098
1.39921                  0.619464                 6.3                      0.15873015873015872      4.956581871379183E-13    5.000495925205186E-13    0.25                     5.0E10                   2700                     5576.159570488954        3219.3972290661054       2502.294445801098
1.39921                  0.619464                 6.4                      0.15625                  4.974530866610886E-13    5.013989678646769E-13    0.25                     5.0E10                   2700                     5576.159570488954        3219.3972290661054       2502.294445801098
1.39921                  0.619464                 6.5                      0.15384615384615383      4.991701370061504E-13    5.026931762827009E-13    0.25                     5.0E10                   2700                     5576.159570488954        3219.3972290661054       2502.294445801098
1.39921                  0.619464                 6.6                      0.15151515151515152      5.008110955301237E-13    5.039327014744783E-13    0.25                     5.0E10                   2700                     5576.159570488954        3219.3972290661054       2502.294445801098
1.39921                  0.619464                 6.7                      0.1492537313432836       5.023781291084582E-13    5.051185035405275E-13    0.25                     5.0E10                   2700                     5576.159570488954        3219.3972290661054       2502.294445801098
1.39921                  0.619464                 6.8                      0.14705882352941177      5.038736993324917E-13    5.062519026738997E-13    0.25                     5.0E10                   2700                     5576.159570488954        3219.3972290661054       2502.294445801098
1.39921                  0.619464                 6.9                      0.14492753623188404      5.053004687318365E-13    5.073344835046655E-13    0.25                     5.0E10                   2700                     5576.159570488954        3219.3972290661054       2502.294445801098
1.39921                  0.619464                 7                        0.14285714285714285      5.066612249150585E-13    5.083680170294541E-13    0.25                     5.0E10                   2700                     5576.159570488954        3219.3972290661054       2502.294445801098
1.39921                  0.619464                 7.1                      0.14084507042253522      5.07958819800144E-13     5.093543974487911E-13    0.25                     5.0E10                   2700                     5576.159570488954        3219.3972290661054       2502.294445801098
1.39921                  0.619464                 7.2                      0.1388888888888889       5.091961215763674E-13    5.102955915470691E-13    0.25                     5.0E10                   2700                     5576.159570488954        3219.3972290661054       2502.294445801098
1.39921                  0.619464                 7.3                      0.13698630136986303      5.103759771596326E-13    5.111935985173146E-13    0.25                     5.0E10                   2700                     5576.159570488954        3219.3972290661054       2502.294445801098
1.39921                  0.619464                 7.4                      0.13513513513513514      5.115011834823948E-13    5.12050418527192E-13     0.25                     5.0E10                   2700                     5576.159570488954        3219.3972290661054       2502.294445801098
1.39921                  0.619464                 7.5                      0.13333333333333333      5.125744658668145E-13    5.128680284205619E-13    0.25                     5.0E10                   2700                     5576.159570488954        3219.3972290661054       2502.294445801098
1.39921                  0.619464                 7.6                      0.13157894736842105      5.135984623326297E-13    5.136483633498585E-13    0.25                     5.0E10                   2700                     5576.159570488954        3219.3972290661054       2502.294445801098
1.39921                  0.619464                 7.7                      0.12987012987012989      5.145757126016153E-13    5.143933031694062E-13    0.25                     5.0E10                   2700                     5576.159570488954        3219.3972290661054       2502.294445801098
1.39921                  0.619464                 7.8                      0.12820512820512822      5.155086509103844E-13    5.151046627313192E-13    0.25                     5.0E10                   2700                     5576.159570488954        3219.3972290661054       2502.294445801098
1.39921                  0.619464                 7.9                      0.12658227848101267      5.163996018742782E-13    5.157841852919723E-13    0.25                     5.0E10                   2700                     5576.159570488954        3219.3972290661054       2502.294445801098
1.39921                  0.619464                 8                        0.125                    5.17250778687577E-13     5.164335383982044E-13    0.25                     5.0E10                   2700                     5576.159570488954        3219.3972290661054       2502.294445801098
1.39921                  0.619464                 8.1                      0.1234567901234568       5.180642832442679E-13    5.170543117481064E-13    0.25                     5.0E10                   2700                     5576.159570488954        3219.3972290661054       2502.294445801098
1.39921                  0.619464                 8.2                      0.12195121951219513      5.188421075777095E-13    5.176480165486573E-13    0.25                     5.0E10                   2700                     5576.159570488954        3219.3972290661054       2502.294445801098
1.39921                  0.619464                 8.3                      0.12048192771084336      5.19586136457648E-13     5.182160860809889E-13    0.25                     5.0E10                   2700                     5576.159570488954        3219.3972290661054       2502.294445801098
1.39921                  0.619464                 8.4                      0.11904761904761904      5.202981507074989E-13    5.18759877139089E-13     0.25                     5.0E10                   2700                     5576.159570488954        3219.3972290661054       2502.294445801098
1.39921                  0.619464                 8.5                      0.11764705882352941      5.209798310680493E-13    5.192806721103572E-13    0.25                     5.0E10                   2700                     5576.159570488954        3219.3972290661054       2502.294445801098
1.39921                  0.619464                 8.6                      0.11627906976744186      5.216327624550801E-13    5.197796815626427E-13    0.25                     5.0E10                   2700                     5576.159570488954        3219.3972290661054       2502.294445801098
1.39921                  0.619464                 8.7                      0.11494252873563218      5.222584384184919E-13    5.202580471273862E-13    0.25                     5.0E10                   2700                     5576.159570488954        3219.3972290661054       2502.294445801098
1.39921                  0.619464                 8.8                      0.11363636363636362      5.228582656776604E-13    5.207168445829903E-13    0.25                     5.0E10                   2700                     5576.159570488954        3219.3972290661054       2502.294445801098
1.39921                  0.619464                 8.9                      0.11235955056179775      5.234335687297833E-13    5.211570870725539E-13    0.25                     5.0E10                   2700                     5576.159570488954        3219.3972290661054       2502.294445801098
1.39921                  0.619464                 9                        0.11111111111111112      5.23985594373233E-13     5.215797283507957E-13    0.25                     5.0E10                   2700                     5576.159570488954        3219.3972290661054       2502.294445801098
1.39921                  0.619464                 9.1                      0.1098901098901099       5.245155161204313E-13    5.219856660052283E-13    0.25                     5.0E10                   2700                     5576.159570488954        3219.3972290661054       2502.294445801098
1.39921                  0.619464                 9.2                      0.10869565217391305      5.250244384980412E-13    5.223757446355105E-13    0.25                     5.0E10                   2700                     5576.159570488954        3219.3972290661054       2502.294445801098
1.39921                  0.619464                 9.3                      0.10752688172043011      5.255134011894162E-13    5.227507589523578E-13    0.25                     5.0E10                   2700                     5576.159570488954        3219.3972290661054       2502.294445801098
1.39921                  0.619464                 9.4                      0.10638297872340426      5.259850985608171E-13    5.231130429546848E-13    0.25                     5.0E10                   2700                     5576.159570488954        3219.3972290661054       2502.294445801098
1.39921                  0.619464                 9.5                      0.10526315789473685      5.264370610949673E-13    5.234601678061245E-13    0.25                     5.0E10                   2700                     5576.159570488954        3219.3972290661054       2502.294445801098
1.39921                  0.619464                 9.6                      0.10416666666666667      5.268718324564E-13       5.237943423699914E-13    0.25                     5.0E10                   2700                     5576.159570488954        3219.3972290661054       2502.294445801098
1.39921                  0.619464                 9.700000000000001        0.1030927835051546       5.272902305130214E-13    5.241161903120095E-13    0.25                     5.0E10                   2700                     5576.159570488954        3219.3972290661054       2502.294445801098
1.39921                  0.619464                 9.8                      0.10204081632653059      5.276930261315849E-13    5.244262990134954E-13    0.25                     5.0E10                   2700                     5576.159570488954        3219.3972290661054       2502.294445801098
1.39921                  0.619464                 9.9                      0.101010101010101        5.280809461061515E-13    5.247252218514037E-13    0.25                     5.0E10                   2700                     5576.159570488954        3219.3972290661054       2502.294445801098
1.39921                  0.619464                 10                       0.1                      5.283976805714569E-13    5.249431834621317E-13    0.25                     5.0E10                   2700                     5576.159570488954        3219.3972290661054       2502.294445801098
