0.880035                 0.592173                 0.1                      10                       5.33146501386984E-13     5.33147836203726E-13     0.25                     5.0E10                   2700                     4422.254327074974        2553.1897261617237       2502.294445801098
0.880035                 0.592173                 0.2                      5                        5.33487237615654E-13     5.331568109722768E-13    0.25                     5.0E10                   2700                     4422.254327074974        2553.1897261617237       2502.294445801098
0.880035                 0.592173                 0.30000000000000004      3.3333333333333326       5.371696030430474E-13    5.359559436846322E-13    0.25                     5.0E10                   2700                     4422.254327074974        2553.1897261617237       2502.294445801098
0.880035                 0.592173                 0.4                      2.5                      5.331357176847725E-13    5.310323931702129E-13    0.25                     5.0E10                   2700                     4422.254327074974        2553.1897261617237       2502.294445801098
0.880035                 0.592173                 0.5                      2                        5.284231401258061E-13    5.277630152205E-13       0.25                     5.0E10                   2700                     4422.254327074974        2553.1897261617237       2502.294445801098
0.880035                 0.592173                 0.6                      1.6666666666666667       5.234518409504513E-13    5.253247031016601E-13    0.25                     5.0E10                   2700                     4422.254327074974        2553.1897261617237       2502.294445801098
0.880035                 0.592173                 0.7000000000000001       1.4285714285714284       5.167283298374237E-13    5.239230536602891E-13    0.25                     5.0E10                   2700                     4422.254327074974        2553.1897261617237       2502.294445801098
0.880035                 0.592173                 0.8                      1.25                     5.019604570724851E-13    5.158140777641752E-13    0.25                     5.0E10                   2700                     4422.254327074974        2553.1897261617237       2502.294445801098
0.880035                 0.592173                 0.9                      1.1111111111111112       4.934215775901085E-13    5.168391893126833E-13    0.25                     5.0E10                   2700                     4422.254327074974        2553.1897261617237       2502.294445801098
0.880035                 0.592173                 1                        1                        4.908055165285259E-13    5.167263826746582E-13    0.25                     5.0E10                   2700                     4422.254327074974        2553.1897261617237       2502.294445801098
0.880035                 0.592173                 1.1                      0.909090909090909        4.858578981855099E-13    5.17231267691492E-13     0.25                     5.0E10                   2700                     4422.254327074974        2553.1897261617237       2502.294445801098
0.880035                 0.592173                 1.2000000000000002       0.8333333333333331       4.921602640907312E-13    5.263279911096185E-13    0.25                     5.0E10                   2700                     4422.254327074974        2553.1897261617237       2502.294445801098
0.880035                 0.592173                 1.3000000000000003       0.769230769230769        4.958959397402256E-13    5.286524957551644E-13    0.25                     5.0E10                   2700                     4422.254327074974        2553.1897261617237       2502.294445801098
0.880035                 0.592173                 1.4000000000000001       0.7142857142857142       4.891658896608753E-13    5.196366813842697E-13    0.25                     5.0E10                   2700                     4422.254327074974        2553.1897261617237       2502.294445801098
0.880035                 0.592173                 1.5000000000000002       0.6666666666666665       4.933737001379124E-13    5.218464977908197E-13    0.25                     5.0E10                   2700                     4422.254327074974        2553.1897261617237       2502.294445801098
0.880035                 0.592173                 1.6                      0.625                    5.042084820807495E-13    5.295270104414896E-13    0.25                     5.0E10                   2700                     4422.254327074974        2553.1897261617237       2502.294445801098
0.880035                 0.592173                 1.7000000000000002       0.588235294117647        5.20086401819525E-13     5.406245586438945E-13    0.25                     5.0E10                   2700                     4422.254327074974        2553.1897261617237       2502.294445801098
0.880035                 0.592173                 1.8000000000000003       0.5555555555555555       5.303644749107571E-13    5.448358888170993E-13    0.25                     5.0E10                   2700                     4422.254327074974        2553.1897261617237       2502.294445801098
0.880035                 0.592173                 1.9000000000000001       0.5263157894736842       5.327928924573263E-13    5.408656522069806E-13    0.25                     5.0E10                   2700                     4422.254327074974        2553.1897261617237       2502.294445801098
0.880035                 0.592173                 2                        0.5                      5.353843122851501E-13    5.376560954160936E-13    0.25                     5.0E10                   2700                     4422.254327074974        2553.1897261617237       2502.294445801098
0.880035                 0.592173                 2.1                      0.47619047619047616      5.424743928249987E-13    5.40021948653617E-13     0.25                     5.0E10                   2700                     4422.254327074974        2553.1897261617237       2502.294445801098
0.880035                 0.592173                 2.2                      0.4545454545454545       5.520986448848083E-13    5.460341654542356E-13    0.25                     5.0E10                   2700                     4422.254327074974        2553.1897261617237       2502.294445801098
0.880035                 0.592173                 2.3000000000000003       0.43478260869565216      5.601659462859842E-13    5.515072486541765E-13    0.25                     5.0E10                   2700                     4422.254327074974        2553.1897261617237       2502.294445801098
0.880035                 0.592173                 2.4000000000000004       0.4166666666666666       5.643658269789486E-13    5.53908146095714E-13     0.25                     5.0E10                   2700                     4422.254327074974        2553.1897261617237       2502.294445801098
0.880035                 0.592173                 2.5000000000000004       0.3999999999999999       5.649237810107156E-13    5.531828697410916E-13    0.25                     5.0E10                   2700                     4422.254327074974        2553.1897261617237       2502.294445801098
0.880035                 0.592173                 2.6                      0.3846153846153846       5.63383376104902E-13     5.50633264377129E-13     0.25                     5.0E10                   2700                     4422.254327074974        2553.1897261617237       2502.294445801098
0.880035                 0.592173                 2.7                      0.37037037037037035      5.612625827000915E-13    5.476236336922286E-13    0.25                     5.0E10                   2700                     4422.254327074974        2553.1897261617237       2502.294445801098
0.880035                 0.592173                 2.8000000000000003       0.3571428571428571       5.594731035697486E-13    5.449976934349142E-13    0.25                     5.0E10                   2700                     4422.254327074974        2553.1897261617237       2502.294445801098
0.880035                 0.592173                 2.9000000000000004       0.3448275862068965       5.583545538292925E-13    5.430805541998019E-13    0.25                     5.0E10                   2700                     4422.254327074974        2553.1897261617237       2502.294445801098
0.880035                 0.592173                 3.0000000000000004       0.33333333333333326      5.579947546948854E-13    5.419621090083681E-13    0.25                     5.0E10                   2700                     4422.254327074974        2553.1897261617237       2502.294445801098
0.880035                 0.592173                 3.1                      0.32258064516129037      5.581001092898285E-13    5.41389407319213E-13     0.25                     5.0E10                   2700                     4422.254327074974        2553.1897261617237       2502.294445801098
0.880035                 0.592173                 3.2                      0.3125                   5.586308589490152E-13    5.413272179908348E-13    0.25                     5.0E10                   2700                     4422.254327074974        2553.1897261617237       2502.294445801098
0.880035                 0.592173                 3.3000000000000003       0.30303030303030304      5.594938561162565E-13    5.416963856874885E-13    0.25                     5.0E10                   2700                     4422.254327074974        2553.1897261617237       2502.294445801098
0.880035                 0.592173                 3.4000000000000004       0.2941176470588235       5.606455019105332E-13    5.424672777537099E-13    0.25                     5.0E10                   2700                     4422.254327074974        2553.1897261617237       2502.294445801098
0.880035                 0.592173                 3.5000000000000004       0.2857142857142857       5.620132729355768E-13    5.435662385301328E-13    0.25                     5.0E10                   2700                     4422.254327074974        2553.1897261617237       2502.294445801098
0.880035                 0.592173                 3.6                      0.2777777777777778       5.635757819665659E-13    5.449816466568473E-13    0.25                     5.0E10                   2700                     4422.254327074974        2553.1897261617237       2502.294445801098
0.880035                 0.592173                 3.7                      0.2702702702702703       5.652868769855739E-13    5.46670375311161E-13     0.25                     5.0E10                   2700                     4422.254327074974        2553.1897261617237       2502.294445801098
0.880035                 0.592173                 3.8000000000000003       0.2631578947368421       5.670883122638125E-13    5.48575211793622E-13     0.25                     5.0E10                   2700                     4422.254327074974        2553.1897261617237       2502.294445801098
0.880035                 0.592173                 3.9000000000000004       0.2564102564102564       5.689122599011601E-13    5.5062698779742E-13      0.25                     5.0E10                   2700                     4422.254327074974        2553.1897261617237       2502.294445801098
0.880035                 0.592173                 4                        0.25                     5.706859899572968E-13    5.527491940836717E-13    0.25                     5.0E10                   2700                     4422.254327074974        2553.1897261617237       2502.294445801098
0.880035                 0.592173                 4.1                      0.24390243902439027      5.723378627287332E-13    5.548638914506333E-13    0.25                     5.0E10                   2700                     4422.254327074974        2553.1897261617237       2502.294445801098
0.880035                 0.592173                 4.2                      0.23809523809523808      5.738027736085733E-13    5.568972782403538E-13    0.25                     5.0E10                   2700                     4422.254327074974        2553.1897261617237       2502.294445801098
0.880035                 0.592173                 4.3                      0.23255813953488372      5.750263511713341E-13    5.587841880420006E-13    0.25                     5.0E10                   2700                     4422.254327074974        2553.1897261617237       2502.294445801098
0.880035                 0.592173                 4.3999999999999995       0.22727272727272732      5.75967601930102E-13     5.604711763032294E-13    0.25                     5.0E10                   2700                     4422.254327074974        2553.1897261617237       2502.294445801098
0.880035                 0.592173                 4.5                      0.22222222222222224      5.76600018571123E-13     5.619181596626201E-13    0.25                     5.0E10                   2700                     4422.254327074974        2553.1897261617237       2502.294445801098
0.880035                 0.592173                 4.6                      0.2173913043478261       5.769113649649563E-13    5.630987637801158E-13    0.25                     5.0E10                   2700                     4422.254327074974        2553.1897261617237       2502.294445801098
0.880035                 0.592173                 4.7                      0.2127659574468085       5.769026891984946E-13    5.63999840780749E-13     0.25                     5.0E10                   2700                     4422.254327074974        2553.1897261617237       2502.294445801098
0.880035                 0.592173                 4.8                      0.20833333333333334      5.765854868818712E-13    5.646192702591187E-13    0.25                     5.0E10                   2700                     4422.254327074974        2553.1897261617237       2502.294445801098
0.880035                 0.592173                 4.9                      0.20408163265306117      5.759808111302909E-13    5.649652217461983E-13    0.25                     5.0E10                   2700                     4422.254327074974        2553.1897261617237       2502.294445801098
0.880035                 0.592173                 5                        0.2                      5.75122909610742E-13     5.650457223568765E-13    0.25                     5.0E10                   2700                     4422.254327074974        2553.1897261617237       2502.294445801098
0.880035                 0.592173                 5.1                      0.19607843137254904      5.740256284644025E-13    5.648958389294208E-13    0.25                     5.0E10                   2700                     4422.254327074974        2553.1897261617237       2502.294445801098
0.880035                 0.592173                 5.2                      0.1923076923076923       5.727338148437101E-13    5.645342834203431E-13    0.25                     5.0E10                   2700                     4422.254327074974        2553.1897261617237       2502.294445801098
0.880035                 0.592173                 5.3                      0.18867924528301888      5.712820874340576E-13    5.639882071121276E-13    0.25                     5.0E10                   2700                     4422.254327074974        2553.1897261617237       2502.294445801098
0.880035                 0.592173                 5.4                      0.18518518518518517      5.697043023872055E-13    5.632854279808742E-13    0.25                     5.0E10                   2700                     4422.254327074974        2553.1897261617237       2502.294445801098
0.880035                 0.592173                 5.5                      0.18181818181818182      5.680325417294496E-13    5.624533298091381E-13    0.25                     5.0E10                   2700                     4422.254327074974        2553.1897261617237       2502.294445801098
0.880035                 0.592173                 5.6                      0.17857142857142858      5.662964118947752E-13    5.615180408091858E-13    0.25                     5.0E10                   2700                     4422.254327074974        2553.1897261617237       2502.294445801098
0.880035                 0.592173                 5.7                      0.17543859649122806      5.645226087127413E-13    5.605038614971396E-13    0.25                     5.0E10                   2700                     4422.254327074974        2553.1897261617237       2502.294445801098
0.880035                 0.592173                 5.8                      0.1724137931034483       5.62734700253393E-13     5.594329039151173E-13    0.25                     5.0E10                   2700                     4422.254327074974        2553.1897261617237       2502.294445801098
0.880035                 0.592173                 5.9                      0.1694915254237288       5.609530796505238E-13    5.58324902390738E-13     0.25                     5.0E10                   2700                     4422.254327074974        2553.1897261617237       2502.294445801098
0.880035                 0.592173                 6                        0.16666666666666666      5.592807646847849E-13    5.572772761353814E-13    0.25                     5.0E10                   2700                     4422.254327074974        2553.1897261617237       2502.294445801098
0.880035                 0.592173                 6.1                      0.16393442622950818      5.575570833009327E-13    5.561407625357131E-13    0.25                     5.0E10                   2700                     4422.254327074974        2553.1897261617237       2502.294445801098
0.880035                 0.592173                 6.2                      0.16129032258064518      5.558839034529728E-13    5.550131852638541E-13    0.25                     5.0E10                   2700                     4422.254327074974        2553.1897261617237       2502.294445801098
0.880035                 0.592173                 6.3                      0.15873015873015872      5.542692370663459E-13    5.539037907037002E-13    0.25                     5.0E10                   2700                     4422.254327074974        2553.1897261617237       2502.294445801098
0.880035                 0.592173                 6.4                      0.15625                  5.527205590532568E-13    5.528215871667853E-13    0.25                     5.0E10                   2700                     4422.254327074974        2553.1897261617237       2502.294445801098
0.880035                 0.592173                 6.5                      0.15384615384615383      5.512429361610258E-13    5.517733316367785E-13    0.25                     5.0E10                   2700                     4422.254327074974        2553.1897261617237       2502.294445801098
0.880035                 0.592173                 6.6                      0.15151515151515152      5.498398059740026E-13    5.507642684849004E-13    0.25                     5.0E10                   2700                     4422.254327074974        2553.1897261617237       2502.294445801098
0.880035                 0.592173                 6.7                      0.1492537313432836       5.485132148928073E-13    5.497983193472533E-13    0.25                     5.0E10                   2700                     4422.254327074974        2553.1897261617237       2502.294445801098
0.880035                 0.592173                 6.8                      0.14705882352941177      5.472640367978215E-13    5.488782627824262E-13    0.25                     5.0E10                   2700                     4422.254327074974        2553.1897261617237       2502.294445801098
0.880035                 0.592173                 6.9                      0.14492753623188404      5.460921706291207E-13    5.480059007198326E-13    0.25                     5.0E10                   2700                     4422.254327074974        2553.1897261617237       2502.294445801098
0.880035                 0.592173                 7                        0.14285714285714285      5.449967164427945E-13    5.471822100759959E-13    0.25                     5.0E10                   2700                     4422.254327074974        2553.1897261617237       2502.294445801098
0.880035                 0.592173                 7.1                      0.14084507042253522      5.439761303101783E-13    5.464074789393878E-13    0.25                     5.0E10                   2700                     4422.254327074974        2553.1897261617237       2502.294445801098
0.880035                 0.592173                 7.2                      0.1388888888888889       5.430283592880161E-13    5.456814274998272E-13    0.25                     5.0E10                   2700                     4422.254327074974        2553.1897261617237       2502.294445801098
0.880035                 0.592173                 7.3                      0.13698630136986303      5.421509577330871E-13    5.45003314281737E-13     0.25                     5.0E10                   2700                     4422.254327074974        2553.1897261617237       2502.294445801098
0.880035                 0.592173                 7.4                      0.13513513513513514      5.413411867897803E-13    5.443720286812923E-13    0.25                     5.0E10                   2700                     4422.254327074974        2553.1897261617237       2502.294445801098
0.880035                 0.592173                 7.5                      0.13333333333333333      5.40596098593914E-13     5.43786170841388E-13     0.25                     5.0E10                   2700                     4422.254327074974        2553.1897261617237       2502.294445801098
0.880035                 0.592173                 7.6                      0.13157894736842105      5.399126070331525E-13    5.432441201104069E-13    0.25                     5.0E10                   2700                     4422.254327074974        2553.1897261617237       2502.294445801098
0.880035                 0.592173                 7.7                      0.12987012987012989      5.392875466128242E-13    5.427440932295553E-13    0.25                     5.0E10                   2700                     4422.254327074974        2553.1897261617237       2502.294445801098
0.880035                 0.592173                 7.8                      0.12820512820512822      5.387177209489133E-13    5.422841934258497E-13    0.25                     5.0E10                   2700                     4422.254327074974        2553.1897261617237       2502.294445801098
0.880035                 0.592173                 7.9                      0.12658227848101267      5.381999423276071E-13    5.418624515047202E-13    0.25                     5.0E10                   2700                     4422.254327074974        2553.1897261617237       2502.294445801098
0.880035                 0.592173                 8                        0.125                    5.377310634899358E-13    5.414768599404886E-13    0.25                     5.0E10                   2700                     4422.254327074974        2553.1897261617237       2502.294445801098
0.880035                 0.592173                 8.1                      0.1234567901234568       5.373080029642956E-13    5.411254009536263E-13    0.25                     5.0E10                   2700                     4422.254327074974        2553.1897261617237       2502.294445801098
0.880035                 0.592173                 8.2                      0.12195121951219513      5.369277646176444E-13    5.408060692703633E-13    0.25                     5.0E10                   2700                     4422.254327074974        2553.1897261617237       2502.294445801098
0.880035                 0.592173                 8.3                      0.12048192771084336      5.365874526487959E-13    5.40516890480596E-13     0.25                     5.0E10                   2700                     4422.254327074974        2553.1897261617237       2502.294445801098
0.880035                 0.592173                 8.4                      0.11904761904761904      5.362842825207948E-13    5.402559355153926E-13    0.25                     5.0E10                   2700                     4422.254327074974        2553.1897261617237       2502.294445801098
0.880035                 0.592173                 8.5                      0.11764705882352941      5.360155886229659E-13    5.400213318943701E-13    0.25                     5.0E10                   2700                     4422.254327074974        2553.1897261617237       2502.294445801098
0.880035                 0.592173                 8.6                      0.11627906976744186      5.35778829194267E-13     5.398112722303367E-13    0.25                     5.0E10                   2700                     4422.254327074974        2553.1897261617237       2502.294445801098
0.880035                 0.592173                 8.7                      0.11494252873563218      5.35571588991359E-13     5.396240204327581E-13    0.25                     5.0E10                   2700                     4422.254327074974        2553.1897261617237       2502.294445801098
0.880035                 0.592173                 8.8                      0.11363636363636362      5.35391580087603E-13     5.394579159632552E-13    0.25                     5.0E10                   2700                     4422.254327074974        2553.1897261617237       2502.294445801098
0.880035                 0.592173                 8.9                      0.11235955056179775      5.352366412548394E-13    5.393113765341656E-13    0.25                     5.0E10                   2700                     4422.254327074974        2553.1897261617237       2502.294445801098
0.880035                 0.592173                 9                        0.11111111111111112      5.351047361228774E-13    5.391828994808206E-13    0.25                     5.0E10                   2700                     4422.254327074974        2553.1897261617237       2502.294445801098
0.880035                 0.592173                 9.1                      0.1098901098901099       5.349939503886951E-13    5.390710620388596E-13    0.25                     5.0E10                   2700                     4422.254327074974        2553.1897261617237       2502.294445801098
0.880035                 0.592173                 9.2                      0.10869565217391305      5.349024883487826E-13    5.389745207852819E-13    0.25                     5.0E10                   2700                     4422.254327074974        2553.1897261617237       2502.294445801098
0.880035                 0.592173                 9.3                      0.10752688172043011      5.34830339670867E-13     5.388937253688308E-13    0.25                     5.0E10                   2700                     4422.254327074974        2553.1897261617237       2502.294445801098
0.880035                 0.592173                 9.4                      0.10638297872340426      5.347726277936731E-13    5.388240964462333E-13    0.25                     5.0E10                   2700                     4422.254327074974        2553.1897261617237       2502.294445801098
0.880035                 0.592173                 9.5                      0.10526315789473685      5.347295221273964E-13    5.387661944453845E-13    0.25                     5.0E10                   2700                     4422.254327074974        2553.1897261617237       2502.294445801098
0.880035                 0.592173                 9.6                      0.10416666666666667      5.346996578600274E-13    5.387189758585444E-13    0.25                     5.0E10                   2700                     4422.254327074974        2553.1897261617237       2502.294445801098
0.880035                 0.592173                 9.700000000000001        0.1030927835051546       5.346817658618148E-13    5.38681465894451E-13     0.25                     5.0E10                   2700                     4422.254327074974        2553.1897261617237       2502.294445801098
0.880035                 0.592173                 9.8                      0.10204081632653059      5.346746677920683E-13    5.386527555797949E-13    0.25                     5.0E10                   2700                     4422.254327074974        2553.1897261617237       2502.294445801098
0.880035                 0.592173                 9.9                      0.101010101010101        5.346772711095295E-13    5.38631998691152E-13     0.25                     5.0E10                   2700                     4422.254327074974        2553.1897261617237       2502.294445801098
0.880035                 0.592173                 10                       0.1                      5.346274317828122E-13    5.38537658523811E-13     0.25                     5.0E10                   2700                     4422.254327074974        2553.1897261617237       2502.294445801098
