1.81879                  0.764587                 0.1                      10                       5.331228087447211E-13    5.331352262802419E-13    0.25                     5.0E10                   2700                     6357.480283536517        3670.4929530675468       2502.294445801098
1.81879                  0.764587                 0.2                      5                        5.33525759699891E-13     5.331847721292408E-13    0.25                     5.0E10                   2700                     6357.480283536517        3670.4929530675468       2502.294445801098
1.81879                  0.764587                 0.30000000000000004      3.3333333333333326       5.368207626229734E-13    5.363362444626118E-13    0.25                     5.0E10                   2700                     6357.480283536517        3670.4929530675468       2502.294445801098
1.81879                  0.764587                 0.4                      2.5                      5.30989876486859E-13     5.340154790104183E-13    0.25                     5.0E10                   2700                     6357.480283536517        3670.4929530675468       2502.294445801098
1.81879                  0.764587                 0.5                      2                        5.317094311600808E-13    5.36549890315085E-13     0.25                     5.0E10                   2700                     6357.480283536517        3670.4929530675468       2502.294445801098
1.81879                  0.764587                 0.6                      1.6666666666666667       5.453244979921182E-13    5.447207321319854E-13    0.25                     5.0E10                   2700                     6357.480283536517        3670.4929530675468       2502.294445801098
1.81879                  0.764587                 0.7000000000000001       1.4285714285714284       5.639716545238292E-13    5.502236844783655E-13    0.25                     5.0E10                   2700                     6357.480283536517        3670.4929530675468       2502.294445801098
1.81879                  0.764587                 0.8                      1.25                     5.943605061011295E-13    5.56283158869207E-13     0.25                     5.0E10                   2700                     6357.480283536517        3670.4929530675468       2502.294445801098
1.81879                  0.764587                 0.9                      1.1111111111111112       6.197571840758243E-13    5.617866561207684E-13    0.25                     5.0E10                   2700                     6357.480283536517        3670.4929530675468       2502.294445801098
1.81879                  0.764587                 1                        1                        6.60270453078085E-13     5.755616572320668E-13    0.25                     5.0E10                   2700                     6357.480283536517        3670.4929530675468       2502.294445801098
1.81879                  0.764587                 1.1                      0.909090909090909        6.893532011559874E-13    5.89322423346201E-13     0.25                     5.0E10                   2700                     6357.480283536517        3670.4929530675468       2502.294445801098
1.81879                  0.764587                 1.2000000000000002       0.8333333333333331       6.921501741734133E-13    5.754144116019909E-13    0.25                     5.0E10                   2700                     6357.480283536517        3670.4929530675468       2502.294445801098
1.81879                  0.764587                 1.3000000000000003       0.769230769230769        7.209881255798837E-13    5.812845360521553E-13    0.25                     5.0E10                   2700                     6357.480283536517        3670.4929530675468       2502.294445801098
1.81879                  0.764587                 1.4000000000000001       0.7142857142857142       7.597172125398574E-13    6.047974105779301E-13    0.25                     5.0E10                   2700                     6357.480283536517        3670.4929530675468       2502.294445801098
1.81879                  0.764587                 1.5000000000000002       0.6666666666666665       7.449896121542231E-13    5.961939649334541E-13    0.25                     5.0E10                   2700                     6357.480283536517        3670.4929530675468       2502.294445801098
1.81879                  0.764587                 1.6                      0.625                    6.987819475854586E-13    5.674705419670408E-13    0.25                     5.0E10                   2700                     6357.480283536517        3670.4929530675468       2502.294445801098
1.81879                  0.764587                 1.7000000000000002       0.588235294117647        6.668622671884673E-13    5.539126173943399E-13    0.25                     5.0E10                   2700                     6357.480283536517        3670.4929530675468       2502.294445801098
1.81879                  0.764587                 1.8000000000000003       0.5555555555555555       6.42051947092122E-13     5.50969010825994E-13     0.25                     5.0E10                   2700                     6357.480283536517        3670.4929530675468       2502.294445801098
1.81879                  0.764587                 1.9000000000000001       0.5263157894736842       6.062931225935291E-13    5.420187828928691E-13    0.25                     5.0E10                   2700                     6357.480283536517        3670.4929530675468       2502.294445801098
1.81879                  0.764587                 2                        0.5                      5.585452931295221E-13    5.216732270424671E-13    0.25                     5.0E10                   2700                     6357.480283536517        3670.4929530675468       2502.294445801098
1.81879                  0.764587                 2.1                      0.47619047619047616      5.112412129017008E-13    4.973755313064673E-13    0.25                     5.0E10                   2700                     6357.480283536517        3670.4929530675468       2502.294445801098
1.81879                  0.764587                 2.2                      0.4545454545454545       4.754128235460524E-13    4.785584717523393E-13    0.25                     5.0E10                   2700                     6357.480283536517        3670.4929530675468       2502.294445801098
1.81879                  0.764587                 2.3000000000000003       0.43478260869565216      4.5454833428622633E-13   4.697033666126241E-13    0.25                     5.0E10                   2700                     6357.480283536517        3670.4929530675468       2502.294445801098
1.81879                  0.764587                 2.4000000000000004       0.4166666666666666       4.471222548547767E-13    4.708412225408549E-13    0.25                     5.0E10                   2700                     6357.480283536517        3670.4929530675468       2502.294445801098
1.81879                  0.764587                 2.5000000000000004       0.3999999999999999       4.4959991267903535E-13   4.796190240425836E-13    0.25                     5.0E10                   2700                     6357.480283536517        3670.4929530675468       2502.294445801098
1.81879                  0.764587                 2.6                      0.3846153846153846       4.580656716561763E-13    4.928650007880446E-13    0.25                     5.0E10                   2700                     6357.480283536517        3670.4929530675468       2502.294445801098
1.81879                  0.764587                 2.7                      0.37037037037037035      4.68100954375235E-13     5.064753908505289E-13    0.25                     5.0E10                   2700                     6357.480283536517        3670.4929530675468       2502.294445801098
1.81879                  0.764587                 2.8000000000000003       0.3571428571428571       4.766672257895189E-13    5.175626970951025E-13    0.25                     5.0E10                   2700                     6357.480283536517        3670.4929530675468       2502.294445801098
1.81879                  0.764587                 2.9000000000000004       0.3448275862068965       4.816314366577926E-13    5.240733567062669E-13    0.25                     5.0E10                   2700                     6357.480283536517        3670.4929530675468       2502.294445801098
1.81879                  0.764587                 3.0000000000000004       0.33333333333333326      4.821946456808082E-13    5.253035311233171E-13    0.25                     5.0E10                   2700                     6357.480283536517        3670.4929530675468       2502.294445801098
1.81879                  0.764587                 3.1                      0.32258064516129037      4.786993705001366E-13    5.217322200804483E-13    0.25                     5.0E10                   2700                     6357.480283536517        3670.4929530675468       2502.294445801098
1.81879                  0.764587                 3.2                      0.3125                   4.721761744030201E-13    5.145540126972998E-13    0.25                     5.0E10                   2700                     6357.480283536517        3670.4929530675468       2502.294445801098
1.81879                  0.764587                 3.3000000000000003       0.30303030303030304      4.638672002532912E-13    5.051753623414176E-13    0.25                     5.0E10                   2700                     6357.480283536517        3670.4929530675468       2502.294445801098
1.81879                  0.764587                 3.4000000000000004       0.2941176470588235       4.548893337362926E-13    4.948660053051016E-13    0.25                     5.0E10                   2700                     6357.480283536517        3670.4929530675468       2502.294445801098
1.81879                  0.764587                 3.5000000000000004       0.2857142857142857       4.4610693005358023E-13   4.845796550986217E-13    0.25                     5.0E10                   2700                     6357.480283536517        3670.4929530675468       2502.294445801098
1.81879                  0.764587                 3.6                      0.2777777777777778       4.380789789775429E-13    4.749672794145795E-13    0.25                     5.0E10                   2700                     6357.480283536517        3670.4929530675468       2502.294445801098
1.81879                  0.764587                 3.7                      0.2702702702702703       4.3112628890514836E-13   4.664034651122242E-13    0.25                     5.0E10                   2700                     6357.480283536517        3670.4929530675468       2502.294445801098
1.81879                  0.764587                 3.8000000000000003       0.2631578947368421       4.253907627508928E-13    4.590640565837917E-13    0.25                     5.0E10                   2700                     6357.480283536517        3670.4929530675468       2502.294445801098
1.81879                  0.764587                 3.9000000000000004       0.2564102564102564       4.208239695010924E-13    4.5291526781125007E-13   0.25                     5.0E10                   2700                     6357.480283536517        3670.4929530675468       2502.294445801098
1.81879                  0.764587                 4                        0.25                     4.1753403754646883E-13   4.480893432345708E-13    0.25                     5.0E10                   2700                     6357.480283536517        3670.4929530675468       2502.294445801098
1.81879                  0.764587                 4.1                      0.24390243902439027      4.1533968160792903E-13   4.4440159047330093E-13   0.25                     5.0E10                   2700                     6357.480283536517        3670.4929530675468       2502.294445801098
1.81879                  0.764587                 4.2                      0.23809523809523808      4.1412931709664916E-13   4.417424317729971E-13    0.25                     5.0E10                   2700                     6357.480283536517        3670.4929530675468       2502.294445801098
1.81879                  0.764587                 4.3                      0.23255813953488372      4.1378582973696985E-13   4.3999468001402263E-13   0.25                     5.0E10                   2700                     6357.480283536517        3670.4929530675468       2502.294445801098
1.81879                  0.764587                 4.3999999999999995       0.22727272727272732      4.141939625450277E-13    4.390420784848789E-13    0.25                     5.0E10                   2700                     6357.480283536517        3670.4929530675468       2502.294445801098
1.81879                  0.764587                 4.5                      0.22222222222222224      4.152448346875749E-13    4.3877434379778053E-13   0.25                     5.0E10                   2700                     6357.480283536517        3670.4929530675468       2502.294445801098
1.81879                  0.764587                 4.6                      0.2173913043478261       4.168381608311161E-13    4.3908971646950136E-13   0.25                     5.0E10                   2700                     6357.480283536517        3670.4929530675468       2502.294445801098
1.81879                  0.764587                 4.7                      0.2127659574468085       4.188831402196696E-13    4.3989602559428237E-13   0.25                     5.0E10                   2700                     6357.480283536517        3670.4929530675468       2502.294445801098
1.81879                  0.764587                 4.8                      0.20833333333333334      4.212985603299358E-13    4.411108713641163E-13    0.25                     5.0E10                   2700                     6357.480283536517        3670.4929530675468       2502.294445801098
1.81879                  0.764587                 4.9                      0.20408163265306117      4.2401245591060895E-13   4.426613050104684E-13    0.25                     5.0E10                   2700                     6357.480283536517        3670.4929530675468       2502.294445801098
1.81879                  0.764587                 5                        0.2                      4.269653488846823E-13    4.444855222508267E-13    0.25                     5.0E10                   2700                     6357.480283536517        3670.4929530675468       2502.294445801098
1.81879                  0.764587                 5.1                      0.19607843137254904      4.300929402858227E-13    4.465226365254527E-13    0.25                     5.0E10                   2700                     6357.480283536517        3670.4929530675468       2502.294445801098
1.81879                  0.764587                 5.2                      0.1923076923076923       4.333518961955441E-13    4.4872625831217137E-13   0.25                     5.0E10                   2700                     6357.480283536517        3670.4929530675468       2502.294445801098
1.81879                  0.764587                 5.3                      0.18867924528301888      4.367010385453502E-13    4.5105476964151976E-13   0.25                     5.0E10                   2700                     6357.480283536517        3670.4929530675468       2502.294445801098
1.81879                  0.764587                 5.4                      0.18518518518518517      4.4010481902340734E-13   4.534722578616704E-13    0.25                     5.0E10                   2700                     6357.480283536517        3670.4929530675468       2502.294445801098
1.81879                  0.764587                 5.5                      0.18181818181818182      4.435329174542942E-13    4.559480644852622E-13    0.25                     5.0E10                   2700                     6357.480283536517        3670.4929530675468       2502.294445801098
1.81879                  0.764587                 5.6                      0.17857142857142858      4.469596533072697E-13    4.584561712850728E-13    0.25                     5.0E10                   2700                     6357.480283536517        3670.4929530675468       2502.294445801098
1.81879                  0.764587                 5.7                      0.17543859649122806      4.5036344779694745E-13   4.609746422972691E-13    0.25                     5.0E10                   2700                     6357.480283536517        3670.4929530675468       2502.294445801098
1.81879                  0.764587                 5.8                      0.1724137931034483       4.537263353887872E-13    4.634851202881279E-13    0.25                     5.0E10                   2700                     6357.480283536517        3670.4929530675468       2502.294445801098
1.81879                  0.764587                 5.9                      0.1694915254237288       4.570335223538432E-13    4.65972374883477E-13     0.25                     5.0E10                   2700                     6357.480283536517        3670.4929530675468       2502.294445801098
1.81879                  0.764587                 6                        0.16666666666666666      4.602729894573702E-13    4.684238987860827E-13    0.25                     5.0E10                   2700                     6357.480283536517        3670.4929530675468       2502.294445801098
1.81879                  0.764587                 6.1                      0.16393442622950818      4.634351354388975E-13    4.70829548224001E-13     0.25                     5.0E10                   2700                     6357.480283536517        3670.4929530675468       2502.294445801098
1.81879                  0.764587                 6.2                      0.16129032258064518      4.665124582301147E-13    4.731812238338223E-13    0.25                     5.0E10                   2700                     6357.480283536517        3670.4929530675468       2502.294445801098
1.81879                  0.764587                 6.3                      0.15873015873015872      4.694992705548325E-13    4.754725881499729E-13    0.25                     5.0E10                   2700                     6357.480283536517        3670.4929530675468       2502.294445801098
1.81879                  0.764587                 6.4                      0.15625                  4.723914469985432E-13    4.776988162006994E-13    0.25                     5.0E10                   2700                     6357.480283536517        3670.4929530675468       2502.294445801098
1.81879                  0.764587                 6.5                      0.15384615384615383      4.751861996283651E-13    4.798563758579979E-13    0.25                     5.0E10                   2700                     6357.480283536517        3670.4929530675468       2502.294445801098
1.81879                  0.764587                 6.6                      0.15151515151515152      4.778818794616788E-13    4.81942834861966E-13     0.25                     5.0E10                   2700                     6357.480283536517        3670.4929530675468       2502.294445801098
1.81879                  0.764587                 6.7                      0.1492537313432836       4.80477801346799E-13     4.839566917231398E-13    0.25                     5.0E10                   2700                     6357.480283536517        3670.4929530675468       2502.294445801098
1.81879                  0.764587                 6.8                      0.14705882352941177      4.829746342676883E-13    4.858977203310507E-13    0.25                     5.0E10                   2700                     6357.480283536517        3670.4929530675468       2502.294445801098
1.81879                  0.764587                 6.9                      0.14492753623188404      4.853721199755157E-13    4.87764899081966E-13     0.25                     5.0E10                   2700                     6357.480283536517        3670.4929530675468       2502.294445801098
1.81879                  0.764587                 7                        0.14285714285714285      4.876721282233356E-13    4.895591710761607E-13    0.25                     5.0E10                   2700                     6357.480283536517        3670.4929530675468       2502.294445801098
1.81879                  0.764587                 7.1                      0.14084507042253522      4.898764680977877E-13    4.912814584235118E-13    0.25                     5.0E10                   2700                     6357.480283536517        3670.4929530675468       2502.294445801098
1.81879                  0.764587                 7.2                      0.1388888888888889       4.91987312788924E-13     4.929330439755057E-13    0.25                     5.0E10                   2700                     6357.480283536517        3670.4929530675468       2502.294445801098
1.81879                  0.764587                 7.3                      0.13698630136986303      4.940071221871585E-13    4.945154988997005E-13    0.25                     5.0E10                   2700                     6357.480283536517        3670.4929530675468       2502.294445801098
1.81879                  0.764587                 7.4                      0.13513513513513514      4.959385762612199E-13    4.960306205114964E-13    0.25                     5.0E10                   2700                     6357.480283536517        3670.4929530675468       2502.294445801098
1.81879                  0.764587                 7.5                      0.13333333333333333      4.977845178279536E-13    4.974803790445589E-13    0.25                     5.0E10                   2700                     6357.480283536517        3670.4929530675468       2502.294445801098
1.81879                  0.764587                 7.6                      0.13157894736842105      4.995479037474225E-13    4.988668723401002E-13    0.25                     5.0E10                   2700                     6357.480283536517        3670.4929530675468       2502.294445801098
1.81879                  0.764587                 7.7                      0.12987012987012989      5.014093691822427E-13    5.003627094444928E-13    0.25                     5.0E10                   2700                     6357.480283536517        3670.4929530675468       2502.294445801098
1.81879                  0.764587                 7.8                      0.12820512820512822      5.030078136842209E-13    5.016212206973895E-13    0.25                     5.0E10                   2700                     6357.480283536517        3670.4929530675468       2502.294445801098
1.81879                  0.764587                 7.9                      0.12658227848101267      5.045331548902133E-13    5.028234618936572E-13    0.25                     5.0E10                   2700                     6357.480283536517        3670.4929530675468       2502.294445801098
1.81879                  0.764587                 8                        0.125                    5.059884666212427E-13    5.039717183845098E-13    0.25                     5.0E10                   2700                     6357.480283536517        3670.4929530675468       2502.294445801098
1.81879                  0.764587                 8.1                      0.1234567901234568       5.073767834191852E-13    5.050682617386471E-13    0.25                     5.0E10                   2700                     6357.480283536517        3670.4929530675468       2502.294445801098
1.81879                  0.764587                 8.2                      0.12195121951219513      5.087010843036896E-13    5.061153344892738E-13    0.25                     5.0E10                   2700                     6357.480283536517        3670.4929530675468       2502.294445801098
1.81879                  0.764587                 8.3                      0.12048192771084336      5.099642799045806E-13    5.071151378946914E-13    0.25                     5.0E10                   2700                     6357.480283536517        3670.4929530675468       2502.294445801098
1.81879                  0.764587                 8.4                      0.11904761904761904      5.111692023570461E-13    5.080698221856483E-13    0.25                     5.0E10                   2700                     6357.480283536517        3670.4929530675468       2502.294445801098
1.81879                  0.764587                 8.5                      0.11764705882352941      5.123185975655315E-13    5.089814789794274E-13    0.25                     5.0E10                   2700                     6357.480283536517        3670.4929530675468       2502.294445801098
1.81879                  0.764587                 8.6                      0.11627906976744186      5.134151195527808E-13    5.098521355463132E-13    0.25                     5.0E10                   2700                     6357.480283536517        3670.4929530675468       2502.294445801098
1.81879                  0.764587                 8.7                      0.11494252873563218      5.144613265158266E-13    5.106837506132684E-13    0.25                     5.0E10                   2700                     6357.480283536517        3670.4929530675468       2502.294445801098
1.81879                  0.764587                 8.8                      0.11363636363636362      5.154596783435372E-13    5.114782114896329E-13    0.25                     5.0E10                   2700                     6357.480283536517        3670.4929530675468       2502.294445801098
1.81879                  0.764587                 8.9                      0.11235955056179775      5.164125353700343E-13    5.122373322931232E-13    0.25                     5.0E10                   2700                     6357.480283536517        3670.4929530675468       2502.294445801098
1.81879                  0.764587                 9                        0.11111111111111112      5.173221581437188E-13    5.129628531012207E-13    0.25                     5.0E10                   2700                     6357.480283536517        3670.4929530675468       2502.294445801098
1.81879                  0.764587                 9.1                      0.1098901098901099       5.181907080188044E-13    5.1365643984223E-13      0.25                     5.0E10                   2700                     6357.480283536517        3670.4929530675468       2502.294445801098
1.81879                  0.764587                 9.2                      0.10869565217391305      5.190202484398569E-13    5.143196848211735E-13    0.25                     5.0E10                   2700                     6357.480283536517        3670.4929530675468       2502.294445801098
1.81879                  0.764587                 9.3                      0.10752688172043011      5.198127467896983E-13    5.149541077473923E-13    0.25                     5.0E10                   2700                     6357.480283536517        3670.4929530675468       2502.294445801098
1.81879                  0.764587                 9.4                      0.10638297872340426      5.205700766559931E-13    5.15561157170798E-13     0.25                     5.0E10                   2700                     6357.480283536517        3670.4929530675468       2502.294445801098
1.81879                  0.764587                 9.5                      0.10526315789473685      5.212940204608365E-13    5.16142212222954E-13     0.25                     5.0E10                   2700                     6357.480283536517        3670.4929530675468       2502.294445801098
1.81879                  0.764587                 9.6                      0.10416666666666667      5.219862723023016E-13    5.166985846113682E-13    0.25                     5.0E10                   2700                     6357.480283536517        3670.4929530675468       2502.294445801098
1.81879                  0.764587                 9.700000000000001        0.1030927835051546       5.226484410297119E-13    5.17231520794809E-13     0.25                     5.0E10                   2700                     6357.480283536517        3670.4929530675468       2502.294445801098
1.81879                  0.764587                 9.8                      0.10204081632653059      5.23282053461542E-13     5.177422043124698E-13    0.25                     5.0E10                   2700                     6357.480283536517        3670.4929530675468       2502.294445801098
1.81879                  0.764587                 9.9                      0.101010101010101        5.23888557584243E-13     5.182317581442779E-13    0.25                     5.0E10                   2700                     6357.480283536517        3670.4929530675468       2502.294445801098
1.81879                  0.764587                 10                       0.1                      5.244102080918688E-13    5.186366545634217E-13    0.25                     5.0E10                   2700                     6357.480283536517        3670.4929530675468       2502.294445801098
