1.5962                   0.726886                 0.1                      10                       5.331364855190001E-13    5.331440038206078E-13    0.25                     5.0E10                   2700                     5955.762848797047        3438.561283982547        2502.294445801098
1.5962                   0.726886                 0.2                      5                        5.335257356635661E-13    5.331820466482523E-13    0.25                     5.0E10                   2700                     5955.762848797047        3438.561283982547        2502.294445801098
1.5962                   0.726886                 0.30000000000000004      3.3333333333333326       5.366273401827358E-13    5.363628308343543E-13    0.25                     5.0E10                   2700                     5955.762848797047        3438.561283982547        2502.294445801098
1.5962                   0.726886                 0.4                      2.5                      5.308397620716545E-13    5.34156086903045E-13     0.25                     5.0E10                   2700                     5955.762848797047        3438.561283982547        2502.294445801098
1.5962                   0.726886                 0.5                      2                        5.337094301401721E-13    5.371609880270225E-13    0.25                     5.0E10                   2700                     5955.762848797047        3438.561283982547        2502.294445801098
1.5962                   0.726886                 0.6                      1.6666666666666667       5.480714434119598E-13    5.453479167746147E-13    0.25                     5.0E10                   2700                     5955.762848797047        3438.561283982547        2502.294445801098
1.5962                   0.726886                 0.7000000000000001       1.4285714285714284       5.653092351250596E-13    5.507158179905283E-13    0.25                     5.0E10                   2700                     5955.762848797047        3438.561283982547        2502.294445801098
1.5962                   0.726886                 0.8                      1.25                     5.925229513861349E-13    5.563297744912323E-13    0.25                     5.0E10                   2700                     5955.762848797047        3438.561283982547        2502.294445801098
1.5962                   0.726886                 0.9                      1.1111111111111112       6.166067130932255E-13    5.620324742309497E-13    0.25                     5.0E10                   2700                     5955.762848797047        3438.561283982547        2502.294445801098
1.5962                   0.726886                 1                        1                        6.515352094466445E-13    5.726718137686947E-13    0.25                     5.0E10                   2700                     5955.762848797047        3438.561283982547        2502.294445801098
1.5962                   0.726886                 1.1                      0.909090909090909        6.752865270610382E-13    5.841951937140994E-13    0.25                     5.0E10                   2700                     5955.762848797047        3438.561283982547        2502.294445801098
1.5962                   0.726886                 1.2000000000000002       0.8333333333333331       6.714764888546741E-13    5.686578433511348E-13    0.25                     5.0E10                   2700                     5955.762848797047        3438.561283982547        2502.294445801098
1.5962                   0.726886                 1.3000000000000003       0.769230769230769        6.908878223044064E-13    5.719504050832247E-13    0.25                     5.0E10                   2700                     5955.762848797047        3438.561283982547        2502.294445801098
1.5962                   0.726886                 1.4000000000000001       0.7142857142857142       7.193913192264976E-13    5.929021518859463E-13    0.25                     5.0E10                   2700                     5955.762848797047        3438.561283982547        2502.294445801098
1.5962                   0.726886                 1.5000000000000002       0.6666666666666665       6.984906880259187E-13    5.826726463243256E-13    0.25                     5.0E10                   2700                     5955.762848797047        3438.561283982547        2502.294445801098
1.5962                   0.726886                 1.6                      0.625                    6.545656714659744E-13    5.559445614882854E-13    0.25                     5.0E10                   2700                     5955.762848797047        3438.561283982547        2502.294445801098
1.5962                   0.726886                 1.7000000000000002       0.588235294117647        6.284351063467643E-13    5.452578799070205E-13    0.25                     5.0E10                   2700                     5955.762848797047        3438.561283982547        2502.294445801098
1.5962                   0.726886                 1.8000000000000003       0.5555555555555555       6.09596163929486E-13     5.432641070546061E-13    0.25                     5.0E10                   2700                     5955.762848797047        3438.561283982547        2502.294445801098
1.5962                   0.726886                 1.9000000000000001       0.5263157894736842       5.824244595332731E-13    5.359467684146164E-13    0.25                     5.0E10                   2700                     5955.762848797047        3438.561283982547        2502.294445801098
1.5962                   0.726886                 2                        0.5                      5.465422666553725E-13    5.203484563741992E-13    0.25                     5.0E10                   2700                     5955.762848797047        3438.561283982547        2502.294445801098
1.5962                   0.726886                 2.1                      0.47619047619047616      5.106660870441002E-13    5.020980516473558E-13    0.25                     5.0E10                   2700                     5955.762848797047        3438.561283982547        2502.294445801098
1.5962                   0.726886                 2.2                      0.4545454545454545       4.823978534137453E-13    4.875193665902261E-13    0.25                     5.0E10                   2700                     5955.762848797047        3438.561283982547        2502.294445801098
1.5962                   0.726886                 2.3000000000000003       0.43478260869565216      4.648146205525976E-13    4.800032382305488E-13    0.25                     5.0E10                   2700                     5955.762848797047        3438.561283982547        2502.294445801098
1.5962                   0.726886                 2.4000000000000004       0.4166666666666666       4.575175919995512E-13    4.80021053022492E-13     0.25                     5.0E10                   2700                     5955.762848797047        3438.561283982547        2502.294445801098
1.5962                   0.726886                 2.5000000000000004       0.3999999999999999       4.585014489195409E-13    4.863665093777988E-13    0.25                     5.0E10                   2700                     5955.762848797047        3438.561283982547        2502.294445801098
1.5962                   0.726886                 2.6                      0.3846153846153846       4.644507701568752E-13    4.963014052155271E-13    0.25                     5.0E10                   2700                     5955.762848797047        3438.561283982547        2502.294445801098
1.5962                   0.726886                 2.7                      0.37037037037037035      4.725422489163476E-13    5.073184690547825E-13    0.25                     5.0E10                   2700                     5955.762848797047        3438.561283982547        2502.294445801098
1.5962                   0.726886                 2.8000000000000003       0.3571428571428571       4.801362714765168E-13    5.169514226606595E-13    0.25                     5.0E10                   2700                     5955.762848797047        3438.561283982547        2502.294445801098
1.5962                   0.726886                 2.9000000000000004       0.3448275862068965       4.853477345006141E-13    5.234158559841335E-13    0.25                     5.0E10                   2700                     5955.762848797047        3438.561283982547        2502.294445801098
1.5962                   0.726886                 3.0000000000000004       0.33333333333333326      4.872483476257547E-13    5.25869965009462E-13     0.25                     5.0E10                   2700                     5955.762848797047        3438.561283982547        2502.294445801098
1.5962                   0.726886                 3.1                      0.32258064516129037      4.858104365874182E-13    5.24386362396483E-13     0.25                     5.0E10                   2700                     5955.762848797047        3438.561283982547        2502.294445801098
1.5962                   0.726886                 3.2                      0.3125                   4.816393643861295E-13    5.196861037982781E-13    0.25                     5.0E10                   2700                     5955.762848797047        3438.561283982547        2502.294445801098
1.5962                   0.726886                 3.3000000000000003       0.30303030303030304      4.756343652160583E-13    5.127875597079018E-13    0.25                     5.0E10                   2700                     5955.762848797047        3438.561283982547        2502.294445801098
1.5962                   0.726886                 3.4000000000000004       0.2941176470588235       4.687044990195656E-13    5.047184950582183E-13    0.25                     5.0E10                   2700                     5955.762848797047        3438.561283982547        2502.294445801098
1.5962                   0.726886                 3.5000000000000004       0.2857142857142857       4.616196882547562E-13    4.963185485174257E-13    0.25                     5.0E10                   2700                     5955.762848797047        3438.561283982547        2502.294445801098
1.5962                   0.726886                 3.6                      0.2777777777777778       4.549321064488182E-13    4.882208727691873E-13    0.25                     5.0E10                   2700                     5955.762848797047        3438.561283982547        2502.294445801098
1.5962                   0.726886                 3.7                      0.2702702702702703       4.4892329717753727E-13   4.80750675553913E-13     0.25                     5.0E10                   2700                     5955.762848797047        3438.561283982547        2502.294445801098
1.5962                   0.726886                 3.8000000000000003       0.2631578947368421       4.4394103800037103E-13   4.743062650102551E-13    0.25                     5.0E10                   2700                     5955.762848797047        3438.561283982547        2502.294445801098
1.5962                   0.726886                 3.9000000000000004       0.2564102564102564       4.3997513193156873E-13   4.688899835983472E-13    0.25                     5.0E10                   2700                     5955.762848797047        3438.561283982547        2502.294445801098
1.5962                   0.726886                 4                        0.25                     4.3701802851095636E-13   4.645084848404296E-13    0.25                     5.0E10                   2700                     5955.762848797047        3438.561283982547        2502.294445801098
1.5962                   0.726886                 4.1                      0.24390243902439027      4.350132725205295E-13    4.611139220945567E-13    0.25                     5.0E10                   2700                     5955.762848797047        3438.561283982547        2502.294445801098
1.5962                   0.726886                 4.2                      0.23809523809523808      4.338775630745064E-13    4.586276951813773E-13    0.25                     5.0E10                   2700                     5955.762848797047        3438.561283982547        2502.294445801098
1.5962                   0.726886                 4.3                      0.23255813953488372      4.335148707607668E-13    4.569561260081314E-13    0.25                     5.0E10                   2700                     5955.762848797047        3438.561283982547        2502.294445801098
1.5962                   0.726886                 4.3999999999999995       0.22727272727272732      4.33825882386782E-13     4.560007851221781E-13    0.25                     5.0E10                   2700                     5955.762848797047        3438.561283982547        2502.294445801098
1.5962                   0.726886                 4.5                      0.22222222222222224      4.3471375514291515E-13   4.556648514004903E-13    0.25                     5.0E10                   2700                     5955.762848797047        3438.561283982547        2502.294445801098
1.5962                   0.726886                 4.6                      0.2173913043478261       4.3608744850581026E-13   4.558568272870088E-13    0.25                     5.0E10                   2700                     5955.762848797047        3438.561283982547        2502.294445801098
1.5962                   0.726886                 4.7                      0.2127659574468085       4.378634715340493E-13    4.5649252024557E-13      0.25                     5.0E10                   2700                     5955.762848797047        3438.561283982547        2502.294445801098
1.5962                   0.726886                 4.8                      0.20833333333333334      4.399666186505549E-13    4.574959150084982E-13    0.25                     5.0E10                   2700                     5955.762848797047        3438.561283982547        2502.294445801098
1.5962                   0.726886                 4.9                      0.20408163265306117      4.4233007605687286E-13   4.587993542191865E-13    0.25                     5.0E10                   2700                     5955.762848797047        3438.561283982547        2502.294445801098
1.5962                   0.726886                 5                        0.2                      4.4490042522344953E-13   4.603449140403812E-13    0.25                     5.0E10                   2700                     5955.762848797047        3438.561283982547        2502.294445801098
1.5962                   0.726886                 5.1                      0.19607843137254904      4.4761432076715E-13      4.620769405654506E-13    0.25                     5.0E10                   2700                     5955.762848797047        3438.561283982547        2502.294445801098
1.5962                   0.726886                 5.2                      0.1923076923076923       4.504344887464361E-13    4.639524157296359E-13    0.25                     5.0E10                   2700                     5955.762848797047        3438.561283982547        2502.294445801098
1.5962                   0.726886                 5.3                      0.18867924528301888      4.533233576446145E-13    4.659329579620842E-13    0.25                     5.0E10                   2700                     5955.762848797047        3438.561283982547        2502.294445801098
1.5962                   0.726886                 5.4                      0.18518518518518517      4.562490757918502E-13    4.679859099530251E-13    0.25                     5.0E10                   2700                     5955.762848797047        3438.561283982547        2502.294445801098
1.5962                   0.726886                 5.5                      0.18181818181818182      4.591848764976899E-13    4.700836955844967E-13    0.25                     5.0E10                   2700                     5955.762848797047        3438.561283982547        2502.294445801098
1.5962                   0.726886                 5.6                      0.17857142857142858      4.621084791838425E-13    4.72203214131387E-13     0.25                     5.0E10                   2700                     5955.762848797047        3438.561283982547        2502.294445801098
1.5962                   0.726886                 5.7                      0.17543859649122806      4.650015345009024E-13    4.743252802778731E-13    0.25                     5.0E10                   2700                     5955.762848797047        3438.561283982547        2502.294445801098
1.5962                   0.726886                 5.8                      0.1724137931034483       4.678491169882324E-13    4.764341136375159E-13    0.25                     5.0E10                   2700                     5955.762848797047        3438.561283982547        2502.294445801098
1.5962                   0.726886                 5.9                      0.1694915254237288       4.70639266085231E-13     4.785168784867964E-13    0.25                     5.0E10                   2700                     5955.762848797047        3438.561283982547        2502.294445801098
1.5962                   0.726886                 6                        0.16666666666666666      4.73362574420682E-13     4.805632723558264E-13    0.25                     5.0E10                   2700                     5955.762848797047        3438.561283982547        2502.294445801098
1.5962                   0.726886                 6.1                      0.16393442622950818      4.760118211022459E-13    4.825651609655211E-13    0.25                     5.0E10                   2700                     5955.762848797047        3438.561283982547        2502.294445801098
1.5962                   0.726886                 6.2                      0.16129032258064518      4.785816472400069E-13    4.845162563719331E-13    0.25                     5.0E10                   2700                     5955.762848797047        3438.561283982547        2502.294445801098
1.5962                   0.726886                 6.3                      0.15873015873015872      4.810682703148561E-13    4.864118346996026E-13    0.25                     5.0E10                   2700                     5955.762848797047        3438.561283982547        2502.294445801098
1.5962                   0.726886                 6.4                      0.15625                  4.834692341192126E-13    4.882484898757665E-13    0.25                     5.0E10                   2700                     5955.762848797047        3438.561283982547        2502.294445801098
1.5962                   0.726886                 6.5                      0.15384615384615383      4.857831907828459E-13    4.900239197158012E-13    0.25                     5.0E10                   2700                     5955.762848797047        3438.561283982547        2502.294445801098
1.5962                   0.726886                 6.6                      0.15151515151515152      4.880102152459986E-13    4.917371964832702E-13    0.25                     5.0E10                   2700                     5955.762848797047        3438.561283982547        2502.294445801098
1.5962                   0.726886                 6.7                      0.1492537313432836       4.901496597391274E-13    4.933868132950685E-13    0.25                     5.0E10                   2700                     5955.762848797047        3438.561283982547        2502.294445801098
1.5962                   0.726886                 6.8                      0.14705882352941177      4.922029391252829E-13    4.949731976547361E-13    0.25                     5.0E10                   2700                     5955.762848797047        3438.561283982547        2502.294445801098
1.5962                   0.726886                 6.9                      0.14492753623188404      4.941714902206025E-13    4.96496854001363E-13     0.25                     5.0E10                   2700                     5955.762848797047        3438.561283982547        2502.294445801098
1.5962                   0.726886                 7                        0.14285714285714285      4.96057141652871E-13     4.979586928716585E-13    0.25                     5.0E10                   2700                     5955.762848797047        3438.561283982547        2502.294445801098
1.5962                   0.726886                 7.1                      0.14084507042253522      4.978620264130141E-13    4.993599463552672E-13    0.25                     5.0E10                   2700                     5955.762848797047        3438.561283982547        2502.294445801098
1.5962                   0.726886                 7.2                      0.1388888888888889       4.995885079164944E-13    5.007020966616583E-13    0.25                     5.0E10                   2700                     5955.762848797047        3438.561283982547        2502.294445801098
1.5962                   0.726886                 7.3                      0.13698630136986303      5.014120919034504E-13    5.021524992592587E-13    0.25                     5.0E10                   2700                     5955.762848797047        3438.561283982547        2502.294445801098
1.5962                   0.726886                 7.4                      0.13513513513513514      5.029813392979629E-13    5.033741993198741E-13    0.25                     5.0E10                   2700                     5955.762848797047        3438.561283982547        2502.294445801098
1.5962                   0.726886                 7.5                      0.13333333333333333      5.044802339432431E-13    5.045423830742352E-13    0.25                     5.0E10                   2700                     5955.762848797047        3438.561283982547        2502.294445801098
1.5962                   0.726886                 7.6                      0.13157894736842105      5.059115587873886E-13    5.056590358639532E-13    0.25                     5.0E10                   2700                     5955.762848797047        3438.561283982547        2502.294445801098
1.5962                   0.726886                 7.7                      0.12987012987012989      5.072781004322491E-13    5.067261750847109E-13    0.25                     5.0E10                   2700                     5955.762848797047        3438.561283982547        2502.294445801098
1.5962                   0.726886                 7.8                      0.12820512820512822      5.085826250268252E-13    5.077458266127452E-13    0.25                     5.0E10                   2700                     5955.762848797047        3438.561283982547        2502.294445801098
1.5962                   0.726886                 7.9                      0.12658227848101267      5.098278589040729E-13    5.087200056997917E-13    0.25                     5.0E10                   2700                     5955.762848797047        3438.561283982547        2502.294445801098
1.5962                   0.726886                 8                        0.125                    5.1101647321662E-13      5.0965070166344E-13      0.25                     5.0E10                   2700                     5955.762848797047        3438.561283982547        2502.294445801098
1.5962                   0.726886                 8.1                      0.1234567901234568       5.12151072067588E-13     5.105398658097247E-13    0.25                     5.0E10                   2700                     5955.762848797047        3438.561283982547        2502.294445801098
1.5962                   0.726886                 8.2                      0.12195121951219513      5.132341833757415E-13    5.113894019961118E-13    0.25                     5.0E10                   2700                     5955.762848797047        3438.561283982547        2502.294445801098
1.5962                   0.726886                 8.3                      0.12048192771084336      5.142682522740808E-13    5.122011595175988E-13    0.25                     5.0E10                   2700                     5955.762848797047        3438.561283982547        2502.294445801098
1.5962                   0.726886                 8.4                      0.11904761904761904      5.152556364320829E-13    5.129769278368299E-13    0.25                     5.0E10                   2700                     5955.762848797047        3438.561283982547        2502.294445801098
1.5962                   0.726886                 8.5                      0.11764705882352941      5.161986030711909E-13    5.137184328919842E-13    0.25                     5.0E10                   2700                     5955.762848797047        3438.561283982547        2502.294445801098
1.5962                   0.726886                 8.6                      0.11627906976744186      5.170993273501642E-13    5.144273347094697E-13    0.25                     5.0E10                   2700                     5955.762848797047        3438.561283982547        2502.294445801098
1.5962                   0.726886                 8.7                      0.11494252873563218      5.179598918839064E-13    5.151052260790903E-13    0.25                     5.0E10                   2700                     5955.762848797047        3438.561283982547        2502.294445801098
1.5962                   0.726886                 8.8                      0.11363636363636362      5.187822871083324E-13    5.157536320584828E-13    0.25                     5.0E10                   2700                     5955.762848797047        3438.561283982547        2502.294445801098
1.5962                   0.726886                 8.9                      0.11235955056179775      5.195684124766347E-13    5.16374010236696E-13     0.25                     5.0E10                   2700                     5955.762848797047        3438.561283982547        2502.294445801098
1.5962                   0.726886                 9                        0.11111111111111112      5.203200781571709E-13    5.169677515201734E-13    0.25                     5.0E10                   2700                     5955.762848797047        3438.561283982547        2502.294445801098
1.5962                   0.726886                 9.1                      0.1098901098901099       5.210390071977848E-13    5.175361813606625E-13    0.25                     5.0E10                   2700                     5955.762848797047        3438.561283982547        2502.294445801098
1.5962                   0.726886                 9.2                      0.10869565217391305      5.217268380477527E-13    5.180805613425621E-13    0.25                     5.0E10                   2700                     5955.762848797047        3438.561283982547        2502.294445801098
1.5962                   0.726886                 9.3                      0.10752688172043011      5.223851273331512E-13    5.186020910250878E-13    0.25                     5.0E10                   2700                     5955.762848797047        3438.561283982547        2502.294445801098
1.5962                   0.726886                 9.4                      0.10638297872340426      5.230153527902044E-13    5.191019099716571E-13    0.25                     5.0E10                   2700                     5955.762848797047        3438.561283982547        2502.294445801098
1.5962                   0.726886                 9.5                      0.10526315789473685      5.236189163347024E-13    5.195810999129515E-13    0.25                     5.0E10                   2700                     5955.762848797047        3438.561283982547        2502.294445801098
1.5962                   0.726886                 9.6                      0.10416666666666667      5.24197147202924E-13     5.200406870193167E-13    0.25                     5.0E10                   2700                     5955.762848797047        3438.561283982547        2502.294445801098
1.5962                   0.726886                 9.700000000000001        0.1030927835051546       5.24751305087516E-13     5.204816441894375E-13    0.25                     5.0E10                   2700                     5955.762848797047        3438.561283982547        2502.294445801098
1.5962                   0.726886                 9.8                      0.10204081632653059      5.252825833241841E-13    5.209048933966493E-13    0.25                     5.0E10                   2700                     5955.762848797047        3438.561283982547        2502.294445801098
1.5962                   0.726886                 9.9                      0.101010101010101        5.25793744701076E-13     5.213128382564524E-13    0.25                     5.0E10                   2700                     5955.762848797047        3438.561283982547        2502.294445801098
1.5962                   0.726886                 10                       0.1                      5.262206639591284E-13    5.216350827609678E-13    0.25                     5.0E10                   2700                     5955.762848797047        3438.561283982547        2502.294445801098
