1.70566                  0.199018                 0.1                      10                       5.34278180922623E-13     5.333294421166395E-13    0.25                     5.0E10                   2700                     6156.586355729573        3554.5067897696467       2502.294445801098
1.70566                  0.199018                 0.2                      5                        5.967323828524557E-13    5.411885950121301E-13    0.25                     5.0E10                   2700                     6156.586355729573        3554.5067897696467       2502.294445801098
1.70566                  0.199018                 0.30000000000000004      3.3333333333333326       7.415990267192899E-13    5.812694449784698E-13    0.25                     5.0E10                   2700                     6156.586355729573        3554.5067897696467       2502.294445801098
1.70566                  0.199018                 0.4                      2.5                      7.153190634671449E-13    5.607410964153161E-13    0.25                     5.0E10                   2700                     6156.586355729573        3554.5067897696467       2502.294445801098
1.70566                  0.199018                 0.5                      2                        7.370935705253142E-13    6.156793393282298E-13    0.25                     5.0E10                   2700                     6156.586355729573        3554.5067897696467       2502.294445801098
1.70566                  0.199018                 0.6                      1.6666666666666667       5.867658667714645E-13    5.43812554845482E-13     0.25                     5.0E10                   2700                     6156.586355729573        3554.5067897696467       2502.294445801098
1.70566                  0.199018                 0.7000000000000001       1.4285714285714284       5.014811395050981E-13    5.05643714225222E-13     0.25                     5.0E10                   2700                     6156.586355729573        3554.5067897696467       2502.294445801098
1.70566                  0.199018                 0.8                      1.25                     4.629749948847127E-13    4.772025387426829E-13    0.25                     5.0E10                   2700                     6156.586355729573        3554.5067897696467       2502.294445801098
1.70566                  0.199018                 0.9                      1.1111111111111112       4.153588470076334E-13    4.4662888807967807E-13   0.25                     5.0E10                   2700                     6156.586355729573        3554.5067897696467       2502.294445801098
1.70566                  0.199018                 1                        1                        4.641486986267995E-13    5.156865984082477E-13    0.25                     5.0E10                   2700                     6156.586355729573        3554.5067897696467       2502.294445801098
1.70566                  0.199018                 1.1                      0.909090909090909        3.749287198643942E-13    4.4213260289370017E-13   0.25                     5.0E10                   2700                     6156.586355729573        3554.5067897696467       2502.294445801098
1.70566                  0.199018                 1.2000000000000002       0.8333333333333331       3.1384733695616116E-13   3.887745004978272E-13    0.25                     5.0E10                   2700                     6156.586355729573        3554.5067897696467       2502.294445801098
1.70566                  0.199018                 1.3000000000000003       0.769230769230769        3.2571906783895004E-13   4.2328725841030333E-13   0.25                     5.0E10                   2700                     6156.586355729573        3554.5067897696467       2502.294445801098
1.70566                  0.199018                 1.4000000000000001       0.7142857142857142       3.359649703291243E-13    4.570831734992804E-13    0.25                     5.0E10                   2700                     6156.586355729573        3554.5067897696467       2502.294445801098
1.70566                  0.199018                 1.5000000000000002       0.6666666666666665       3.242039699119441E-13    4.553658739354502E-13    0.25                     5.0E10                   2700                     6156.586355729573        3554.5067897696467       2502.294445801098
1.70566                  0.199018                 1.6                      0.625                    3.0921955647481154E-13   4.41432647049136E-13     0.25                     5.0E10                   2700                     6156.586355729573        3554.5067897696467       2502.294445801098
1.70566                  0.199018                 1.7000000000000002       0.588235294117647        2.950780284833293E-13    4.233992510035263E-13    0.25                     5.0E10                   2700                     6156.586355729573        3554.5067897696467       2502.294445801098
1.70566                  0.199018                 1.8000000000000003       0.5555555555555555       2.828302044607243E-13    4.0487171216545103E-13   0.25                     5.0E10                   2700                     6156.586355729573        3554.5067897696467       2502.294445801098
1.70566                  0.199018                 1.9000000000000001       0.5263157894736842       2.7662738164303787E-13   3.9310620854005105E-13   0.25                     5.0E10                   2700                     6156.586355729573        3554.5067897696467       2502.294445801098
1.70566                  0.199018                 2                        0.5                      2.7815817620474495E-13   3.91150766956339E-13     0.25                     5.0E10                   2700                     6156.586355729573        3554.5067897696467       2502.294445801098
1.70566                  0.199018                 2.1                      0.47619047619047616      2.858851344541415E-13    3.97053784854284E-13     0.25                     5.0E10                   2700                     6156.586355729573        3554.5067897696467       2502.294445801098
1.70566                  0.199018                 2.2                      0.4545454545454545       2.976098644061259E-13    4.0773995161554014E-13   0.25                     5.0E10                   2700                     6156.586355729573        3554.5067897696467       2502.294445801098
1.70566                  0.199018                 2.3000000000000003       0.43478260869565216      3.115932558460117E-13    4.2076027320643703E-13   0.25                     5.0E10                   2700                     6156.586355729573        3554.5067897696467       2502.294445801098
1.70566                  0.199018                 2.4000000000000004       0.4166666666666666       3.268099272394715E-13    4.3471680310374807E-13   0.25                     5.0E10                   2700                     6156.586355729573        3554.5067897696467       2502.294445801098
1.70566                  0.199018                 2.5000000000000004       0.3999999999999999       3.4264239661542757E-13   4.488321037801011E-13    0.25                     5.0E10                   2700                     6156.586355729573        3554.5067897696467       2502.294445801098
1.70566                  0.199018                 2.6                      0.3846153846153846       3.583544337009249E-13    4.623125934945399E-13    0.25                     5.0E10                   2700                     6156.586355729573        3554.5067897696467       2502.294445801098
1.70566                  0.199018                 2.7                      0.37037037037037035      3.7318075903454633E-13   4.743255974392939E-13    0.25                     5.0E10                   2700                     6156.586355729573        3554.5067897696467       2502.294445801098
1.70566                  0.199018                 2.8000000000000003       0.3571428571428571       3.86295013518027E-13     4.840070632566853E-13    0.25                     5.0E10                   2700                     6156.586355729573        3554.5067897696467       2502.294445801098
1.70566                  0.199018                 2.9000000000000004       0.3448275862068965       3.9706030802960376E-13   4.90738415573385E-13     0.25                     5.0E10                   2700                     6156.586355729573        3554.5067897696467       2502.294445801098
1.70566                  0.199018                 3.0000000000000004       0.33333333333333326      4.05195701023239E-13     4.94328460574612E-13     0.25                     5.0E10                   2700                     6156.586355729573        3554.5067897696467       2502.294445801098
1.70566                  0.199018                 3.1                      0.32258064516129037      4.1081333583620425E-13   4.950363270873965E-13    0.25                     5.0E10                   2700                     6156.586355729573        3554.5067897696467       2502.294445801098
1.70566                  0.199018                 3.2                      0.3125                   4.143302401434308E-13    4.934506469977775E-13    0.25                     5.0E10                   2700                     6156.586355729573        3554.5067897696467       2502.294445801098
1.70566                  0.199018                 3.3000000000000003       0.30303030303030304      4.163204250325779E-13    4.903081946904501E-13    0.25                     5.0E10                   2700                     6156.586355729573        3554.5067897696467       2502.294445801098
1.70566                  0.199018                 3.4000000000000004       0.2941176470588235       4.1737933082961706E-13   4.8631523228507E-13      0.25                     5.0E10                   2700                     6156.586355729573        3554.5067897696467       2502.294445801098
1.70566                  0.199018                 3.5000000000000004       0.2857142857142857       4.180069166668008E-13    4.821047208927317E-13    0.25                     5.0E10                   2700                     6156.586355729573        3554.5067897696467       2502.294445801098
1.70566                  0.199018                 3.6                      0.2777777777777778       4.1861207753599647E-13   4.781241897502912E-13    0.25                     5.0E10                   2700                     6156.586355729573        3554.5067897696467       2502.294445801098
1.70566                  0.199018                 3.7                      0.2702702702702703       4.1946605761763396E-13   4.746720104430391E-13    0.25                     5.0E10                   2700                     6156.586355729573        3554.5067897696467       2502.294445801098
1.70566                  0.199018                 3.8000000000000003       0.2631578947368421       4.20730028553803E-13     4.719160038839512E-13    0.25                     5.0E10                   2700                     6156.586355729573        3554.5067897696467       2502.294445801098
1.70566                  0.199018                 3.9000000000000004       0.2564102564102564       4.2248022185247554E-13   4.699259623046286E-13    0.25                     5.0E10                   2700                     6156.586355729573        3554.5067897696467       2502.294445801098
1.70566                  0.199018                 4                        0.25                     4.2473032764952795E-13   4.687018507074873E-13    0.25                     5.0E10                   2700                     6156.586355729573        3554.5067897696467       2502.294445801098
1.70566                  0.199018                 4.1                      0.24390243902439027      4.2745191476765785E-13   4.681981090121893E-13    0.25                     5.0E10                   2700                     6156.586355729573        3554.5067897696467       2502.294445801098
1.70566                  0.199018                 4.2                      0.23809523809523808      4.3059026845192305E-13   4.683419407299505E-13    0.25                     5.0E10                   2700                     6156.586355729573        3554.5067897696467       2502.294445801098
1.70566                  0.199018                 4.3                      0.23255813953488372      4.340761834799231E-13    4.690465091279546E-13    0.25                     5.0E10                   2700                     6156.586355729573        3554.5067897696467       2502.294445801098
1.70566                  0.199018                 4.3999999999999995       0.22727272727272732      4.378344092142467E-13    4.702200868239873E-13    0.25                     5.0E10                   2700                     6156.586355729573        3554.5067897696467       2502.294445801098
1.70566                  0.199018                 4.5                      0.22222222222222224      4.417894954642992E-13    4.717721714513907E-13    0.25                     5.0E10                   2700                     6156.586355729573        3554.5067897696467       2502.294445801098
1.70566                  0.199018                 4.6                      0.2173913043478261       4.4586968874227273E-13   4.736174009042466E-13    0.25                     5.0E10                   2700                     6156.586355729573        3554.5067897696467       2502.294445801098
1.70566                  0.199018                 4.7                      0.2127659574468085       4.500093923222359E-13    4.756779025817196E-13    0.25                     5.0E10                   2700                     6156.586355729573        3554.5067897696467       2502.294445801098
1.70566                  0.199018                 4.8                      0.20833333333333334      4.5415057848941266E-13   4.778845404952242E-13    0.25                     5.0E10                   2700                     6156.586355729573        3554.5067897696467       2502.294445801098
1.70566                  0.199018                 4.9                      0.20408163265306117      4.582440260408792E-13    4.801778913641217E-13    0.25                     5.0E10                   2700                     6156.586355729573        3554.5067897696467       2502.294445801098
1.70566                  0.199018                 5                        0.2                      4.622486791727333E-13    4.825038885009939E-13    0.25                     5.0E10                   2700                     6156.586355729573        3554.5067897696467       2502.294445801098
1.70566                  0.199018                 5.1                      0.19607843137254904      4.661241909774015E-13    4.84823942140491E-13     0.25                     5.0E10                   2700                     6156.586355729573        3554.5067897696467       2502.294445801098
1.70566                  0.199018                 5.2                      0.1923076923076923       4.698504908706578E-13    4.871029155806877E-13    0.25                     5.0E10                   2700                     6156.586355729573        3554.5067897696467       2502.294445801098
1.70566                  0.199018                 5.3                      0.18867924528301888      4.734087793219767E-13    4.893145664612634E-13    0.25                     5.0E10                   2700                     6156.586355729573        3554.5067897696467       2502.294445801098
1.70566                  0.199018                 5.4                      0.18518518518518517      4.767862561473802E-13    4.914390936077962E-13    0.25                     5.0E10                   2700                     6156.586355729573        3554.5067897696467       2502.294445801098
1.70566                  0.199018                 5.5                      0.18181818181818182      4.799753079311926E-13    4.934622818262634E-13    0.25                     5.0E10                   2700                     6156.586355729573        3554.5067897696467       2502.294445801098
1.70566                  0.199018                 5.6                      0.17857142857142858      4.82972704941482E-13     4.953746698748135E-13    0.25                     5.0E10                   2700                     6156.586355729573        3554.5067897696467       2502.294445801098
1.70566                  0.199018                 5.7                      0.17543859649122806      4.857788364821929E-13    4.97170766489282E-13     0.25                     5.0E10                   2700                     6156.586355729573        3554.5067897696467       2502.294445801098
1.70566                  0.199018                 5.8                      0.1724137931034483       4.883970041378635E-13    4.988483305629106E-13    0.25                     5.0E10                   2700                     6156.586355729573        3554.5067897696467       2502.294445801098
1.70566                  0.199018                 5.9                      0.1694915254237288       4.908327847342141E-13    5.004077246698026E-13    0.25                     5.0E10                   2700                     6156.586355729573        3554.5067897696467       2502.294445801098
1.70566                  0.199018                 6                        0.16666666666666666      4.930934688260978E-13    5.018513457376854E-13    0.25                     5.0E10                   2700                     6156.586355729573        3554.5067897696467       2502.294445801098
1.70566                  0.199018                 6.1                      0.16393442622950818      4.951875757218718E-13    5.031831325925588E-13    0.25                     5.0E10                   2700                     6156.586355729573        3554.5067897696467       2502.294445801098
1.70566                  0.199018                 6.2                      0.16129032258064518      4.97124442849733E-13     5.044081472645155E-13    0.25                     5.0E10                   2700                     6156.586355729573        3554.5067897696467       2502.294445801098
1.70566                  0.199018                 6.3                      0.15873015873015872      4.98913884688307E-13     5.055322248657654E-13    0.25                     5.0E10                   2700                     6156.586355729573        3554.5067897696467       2502.294445801098
1.70566                  0.199018                 6.4                      0.15625                  5.005659152339196E-13    5.065616857680724E-13    0.25                     5.0E10                   2700                     6156.586355729573        3554.5067897696467       2502.294445801098
1.70566                  0.199018                 6.5                      0.15384615384615383      5.020905270084581E-13    5.075031031506008E-13    0.25                     5.0E10                   2700                     6156.586355729573        3554.5067897696467       2502.294445801098
1.70566                  0.199018                 6.6                      0.15151515151515152      5.034975194291074E-13    5.083631188567913E-13    0.25                     5.0E10                   2700                     6156.586355729573        3554.5067897696467       2502.294445801098
1.70566                  0.199018                 6.7                      0.1492537313432836       5.047963695069085E-13    5.091483007568787E-13    0.25                     5.0E10                   2700                     6156.586355729573        3554.5067897696467       2502.294445801098
1.70566                  0.199018                 6.8                      0.14705882352941177      5.059961382250536E-13    5.098650351798025E-13    0.25                     5.0E10                   2700                     6156.586355729573        3554.5067897696467       2502.294445801098
1.70566                  0.199018                 6.9                      0.14492753623188404      5.071054064180309E-13    5.105194485440298E-13    0.25                     5.0E10                   2700                     6156.586355729573        3554.5067897696467       2502.294445801098
1.70566                  0.199018                 7                        0.14285714285714285      5.08132234746547E-13     5.11117352957584E-13     0.25                     5.0E10                   2700                     6156.586355729573        3554.5067897696467       2502.294445801098
1.70566                  0.199018                 7.1                      0.14084507042253522      5.090841429121844E-13    5.116642112065916E-13    0.25                     5.0E10                   2700                     6156.586355729573        3554.5067897696467       2502.294445801098
1.70566                  0.199018                 7.2                      0.1388888888888889       5.099681040737043E-13    5.121651171970795E-13    0.25                     5.0E10                   2700                     6156.586355729573        3554.5067897696467       2502.294445801098
1.70566                  0.199018                 7.3                      0.13698630136986303      5.107924676669428E-13    5.126265105733189E-13    0.25                     5.0E10                   2700                     6156.586355729573        3554.5067897696467       2502.294445801098
1.70566                  0.199018                 7.4                      0.13513513513513514      5.115593673615878E-13    5.130493498941764E-13    0.25                     5.0E10                   2700                     6156.586355729573        3554.5067897696467       2502.294445801098
1.70566                  0.199018                 7.5                      0.13333333333333333      5.122760596891084E-13    5.134392730337835E-13    0.25                     5.0E10                   2700                     6156.586355729573        3554.5067897696467       2502.294445801098
1.70566                  0.199018                 7.6                      0.13157894736842105      5.129474669603358E-13    5.137999044187521E-13    0.25                     5.0E10                   2700                     6156.586355729573        3554.5067897696467       2502.294445801098
1.70566                  0.199018                 7.7                      0.12987012987012989      5.135780600466119E-13    5.141345333002746E-13    0.25                     5.0E10                   2700                     6156.586355729573        3554.5067897696467       2502.294445801098
1.70566                  0.199018                 7.8                      0.12820512820512822      5.141718879903432E-13    5.144461331563108E-13    0.25                     5.0E10                   2700                     6156.586355729573        3554.5067897696467       2502.294445801098
1.70566                  0.199018                 7.9                      0.12658227848101267      5.147326081576893E-13    5.147373823668719E-13    0.25                     5.0E10                   2700                     6156.586355729573        3554.5067897696467       2502.294445801098
1.70566                  0.199018                 8                        0.125                    5.152635162343139E-13    5.150106854655521E-13    0.25                     5.0E10                   2700                     6156.586355729573        3554.5067897696467       2502.294445801098
1.70566                  0.199018                 8.1                      0.1234567901234568       5.15767575538509E-13     5.152681943497736E-13    0.25                     5.0E10                   2700                     6156.586355729573        3554.5067897696467       2502.294445801098
1.70566                  0.199018                 8.2                      0.12195121951219513      5.162474451612684E-13    5.155118290494557E-13    0.25                     5.0E10                   2700                     6156.586355729573        3554.5067897696467       2502.294445801098
1.70566                  0.199018                 8.3                      0.12048192771084336      5.167055068251425E-13    5.15743297774896E-13     0.25                     5.0E10                   2700                     6156.586355729573        3554.5067897696467       2502.294445801098
1.70566                  0.199018                 8.4                      0.11904761904761904      5.171438901348991E-13    5.159641159962032E-13    0.25                     5.0E10                   2700                     6156.586355729573        3554.5067897696467       2502.294445801098
1.70566                  0.199018                 8.5                      0.11764705882352941      5.175644962432638E-13    5.16175624451256E-13     0.25                     5.0E10                   2700                     6156.586355729573        3554.5067897696467       2502.294445801098
1.70566                  0.199018                 8.6                      0.11627906976744186      5.179690198258862E-13    5.163790060039216E-13    0.25                     5.0E10                   2700                     6156.586355729573        3554.5067897696467       2502.294445801098
1.70566                  0.199018                 8.7                      0.11494252873563218      5.183589693933819E-13    5.165753012897689E-13    0.25                     5.0E10                   2700                     6156.586355729573        3554.5067897696467       2502.294445801098
1.70566                  0.199018                 8.8                      0.11363636363636362      5.187356859593339E-13    5.167654231798428E-13    0.25                     5.0E10                   2700                     6156.586355729573        3554.5067897696467       2502.294445801098
1.70566                  0.199018                 8.9                      0.11235955056179775      5.191003601742663E-13    5.169501700772465E-13    0.25                     5.0E10                   2700                     6156.586355729573        3554.5067897696467       2502.294445801098
1.70566                  0.199018                 9                        0.11111111111111112      5.194540479270967E-13    5.171302380838776E-13    0.25                     5.0E10                   2700                     6156.586355729573        3554.5067897696467       2502.294445801098
1.70566                  0.199018                 9.1                      0.1098901098901099       5.197976845643453E-13    5.173062320878458E-13    0.25                     5.0E10                   2700                     6156.586355729573        3554.5067897696467       2502.294445801098
1.70566                  0.199018                 9.2                      0.10869565217391305      5.201320977845254E-13    5.174786758470069E-13    0.25                     5.0E10                   2700                     6156.586355729573        3554.5067897696467       2502.294445801098
1.70566                  0.199018                 9.3                      0.10752688172043011      5.20458019284974E-13     5.176480211054707E-13    0.25                     5.0E10                   2700                     6156.586355729573        3554.5067897696467       2502.294445801098
1.70566                  0.199018                 9.4                      0.10638297872340426      5.207760953194627E-13    5.178146558522864E-13    0.25                     5.0E10                   2700                     6156.586355729573        3554.5067897696467       2502.294445801098
1.70566                  0.199018                 9.5                      0.10526315789473685      5.210868961900852E-13    5.179789117450082E-13    0.25                     5.0E10                   2700                     6156.586355729573        3554.5067897696467       2502.294445801098
1.70566                  0.199018                 9.6                      0.10416666666666667      5.213909247467171E-13    5.181410707837923E-13    0.25                     5.0E10                   2700                     6156.586355729573        3554.5067897696467       2502.294445801098
1.70566                  0.199018                 9.700000000000001        0.1030927835051546       5.216886240822687E-13    5.18301371309715E-13     0.25                     5.0E10                   2700                     6156.586355729573        3554.5067897696467       2502.294445801098
1.70566                  0.199018                 9.8                      0.10204081632653059      5.21980384412753E-13     5.184600133707509E-13    0.25                     5.0E10                   2700                     6156.586355729573        3554.5067897696467       2502.294445801098
1.70566                  0.199018                 9.9                      0.101010101010101        5.222665491785002E-13    5.186171635053082E-13    0.25                     5.0E10                   2700                     6156.586355729573        3554.5067897696467       2502.294445801098
1.70566                  0.199018                 10                       0.1                      5.225676996481725E-13    5.187340350063256E-13    0.25                     5.0E10                   2700                     6156.586355729573        3554.5067897696467       2502.294445801098
