1.44669                  0.749556                 0.1                      10                       5.331206651677699E-13    5.331282305432993E-13    0.25                     5.0E10                   2700                     5669.979423830978        3273.564146648454        2502.294445801098
1.44669                  0.749556                 0.2                      5                        5.335186255437055E-13    5.331789484580922E-13    0.25                     5.0E10                   2700                     5669.979423830978        3273.564146648454        2502.294445801098
1.44669                  0.749556                 0.30000000000000004      3.3333333333333326       5.367287463281579E-13    5.363618851840919E-13    0.25                     5.0E10                   2700                     5669.979423830978        3273.564146648454        2502.294445801098
1.44669                  0.749556                 0.4                      2.5                      5.314894887903089E-13    5.340361954608255E-13    0.25                     5.0E10                   2700                     5669.979423830978        3273.564146648454        2502.294445801098
1.44669                  0.749556                 0.5                      2                        5.325323403156238E-13    5.364752743703029E-13    0.25                     5.0E10                   2700                     5669.979423830978        3273.564146648454        2502.294445801098
1.44669                  0.749556                 0.6                      1.6666666666666667       5.418145306376151E-13    5.440035052545111E-13    0.25                     5.0E10                   2700                     5669.979423830978        3273.564146648454        2502.294445801098
1.44669                  0.749556                 0.7000000000000001       1.4285714285714284       5.533402935219157E-13    5.486777256475298E-13    0.25                     5.0E10                   2700                     5669.979423830978        3273.564146648454        2502.294445801098
1.44669                  0.749556                 0.8                      1.25                     5.738496644146844E-13    5.525120919815355E-13    0.25                     5.0E10                   2700                     5669.979423830978        3273.564146648454        2502.294445801098
1.44669                  0.749556                 0.9                      1.1111111111111112       5.931459458736709E-13    5.573705504098062E-13    0.25                     5.0E10                   2700                     5669.979423830978        3273.564146648454        2502.294445801098
1.44669                  0.749556                 1                        1                        6.198961393944363E-13    5.637968095324077E-13    0.25                     5.0E10                   2700                     5669.979423830978        3273.564146648454        2502.294445801098
1.44669                  0.749556                 1.1                      0.909090909090909        6.411101927990623E-13    5.746242979790447E-13    0.25                     5.0E10                   2700                     5669.979423830978        3273.564146648454        2502.294445801098
1.44669                  0.749556                 1.2000000000000002       0.8333333333333331       6.398931423899861E-13    5.632570042218943E-13    0.25                     5.0E10                   2700                     5669.979423830978        3273.564146648454        2502.294445801098
1.44669                  0.749556                 1.3000000000000003       0.769230769230769        6.543165965714525E-13    5.641190846366834E-13    0.25                     5.0E10                   2700                     5669.979423830978        3273.564146648454        2502.294445801098
1.44669                  0.749556                 1.4000000000000001       0.7142857142857142       6.779755291814154E-13    5.81181846341807E-13     0.25                     5.0E10                   2700                     5669.979423830978        3273.564146648454        2502.294445801098
1.44669                  0.749556                 1.5000000000000002       0.6666666666666665       6.660546703546583E-13    5.756187134878699E-13    0.25                     5.0E10                   2700                     5669.979423830978        3273.564146648454        2502.294445801098
1.44669                  0.749556                 1.6                      0.625                    6.346350493941382E-13    5.550192726050838E-13    0.25                     5.0E10                   2700                     5669.979423830978        3273.564146648454        2502.294445801098
1.44669                  0.749556                 1.7000000000000002       0.588235294117647        6.16762789182728E-13     5.464478210855246E-13    0.25                     5.0E10                   2700                     5669.979423830978        3273.564146648454        2502.294445801098
1.44669                  0.749556                 1.8000000000000003       0.5555555555555555       6.046061857299535E-13    5.447119641981469E-13    0.25                     5.0E10                   2700                     5669.979423830978        3273.564146648454        2502.294445801098
1.44669                  0.749556                 1.9000000000000001       0.5263157894736842       5.867233172211722E-13    5.401953386371488E-13    0.25                     5.0E10                   2700                     5669.979423830978        3273.564146648454        2502.294445801098
1.44669                  0.749556                 2                        0.5                      5.620304251231072E-13    5.306153415792638E-13    0.25                     5.0E10                   2700                     5669.979423830978        3273.564146648454        2502.294445801098
1.44669                  0.749556                 2.1                      0.47619047619047616      5.351164877052338E-13    5.183317283904338E-13    0.25                     5.0E10                   2700                     5669.979423830978        3273.564146648454        2502.294445801098
1.44669                  0.749556                 2.2                      0.4545454545454545       5.111168806786639E-13    5.068299012305548E-13    0.25                     5.0E10                   2700                     5669.979423830978        3273.564146648454        2502.294445801098
1.44669                  0.749556                 2.3000000000000003       0.43478260869565216      4.935457205971151E-13    4.99071331169548E-13     0.25                     5.0E10                   2700                     5669.979423830978        3273.564146648454        2502.294445801098
1.44669                  0.749556                 2.4000000000000004       0.4166666666666666       4.836624751161827E-13    4.965405504112728E-13    0.25                     5.0E10                   2700                     5669.979423830978        3273.564146648454        2502.294445801098
1.44669                  0.749556                 2.5000000000000004       0.3999999999999999       4.810014924076595E-13    4.992799445655941E-13    0.25                     5.0E10                   2700                     5669.979423830978        3273.564146648454        2502.294445801098
1.44669                  0.749556                 2.6                      0.3846153846153846       4.833662457668498E-13    5.056183144748423E-13    0.25                     5.0E10                   2700                     5669.979423830978        3273.564146648454        2502.294445801098
1.44669                  0.749556                 2.7                      0.37037037037037035      4.88589705927327E-13     5.137453437890505E-13    0.25                     5.0E10                   2700                     5669.979423830978        3273.564146648454        2502.294445801098
1.44669                  0.749556                 2.8000000000000003       0.3571428571428571       4.943692430471051E-13    5.215962456439715E-13    0.25                     5.0E10                   2700                     5669.979423830978        3273.564146648454        2502.294445801098
1.44669                  0.749556                 2.9000000000000004       0.3448275862068965       4.988705138644598E-13    5.274838142325033E-13    0.25                     5.0E10                   2700                     5669.979423830978        3273.564146648454        2502.294445801098
1.44669                  0.749556                 3.0000000000000004       0.33333333333333326      5.009890170227476E-13    5.304047059821147E-13    0.25                     5.0E10                   2700                     5669.979423830978        3273.564146648454        2502.294445801098
1.44669                  0.749556                 3.1                      0.32258064516129037      5.003920860299813E-13    5.301128175399413E-13    0.25                     5.0E10                   2700                     5669.979423830978        3273.564146648454        2502.294445801098
1.44669                  0.749556                 3.2                      0.3125                   4.973623507083071E-13    5.26976436239477E-13     0.25                     5.0E10                   2700                     5669.979423830978        3273.564146648454        2502.294445801098
1.44669                  0.749556                 3.3000000000000003       0.30303030303030304      4.925389084009057E-13    5.217202931650499E-13    0.25                     5.0E10                   2700                     5669.979423830978        3273.564146648454        2502.294445801098
1.44669                  0.749556                 3.4000000000000004       0.2941176470588235       4.866666129941503E-13    5.151796951362915E-13    0.25                     5.0E10                   2700                     5669.979423830978        3273.564146648454        2502.294445801098
1.44669                  0.749556                 3.5000000000000004       0.2857142857142857       4.804293933960732E-13    5.080878674127181E-13    0.25                     5.0E10                   2700                     5669.979423830978        3273.564146648454        2502.294445801098
1.44669                  0.749556                 3.6                      0.2777777777777778       4.743609430527779E-13    5.01047688745964E-13     0.25                     5.0E10                   2700                     5669.979423830978        3273.564146648454        2502.294445801098
1.44669                  0.749556                 3.7                      0.2702702702702703       4.688287549140622E-13    4.944716089290889E-13    0.25                     5.0E10                   2700                     5669.979423830978        3273.564146648454        2502.294445801098
1.44669                  0.749556                 3.8000000000000003       0.2631578947368421       4.640091013559702E-13    4.885661478052393E-13    0.25                     5.0E10                   2700                     5669.979423830978        3273.564146648454        2502.294445801098
1.44669                  0.749556                 3.9000000000000004       0.2564102564102564       4.601017106527169E-13    4.835632454756306E-13    0.25                     5.0E10                   2700                     5669.979423830978        3273.564146648454        2502.294445801098
1.44669                  0.749556                 4                        0.25                     4.570773568948021E-13    4.794446020795201E-13    0.25                     5.0E10                   2700                     5669.979423830978        3273.564146648454        2502.294445801098
1.44669                  0.749556                 4.1                      0.24390243902439027      4.549039493915205E-13    4.76189783534874E-13     0.25                     5.0E10                   2700                     5669.979423830978        3273.564146648454        2502.294445801098
1.44669                  0.749556                 4.2                      0.23809523809523808      4.5351766630314455E-13   4.737426877114261E-13    0.25                     5.0E10                   2700                     5669.979423830978        3273.564146648454        2502.294445801098
1.44669                  0.749556                 4.3                      0.23255813953488372      4.528377563352242E-13    4.720276429840017E-13    0.25                     5.0E10                   2700                     5669.979423830978        3273.564146648454        2502.294445801098
1.44669                  0.749556                 4.3999999999999995       0.22727272727272732      4.527768355727464E-13    4.709604866383992E-13    0.25                     5.0E10                   2700                     5669.979423830978        3273.564146648454        2502.294445801098
1.44669                  0.749556                 4.5                      0.22222222222222224      4.5324748786733244E-13   4.704557474519176E-13    0.25                     5.0E10                   2700                     5669.979423830978        3273.564146648454        2502.294445801098
1.44669                  0.749556                 4.6                      0.2173913043478261       4.541663048316308E-13    4.704310902691394E-13    0.25                     5.0E10                   2700                     5669.979423830978        3273.564146648454        2502.294445801098
1.44669                  0.749556                 4.7                      0.2127659574468085       4.554561761028008E-13    4.708098836180393E-13    0.25                     5.0E10                   2700                     5669.979423830978        3273.564146648454        2502.294445801098
1.44669                  0.749556                 4.8                      0.20833333333333334      4.570474154379703E-13    4.715225140666123E-13    0.25                     5.0E10                   2700                     5669.979423830978        3273.564146648454        2502.294445801098
1.44669                  0.749556                 4.9                      0.20408163265306117      4.588781317866334E-13    4.725068843089039E-13    0.25                     5.0E10                   2700                     5669.979423830978        3273.564146648454        2502.294445801098
1.44669                  0.749556                 5                        0.2                      4.609011380405497E-13    4.737107528293242E-13    0.25                     5.0E10                   2700                     5669.979423830978        3273.564146648454        2502.294445801098
1.44669                  0.749556                 5.1                      0.19607843137254904      4.630536037065444E-13    4.750812895402349E-13    0.25                     5.0E10                   2700                     5669.979423830978        3273.564146648454        2502.294445801098
1.44669                  0.749556                 5.2                      0.1923076923076923       4.65304081095768E-13     4.765804571504639E-13    0.25                     5.0E10                   2700                     5669.979423830978        3273.564146648454        2502.294445801098
1.44669                  0.749556                 5.3                      0.18867924528301888      4.676186234673875E-13    4.781735957393281E-13    0.25                     5.0E10                   2700                     5669.979423830978        3273.564146648454        2502.294445801098
1.44669                  0.749556                 5.4                      0.18518518518518517      4.699687483577127E-13    4.798314615080303E-13    0.25                     5.0E10                   2700                     5669.979423830978        3273.564146648454        2502.294445801098
1.44669                  0.749556                 5.5                      0.18181818181818182      4.723307956907836E-13    4.815295981181975E-13    0.25                     5.0E10                   2700                     5669.979423830978        3273.564146648454        2502.294445801098
1.44669                  0.749556                 5.6                      0.17857142857142858      4.746853192276196E-13    4.832477379545915E-13    0.25                     5.0E10                   2700                     5669.979423830978        3273.564146648454        2502.294445801098
1.44669                  0.749556                 5.7                      0.17543859649122806      4.770165232090483E-13    4.849692463616346E-13    0.25                     5.0E10                   2700                     5669.979423830978        3273.564146648454        2502.294445801098
1.44669                  0.749556                 5.8                      0.1724137931034483       4.793117500044297E-13    4.866806154206695E-13    0.25                     5.0E10                   2700                     5669.979423830978        3273.564146648454        2502.294445801098
1.44669                  0.749556                 5.9                      0.1694915254237288       4.815610206208923E-13    4.883710095762255E-13    0.25                     5.0E10                   2700                     5669.979423830978        3273.564146648454        2502.294445801098
1.44669                  0.749556                 6                        0.16666666666666666      4.837566272243575E-13    4.900318625345748E-13    0.25                     5.0E10                   2700                     5669.979423830978        3273.564146648454        2502.294445801098
1.44669                  0.749556                 6.1                      0.16393442622950818      4.858927750959467E-13    4.91656523091613E-13     0.25                     5.0E10                   2700                     5669.979423830978        3273.564146648454        2502.294445801098
1.44669                  0.749556                 6.2                      0.16129032258064518      4.879652706732927E-13    4.9323994656747E-13      0.25                     5.0E10                   2700                     5669.979423830978        3273.564146648454        2502.294445801098
1.44669                  0.749556                 6.3                      0.15873015873015872      4.899712515187874E-13    4.947784278085305E-13    0.25                     5.0E10                   2700                     5669.979423830978        3273.564146648454        2502.294445801098
1.44669                  0.749556                 6.4                      0.15625                  4.919089541302108E-13    4.962693716778632E-13    0.25                     5.0E10                   2700                     5669.979423830978        3273.564146648454        2502.294445801098
1.44669                  0.749556                 6.5                      0.15384615384615383      4.937775153600464E-13    4.977110968483012E-13    0.25                     5.0E10                   2700                     5669.979423830978        3273.564146648454        2502.294445801098
1.44669                  0.749556                 6.6                      0.15151515151515152      4.955768034848009E-13    4.99102668934541E-13     0.25                     5.0E10                   2700                     5669.979423830978        3273.564146648454        2502.294445801098
1.44669                  0.749556                 6.7                      0.1492537313432836       4.973077756004416E-13    5.004442178398403E-13    0.25                     5.0E10                   2700                     5669.979423830978        3273.564146648454        2502.294445801098
1.44669                  0.749556                 6.8                      0.14705882352941177      4.989703883758114E-13    5.017350132777212E-13    0.25                     5.0E10                   2700                     5669.979423830978        3273.564146648454        2502.294445801098
1.44669                  0.749556                 6.9                      0.14492753623188404      5.005664018120899E-13    5.029760310823988E-13    0.25                     5.0E10                   2700                     5669.979423830978        3273.564146648454        2502.294445801098
1.44669                  0.749556                 7                        0.14285714285714285      5.020973894798156E-13    5.041681195372626E-13    0.25                     5.0E10                   2700                     5669.979423830978        3273.564146648454        2502.294445801098
1.44669                  0.749556                 7.1                      0.14084507042253522      5.035651371061943E-13    5.053123610114742E-13    0.25                     5.0E10                   2700                     5669.979423830978        3273.564146648454        2502.294445801098
1.44669                  0.749556                 7.2                      0.1388888888888889       5.04971584527495E-13     5.064100144984231E-13    0.25                     5.0E10                   2700                     5669.979423830978        3273.564146648454        2502.294445801098
1.44669                  0.749556                 7.3                      0.13698630136986303      5.06318777870729E-13     5.07462468230195E-13     0.25                     5.0E10                   2700                     5669.979423830978        3273.564146648454        2502.294445801098
1.44669                  0.749556                 7.4                      0.13513513513513514      5.0760883047018E-13      5.084712008215448E-13    0.25                     5.0E10                   2700                     5669.979423830978        3273.564146648454        2502.294445801098
1.44669                  0.749556                 7.5                      0.13333333333333333      5.09010986349693E-13     5.095955575839017E-13    0.25                     5.0E10                   2700                     5669.979423830978        3273.564146648454        2502.294445801098
1.44669                  0.749556                 7.6                      0.13157894736842105      5.101853770613755E-13    5.105145589780661E-13    0.25                     5.0E10                   2700                     5669.979423830978        3273.564146648454        2502.294445801098
1.44669                  0.749556                 7.7                      0.12987012987012989      5.113092571018097E-13    5.113947265196454E-13    0.25                     5.0E10                   2700                     5669.979423830978        3273.564146648454        2502.294445801098
1.44669                  0.749556                 7.8                      0.12820512820512822      5.123847675641114E-13    5.122376478083246E-13    0.25                     5.0E10                   2700                     5669.979423830978        3273.564146648454        2502.294445801098
1.44669                  0.749556                 7.9                      0.12658227848101267      5.134140069267524E-13    5.130448916559273E-13    0.25                     5.0E10                   2700                     5669.979423830978        3273.564146648454        2502.294445801098
1.44669                  0.749556                 8                        0.125                    5.143990212190548E-13    5.138179977973456E-13    0.25                     5.0E10                   2700                     5669.979423830978        3273.564146648454        2502.294445801098
1.44669                  0.749556                 8.1                      0.1234567901234568       5.153417967940232E-13    5.145584690663268E-13    0.25                     5.0E10                   2700                     5669.979423830978        3273.564146648454        2502.294445801098
1.44669                  0.749556                 8.2                      0.12195121951219513      5.162442550257745E-13    5.152677655075338E-13    0.25                     5.0E10                   2700                     5669.979423830978        3273.564146648454        2502.294445801098
1.44669                  0.749556                 8.3                      0.12048192771084336      5.17108248806303E-13     5.159473001806696E-13    0.25                     5.0E10                   2700                     5669.979423830978        3273.564146648454        2502.294445801098
1.44669                  0.749556                 8.4                      0.11904761904761904      5.179355603425037E-13    5.165984362589337E-13    0.25                     5.0E10                   2700                     5669.979423830978        3273.564146648454        2502.294445801098
1.44669                  0.749556                 8.5                      0.11764705882352941      5.187279000899226E-13    5.172224852254872E-13    0.25                     5.0E10                   2700                     5669.979423830978        3273.564146648454        2502.294445801098
1.44669                  0.749556                 8.6                      0.11627906976744186      5.194869065656139E-13    5.178207059451181E-13    0.25                     5.0E10                   2700                     5669.979423830978        3273.564146648454        2502.294445801098
1.44669                  0.749556                 8.7                      0.11494252873563218      5.202141468691503E-13    5.183943044206325E-13    0.25                     5.0E10                   2700                     5669.979423830978        3273.564146648454        2502.294445801098
1.44669                  0.749556                 8.8                      0.11363636363636362      5.209111177235133E-13    5.189444340970842E-13    0.25                     5.0E10                   2700                     5669.979423830978        3273.564146648454        2502.294445801098
1.44669                  0.749556                 8.9                      0.11235955056179775      5.21579247020289E-13     5.194721966247344E-13    0.25                     5.0E10                   2700                     5669.979423830978        3273.564146648454        2502.294445801098
1.44669                  0.749556                 9                        0.11111111111111112      5.222198956044245E-13    5.199786429264907E-13    0.25                     5.0E10                   2700                     5669.979423830978        3273.564146648454        2502.294445801098
1.44669                  0.749556                 9.1                      0.1098901098901099       5.228343593544524E-13    5.204647745298501E-13    0.25                     5.0E10                   2700                     5669.979423830978        3273.564146648454        2502.294445801098
1.44669                  0.749556                 9.2                      0.10869565217391305      5.234238714007081E-13    5.209315450839783E-13    0.25                     5.0E10                   2700                     5669.979423830978        3273.564146648454        2502.294445801098
1.44669                  0.749556                 9.3                      0.10752688172043011      5.239896044750276E-13    5.213798620021723E-13    0.25                     5.0E10                   2700                     5669.979423830978        3273.564146648454        2502.294445801098
1.44669                  0.749556                 9.4                      0.10638297872340426      5.245326733270826E-13    5.218105882091497E-13    0.25                     5.0E10                   2700                     5669.979423830978        3273.564146648454        2502.294445801098
1.44669                  0.749556                 9.5                      0.10526315789473685      5.250541371446324E-13    5.222245439019052E-13    0.25                     5.0E10                   2700                     5669.979423830978        3273.564146648454        2502.294445801098
1.44669                  0.749556                 9.6                      0.10416666666666667      5.255550020253534E-13    5.226225083904302E-13    0.25                     5.0E10                   2700                     5669.979423830978        3273.564146648454        2502.294445801098
1.44669                  0.749556                 9.700000000000001        0.1030927835051546       5.260362233558548E-13    5.230052218776609E-13    0.25                     5.0E10                   2700                     5669.979423830978        3273.564146648454        2502.294445801098
1.44669                  0.749556                 9.8                      0.10204081632653059      5.264987082405996E-13    5.233733872799999E-13    0.25                     5.0E10                   2700                     5669.979423830978        3273.564146648454        2502.294445801098
1.44669                  0.749556                 9.9                      0.101010101010101        5.269433177680885E-13    5.237276719634446E-13    0.25                     5.0E10                   2700                     5669.979423830978        3273.564146648454        2502.294445801098
1.44669                  0.749556                 10                       0.1                      5.273055565647665E-13    5.239993437033152E-13    0.25                     5.0E10                   2700                     5669.979423830978        3273.564146648454        2502.294445801098
