1.19588                  0.172531                 0.1                      10                       5.360657666950863E-13    5.335264852410616E-13    0.25                     5.0E10                   2700                     5155.105344327225        2976.3014582482015       2502.294445801098
1.19588                  0.172531                 0.2                      5                        5.851502337687423E-13    5.406533007141018E-13    0.25                     5.0E10                   2700                     5155.105344327225        2976.3014582482015       2502.294445801098
1.19588                  0.172531                 0.30000000000000004      3.3333333333333326       6.279507029006499E-13    5.58051387699139E-13     0.25                     5.0E10                   2700                     5155.105344327225        2976.3014582482015       2502.294445801098
1.19588                  0.172531                 0.4                      2.5                      5.863407233655359E-13    5.437579555668789E-13    0.25                     5.0E10                   2700                     5155.105344327225        2976.3014582482015       2502.294445801098
1.19588                  0.172531                 0.5                      2                        5.683948359976813E-13    5.526910188743625E-13    0.25                     5.0E10                   2700                     5155.105344327225        2976.3014582482015       2502.294445801098
1.19588                  0.172531                 0.6                      1.6666666666666667       5.39851957794591E-13     5.394406735968607E-13    0.25                     5.0E10                   2700                     5155.105344327225        2976.3014582482015       2502.294445801098
1.19588                  0.172531                 0.7000000000000001       1.4285714285714284       5.026633252845749E-13    5.15181724515336E-13     0.25                     5.0E10                   2700                     5155.105344327225        2976.3014582482015       2502.294445801098
1.19588                  0.172531                 0.8                      1.25                     4.96875954621021E-13     5.113839582317934E-13    0.25                     5.0E10                   2700                     5155.105344327225        2976.3014582482015       2502.294445801098
1.19588                  0.172531                 0.9                      1.1111111111111112       5.091178749826625E-13    5.247007979725457E-13    0.25                     5.0E10                   2700                     5155.105344327225        2976.3014582482015       2502.294445801098
1.19588                  0.172531                 1                        1                        5.053193308031911E-13    5.203527920255031E-13    0.25                     5.0E10                   2700                     5155.105344327225        2976.3014582482015       2502.294445801098
1.19588                  0.172531                 1.1                      0.909090909090909        4.948678620501304E-13    5.195379102717299E-13    0.25                     5.0E10                   2700                     5155.105344327225        2976.3014582482015       2502.294445801098
1.19588                  0.172531                 1.2000000000000002       0.8333333333333331       4.509563194694433E-13    4.796742333951071E-13    0.25                     5.0E10                   2700                     5155.105344327225        2976.3014582482015       2502.294445801098
1.19588                  0.172531                 1.3000000000000003       0.769230769230769        4.632842608027634E-13    4.973545996519248E-13    0.25                     5.0E10                   2700                     5155.105344327225        2976.3014582482015       2502.294445801098
1.19588                  0.172531                 1.4000000000000001       0.7142857142857142       4.827220828888488E-13    5.275719552342155E-13    0.25                     5.0E10                   2700                     5155.105344327225        2976.3014582482015       2502.294445801098
1.19588                  0.172531                 1.5000000000000002       0.6666666666666665       4.618281418274826E-13    5.147219254822018E-13    0.25                     5.0E10                   2700                     5155.105344327225        2976.3014582482015       2502.294445801098
1.19588                  0.172531                 1.6                      0.625                    4.3809180303991463E-13   4.943594593706548E-13    0.25                     5.0E10                   2700                     5155.105344327225        2976.3014582482015       2502.294445801098
1.19588                  0.172531                 1.7000000000000002       0.588235294117647        4.3305977059296006E-13   4.910976243674581E-13    0.25                     5.0E10                   2700                     5155.105344327225        2976.3014582482015       2502.294445801098
1.19588                  0.172531                 1.8000000000000003       0.5555555555555555       4.3458107508223774E-13   4.932329791976165E-13    0.25                     5.0E10                   2700                     5155.105344327225        2976.3014582482015       2502.294445801098
1.19588                  0.172531                 1.9000000000000001       0.5263157894736842       4.3414886738609204E-13   4.92363791536677E-13     0.25                     5.0E10                   2700                     5155.105344327225        2976.3014582482015       2502.294445801098
1.19588                  0.172531                 2                        0.5                      4.328588281887047E-13    4.902256957812425E-13    0.25                     5.0E10                   2700                     5155.105344327225        2976.3014582482015       2502.294445801098
1.19588                  0.172531                 2.1                      0.47619047619047616      4.326006110508236E-13    4.891383763482724E-13    0.25                     5.0E10                   2700                     5155.105344327225        2976.3014582482015       2502.294445801098
1.19588                  0.172531                 2.2                      0.4545454545454545       4.3362471791976524E-13   4.892868939836072E-13    0.25                     5.0E10                   2700                     5155.105344327225        2976.3014582482015       2502.294445801098
1.19588                  0.172531                 2.3000000000000003       0.43478260869565216      4.357726162607375E-13    4.903449791915923E-13    0.25                     5.0E10                   2700                     5155.105344327225        2976.3014582482015       2502.294445801098
1.19588                  0.172531                 2.4000000000000004       0.4166666666666666       4.3926492936700937E-13   4.924573255288994E-13    0.25                     5.0E10                   2700                     5155.105344327225        2976.3014582482015       2502.294445801098
1.19588                  0.172531                 2.5000000000000004       0.3999999999999999       4.444303897288414E-13    4.95962186585461E-13     0.25                     5.0E10                   2700                     5155.105344327225        2976.3014582482015       2502.294445801098
1.19588                  0.172531                 2.6                      0.3846153846153846       4.5114650356866244E-13   5.008141867443977E-13    0.25                     5.0E10                   2700                     5155.105344327225        2976.3014582482015       2502.294445801098
1.19588                  0.172531                 2.7                      0.37037037037037035      4.588960963077908E-13    5.065287708909051E-13    0.25                     5.0E10                   2700                     5155.105344327225        2976.3014582482015       2502.294445801098
1.19588                  0.172531                 2.8000000000000003       0.3571428571428571       4.668458525761598E-13    5.122947583923359E-13    0.25                     5.0E10                   2700                     5155.105344327225        2976.3014582482015       2502.294445801098
1.19588                  0.172531                 2.9000000000000004       0.3448275862068965       4.74150501833416E-13     5.17282818112155E-13     0.25                     5.0E10                   2700                     5155.105344327225        2976.3014582482015       2502.294445801098
1.19588                  0.172531                 3.0000000000000004       0.33333333333333326      4.801825073292888E-13    5.208882450056318E-13    0.25                     5.0E10                   2700                     5155.105344327225        2976.3014582482015       2502.294445801098
1.19588                  0.172531                 3.1                      0.32258064516129037      4.846449731263892E-13    5.228489176229996E-13    0.25                     5.0E10                   2700                     5155.105344327225        2976.3014582482015       2502.294445801098
1.19588                  0.172531                 3.2                      0.3125                   4.87561639949909E-13     5.232324025526893E-13    0.25                     5.0E10                   2700                     5155.105344327225        2976.3014582482015       2502.294445801098
1.19588                  0.172531                 3.3000000000000003       0.30303030303030304      4.8918577795049E-13      5.223381521341382E-13    0.25                     5.0E10                   2700                     5155.105344327225        2976.3014582482015       2502.294445801098
1.19588                  0.172531                 3.4000000000000004       0.2941176470588235       4.899116743677178E-13    5.205815557647124E-13    0.25                     5.0E10                   2700                     5155.105344327225        2976.3014582482015       2502.294445801098
1.19588                  0.172531                 3.5000000000000004       0.2857142857142857       4.90051389468568E-13     5.18348761578499E-13     0.25                     5.0E10                   2700                     5155.105344327225        2976.3014582482015       2502.294445801098
1.19588                  0.172531                 3.6                      0.2777777777777778       4.899754844388326E-13    5.160165984302771E-13    0.25                     5.0E10                   2700                     5155.105344327225        2976.3014582482015       2502.294445801098
1.19588                  0.172531                 3.7                      0.2702702702702703       4.899320760930785E-13    5.138488246621101E-13    0.25                     5.0E10                   2700                     5155.105344327225        2976.3014582482015       2502.294445801098
1.19588                  0.172531                 3.8000000000000003       0.2631578947368421       4.900856832532612E-13    5.120182476153025E-13    0.25                     5.0E10                   2700                     5155.105344327225        2976.3014582482015       2502.294445801098
1.19588                  0.172531                 3.9000000000000004       0.2564102564102564       4.905267271640394E-13    5.106181332173362E-13    0.25                     5.0E10                   2700                     5155.105344327225        2976.3014582482015       2502.294445801098
1.19588                  0.172531                 4                        0.25                     4.912878566252707E-13    5.09680100360912E-13     0.25                     5.0E10                   2700                     5155.105344327225        2976.3014582482015       2502.294445801098
1.19588                  0.172531                 4.1                      0.24390243902439027      4.923605152248048E-13    5.091919325854201E-13    0.25                     5.0E10                   2700                     5155.105344327225        2976.3014582482015       2502.294445801098
1.19588                  0.172531                 4.2                      0.23809523809523808      4.937094667080164E-13    5.091130023079176E-13    0.25                     5.0E10                   2700                     5155.105344327225        2976.3014582482015       2502.294445801098
1.19588                  0.172531                 4.3                      0.23255813953488372      4.952843976141566E-13    5.093864925003589E-13    0.25                     5.0E10                   2700                     5155.105344327225        2976.3014582482015       2502.294445801098
1.19588                  0.172531                 4.3999999999999995       0.22727272727272732      4.970285866653297E-13    5.099484834027521E-13    0.25                     5.0E10                   2700                     5155.105344327225        2976.3014582482015       2502.294445801098
1.19588                  0.172531                 4.5                      0.22222222222222224      4.98885011294259E-13     5.107343422820384E-13    0.25                     5.0E10                   2700                     5155.105344327225        2976.3014582482015       2502.294445801098
1.19588                  0.172531                 4.6                      0.2173913043478261       5.008003758717777E-13    5.116829509783166E-13    0.25                     5.0E10                   2700                     5155.105344327225        2976.3014582482015       2502.294445801098
1.19588                  0.172531                 4.7                      0.2127659574468085       5.027275342638128E-13    5.127392772404644E-13    0.25                     5.0E10                   2700                     5155.105344327225        2976.3014582482015       2502.294445801098
1.19588                  0.172531                 4.8                      0.20833333333333334      5.046272766216698E-13    5.138562146729589E-13    0.25                     5.0E10                   2700                     5155.105344327225        2976.3014582482015       2502.294445801098
1.19588                  0.172531                 4.9                      0.20408163265306117      5.064665106658011E-13    5.14993118067979E-13     0.25                     5.0E10                   2700                     5155.105344327225        2976.3014582482015       2502.294445801098
1.19588                  0.172531                 5                        0.2                      5.0822864958672E-13      5.161196904899202E-13    0.25                     5.0E10                   2700                     5155.105344327225        2976.3014582482015       2502.294445801098
1.19588                  0.172531                 5.1                      0.19607843137254904      5.098758232824313E-13    5.172062614736219E-13    0.25                     5.0E10                   2700                     5155.105344327225        2976.3014582482015       2502.294445801098
1.19588                  0.172531                 5.2                      0.1923076923076923       5.114097920151563E-13    5.182380905593564E-13    0.25                     5.0E10                   2700                     5155.105344327225        2976.3014582482015       2502.294445801098
1.19588                  0.172531                 5.3                      0.18867924528301888      5.128246006966514E-13    5.19202930507653E-13     0.25                     5.0E10                   2700                     5155.105344327225        2976.3014582482015       2502.294445801098
1.19588                  0.172531                 5.4                      0.18518518518518517      5.141185417414669E-13    5.200932198487089E-13    0.25                     5.0E10                   2700                     5155.105344327225        2976.3014582482015       2502.294445801098
1.19588                  0.172531                 5.5                      0.18181818181818182      5.152932777699125E-13    5.209052221698094E-13    0.25                     5.0E10                   2700                     5155.105344327225        2976.3014582482015       2502.294445801098
1.19588                  0.172531                 5.6                      0.17857142857142858      5.163530423629391E-13    5.216382323572813E-13    0.25                     5.0E10                   2700                     5155.105344327225        2976.3014582482015       2502.294445801098
1.19588                  0.172531                 5.7                      0.17543859649122806      5.173039372970986E-13    5.222938696123866E-13    0.25                     5.0E10                   2700                     5155.105344327225        2976.3014582482015       2502.294445801098
1.19588                  0.172531                 5.8                      0.1724137931034483       5.181533332102192E-13    5.228754657974161E-13    0.25                     5.0E10                   2700                     5155.105344327225        2976.3014582482015       2502.294445801098
1.19588                  0.172531                 5.9                      0.1694915254237288       5.189093727724519E-13    5.233875498278516E-13    0.25                     5.0E10                   2700                     5155.105344327225        2976.3014582482015       2502.294445801098
1.19588                  0.172531                 6                        0.16666666666666666      5.195805700617064E-13    5.23835423447599E-13     0.25                     5.0E10                   2700                     5155.105344327225        2976.3014582482015       2502.294445801098
1.19588                  0.172531                 6.1                      0.16393442622950818      5.201754967665826E-13    5.242248205310133E-13    0.25                     5.0E10                   2700                     5155.105344327225        2976.3014582482015       2502.294445801098
1.19588                  0.172531                 6.2                      0.16129032258064518      5.207025443047952E-13    5.245616403252011E-13    0.25                     5.0E10                   2700                     5155.105344327225        2976.3014582482015       2502.294445801098
1.19588                  0.172531                 6.3                      0.15873015873015872      5.211697504984304E-13    5.248517443789852E-13    0.25                     5.0E10                   2700                     5155.105344327225        2976.3014582482015       2502.294445801098
1.19588                  0.172531                 6.4                      0.15625                  5.21584679863091E-13     5.251008071557711E-13    0.25                     5.0E10                   2700                     5155.105344327225        2976.3014582482015       2502.294445801098
1.19588                  0.172531                 6.5                      0.15384615384615383      5.21954347389518E-13     5.253142108640933E-13    0.25                     5.0E10                   2700                     5155.105344327225        2976.3014582482015       2502.294445801098
1.19588                  0.172531                 6.6                      0.15151515151515152      5.222851767283995E-13    5.254969759943665E-13    0.25                     5.0E10                   2700                     5155.105344327225        2976.3014582482015       2502.294445801098
1.19588                  0.172531                 6.7                      0.1492537313432836       5.225829850291152E-13    5.256537201405733E-13    0.25                     5.0E10                   2700                     5155.105344327225        2976.3014582482015       2502.294445801098
1.19588                  0.172531                 6.8                      0.14705882352941177      5.228529878032092E-13    5.25788638680125E-13     0.25                     5.0E10                   2700                     5155.105344327225        2976.3014582482015       2502.294445801098
1.19588                  0.172531                 6.9                      0.14492753623188404      5.230998182953226E-13    5.259055019745838E-13    0.25                     5.0E10                   2700                     5155.105344327225        2976.3014582482015       2502.294445801098
1.19588                  0.172531                 7                        0.14285714285714285      5.233275569844431E-13    5.260076646804717E-13    0.25                     5.0E10                   2700                     5155.105344327225        2976.3014582482015       2502.294445801098
1.19588                  0.172531                 7.1                      0.14084507042253522      5.235397676330182E-13    5.260980836219852E-13    0.25                     5.0E10                   2700                     5155.105344327225        2976.3014582482015       2502.294445801098
1.19588                  0.172531                 7.2                      0.1388888888888889       5.237415342947515E-13    5.261811635450191E-13    0.25                     5.0E10                   2700                     5155.105344327225        2976.3014582482015       2502.294445801098
1.19588                  0.172531                 7.3                      0.13698630136986303      5.239315812448405E-13    5.262555609517649E-13    0.25                     5.0E10                   2700                     5155.105344327225        2976.3014582482015       2502.294445801098
1.19588                  0.172531                 7.4                      0.13513513513513514      5.241140953187843E-13    5.263249488117276E-13    0.25                     5.0E10                   2700                     5155.105344327225        2976.3014582482015       2502.294445801098
1.19588                  0.172531                 7.5                      0.13333333333333333      5.242909816813567E-13    5.263909554418435E-13    0.25                     5.0E10                   2700                     5155.105344327225        2976.3014582482015       2502.294445801098
1.19588                  0.172531                 7.6                      0.13157894736842105      5.244638315527343E-13    5.264549494382492E-13    0.25                     5.0E10                   2700                     5155.105344327225        2976.3014582482015       2502.294445801098
1.19588                  0.172531                 7.7                      0.12987012987012989      5.246339587809441E-13    5.265180676694646E-13    0.25                     5.0E10                   2700                     5155.105344327225        2976.3014582482015       2502.294445801098
1.19588                  0.172531                 7.8                      0.12820512820512822      5.248024338098563E-13    5.265812418144947E-13    0.25                     5.0E10                   2700                     5155.105344327225        2976.3014582482015       2502.294445801098
1.19588                  0.172531                 7.9                      0.12658227848101267      5.249701148555733E-13    5.266452231095867E-13    0.25                     5.0E10                   2700                     5155.105344327225        2976.3014582482015       2502.294445801098
1.19588                  0.172531                 8                        0.125                    5.251376762793009E-13    5.267106052042435E-13    0.25                     5.0E10                   2700                     5155.105344327225        2976.3014582482015       2502.294445801098
1.19588                  0.172531                 8.1                      0.1234567901234568       5.253056342310118E-13    5.267778450450516E-13    0.25                     5.0E10                   2700                     5155.105344327225        2976.3014582482015       2502.294445801098
1.19588                  0.172531                 8.2                      0.12195121951219513      5.254743695552109E-13    5.268472817658058E-13    0.25                     5.0E10                   2700                     5155.105344327225        2976.3014582482015       2502.294445801098
1.19588                  0.172531                 8.3                      0.12048192771084336      5.256441482817894E-13    5.269191537146742E-13    0.25                     5.0E10                   2700                     5155.105344327225        2976.3014582482015       2502.294445801098
1.19588                  0.172531                 8.4                      0.11904761904761904      5.25815139706624E-13     5.269936136423713E-13    0.25                     5.0E10                   2700                     5155.105344327225        2976.3014582482015       2502.294445801098
1.19588                  0.172531                 8.5                      0.11764705882352941      5.25987432349254E-13     5.270707421914906E-13    0.25                     5.0E10                   2700                     5155.105344327225        2976.3014582482015       2502.294445801098
1.19588                  0.172531                 8.6                      0.11627906976744186      5.261610479382403E-13    5.271505598304356E-13    0.25                     5.0E10                   2700                     5155.105344327225        2976.3014582482015       2502.294445801098
1.19588                  0.172531                 8.7                      0.11494252873563218      5.263359536103089E-13    5.27233037324045E-13     0.25                     5.0E10                   2700                     5155.105344327225        2976.3014582482015       2502.294445801098
1.19588                  0.172531                 8.8                      0.11363636363636362      5.26512072451747E-13     5.273181048682327E-13    0.25                     5.0E10                   2700                     5155.105344327225        2976.3014582482015       2502.294445801098
1.19588                  0.172531                 8.9                      0.11235955056179775      5.266892926951262E-13    5.274056600850828E-13    0.25                     5.0E10                   2700                     5155.105344327225        2976.3014582482015       2502.294445801098
1.19588                  0.172531                 9                        0.11111111111111112      5.268674755327921E-13    5.274955748972129E-13    0.25                     5.0E10                   2700                     5155.105344327225        2976.3014582482015       2502.294445801098
1.19588                  0.172531                 9.1                      0.1098901098901099       5.270464618530113E-13    5.275877014718192E-13    0.25                     5.0E10                   2700                     5155.105344327225        2976.3014582482015       2502.294445801098
1.19588                  0.172531                 9.2                      0.10869565217391305      5.272260779296517E-13    5.276818772955369E-13    0.25                     5.0E10                   2700                     5155.105344327225        2976.3014582482015       2502.294445801098
1.19588                  0.172531                 9.3                      0.10752688172043011      5.274061402739544E-13    5.277779295258914E-13    0.25                     5.0E10                   2700                     5155.105344327225        2976.3014582482015       2502.294445801098
1.19588                  0.172531                 9.4                      0.10638297872340426      5.275864596645885E-13    5.278756786421392E-13    0.25                     5.0E10                   2700                     5155.105344327225        2976.3014582482015       2502.294445801098
1.19588                  0.172531                 9.5                      0.10526315789473685      5.277668445473752E-13    5.279749415473029E-13    0.25                     5.0E10                   2700                     5155.105344327225        2976.3014582482015       2502.294445801098
1.19588                  0.172531                 9.6                      0.10416666666666667      5.279471037634515E-13    5.280755341008705E-13    0.25                     5.0E10                   2700                     5155.105344327225        2976.3014582482015       2502.294445801098
1.19588                  0.172531                 9.700000000000001        0.1030927835051546       5.281270489050809E-13    5.281772733113439E-13    0.25                     5.0E10                   2700                     5155.105344327225        2976.3014582482015       2502.294445801098
1.19588                  0.172531                 9.8                      0.10204081632653059      5.283064961030104E-13    5.282799790223095E-13    0.25                     5.0E10                   2700                     5155.105344327225        2976.3014582482015       2502.294445801098
1.19588                  0.172531                 9.9                      0.101010101010101        5.284852674753813E-13    5.283834753356283E-13    0.25                     5.0E10                   2700                     5155.105344327225        2976.3014582482015       2502.294445801098
1.19588                  0.172531                 10                       0.1                      5.286786280898565E-13    5.284519685043166E-13    0.25                     5.0E10                   2700                     5155.105344327225        2976.3014582482015       2502.294445801098
