1.29926                  0.867281                 0.1                      10                       5.331450988607013E-13    5.331361744106012E-13    0.25                     5.0E10                   2700                     5373.308519380256        3102.281120103101        2502.294445801098
1.29926                  0.867281                 0.2                      5                        5.334802423339909E-13    5.331538671863911E-13    0.25                     5.0E10                   2700                     5373.308519380256        3102.281120103101        2502.294445801098
1.29926                  0.867281                 0.30000000000000004      3.3333333333333326       5.366969657587172E-13    5.363338157148937E-13    0.25                     5.0E10                   2700                     5373.308519380256        3102.281120103101        2502.294445801098
1.29926                  0.867281                 0.4                      2.5                      5.329502962786155E-13    5.335944726448288E-13    0.25                     5.0E10                   2700                     5373.308519380256        3102.281120103101        2502.294445801098
1.29926                  0.867281                 0.5                      2                        5.32125174788695E-13     5.345755293982362E-13    0.25                     5.0E10                   2700                     5373.308519380256        3102.281120103101        2502.294445801098
1.29926                  0.867281                 0.6                      1.6666666666666667       5.354506264230147E-13    5.401489084355404E-13    0.25                     5.0E10                   2700                     5373.308519380256        3102.281120103101        2502.294445801098
1.29926                  0.867281                 0.7000000000000001       1.4285714285714284       5.365945088088035E-13    5.435200684077343E-13    0.25                     5.0E10                   2700                     5373.308519380256        3102.281120103101        2502.294445801098
1.29926                  0.867281                 0.8                      1.25                     5.434992528074711E-13    5.442843620749378E-13    0.25                     5.0E10                   2700                     5373.308519380256        3102.281120103101        2502.294445801098
1.29926                  0.867281                 0.9                      1.1111111111111112       5.531619513154558E-13    5.474940780720661E-13    0.25                     5.0E10                   2700                     5373.308519380256        3102.281120103101        2502.294445801098
1.29926                  0.867281                 1                        1                        5.695492416676629E-13    5.501316110107723E-13    0.25                     5.0E10                   2700                     5373.308519380256        3102.281120103101        2502.294445801098
1.29926                  0.867281                 1.1                      0.909090909090909        5.860087648880793E-13    5.59234949884457E-13     0.25                     5.0E10                   2700                     5373.308519380256        3102.281120103101        2502.294445801098
1.29926                  0.867281                 1.2000000000000002       0.8333333333333331       5.91843068747309E-13     5.558386588834613E-13    0.25                     5.0E10                   2700                     5373.308519380256        3102.281120103101        2502.294445801098
1.29926                  0.867281                 1.3000000000000003       0.769230769230769        6.027095249041449E-13    5.544800916029847E-13    0.25                     5.0E10                   2700                     5373.308519380256        3102.281120103101        2502.294445801098
1.29926                  0.867281                 1.4000000000000001       0.7142857142857142       6.205757560956352E-13    5.648282761908979E-13    0.25                     5.0E10                   2700                     5373.308519380256        3102.281120103101        2502.294445801098
1.29926                  0.867281                 1.5000000000000002       0.6666666666666665       6.213137022623956E-13    5.6524021676695E-13      0.25                     5.0E10                   2700                     5373.308519380256        3102.281120103101        2502.294445801098
1.29926                  0.867281                 1.6                      0.625                    6.086459252308278E-13    5.546801813522068E-13    0.25                     5.0E10                   2700                     5373.308519380256        3102.281120103101        2502.294445801098
1.29926                  0.867281                 1.7000000000000002       0.588235294117647        6.040698110487093E-13    5.510015885477426E-13    0.25                     5.0E10                   2700                     5373.308519380256        3102.281120103101        2502.294445801098
1.29926                  0.867281                 1.8000000000000003       0.5555555555555555       6.016103075380575E-13    5.502076350113436E-13    0.25                     5.0E10                   2700                     5373.308519380256        3102.281120103101        2502.294445801098
1.29926                  0.867281                 1.9000000000000001       0.5263157894736842       5.943967653149768E-13    5.473543397499329E-13    0.25                     5.0E10                   2700                     5373.308519380256        3102.281120103101        2502.294445801098
1.29926                  0.867281                 2                        0.5                      5.835264768321384E-13    5.436213068404856E-13    0.25                     5.0E10                   2700                     5373.308519380256        3102.281120103101        2502.294445801098
1.29926                  0.867281                 2.1                      0.47619047619047616      5.700279901753191E-13    5.391296496090568E-13    0.25                     5.0E10                   2700                     5373.308519380256        3102.281120103101        2502.294445801098
1.29926                  0.867281                 2.2                      0.4545454545454545       5.54756760831001E-13     5.333739518442125E-13    0.25                     5.0E10                   2700                     5373.308519380256        3102.281120103101        2502.294445801098
1.29926                  0.867281                 2.3000000000000003       0.43478260869565216      5.39811457092832E-13     5.271989808612362E-13    0.25                     5.0E10                   2700                     5373.308519380256        3102.281120103101        2502.294445801098
1.29926                  0.867281                 2.4000000000000004       0.4166666666666666       5.278802326062882E-13    5.22581170984743E-13     0.25                     5.0E10                   2700                     5373.308519380256        3102.281120103101        2502.294445801098
1.29926                  0.867281                 2.5000000000000004       0.3999999999999999       5.205370490865916E-13    5.209517329668779E-13    0.25                     5.0E10                   2700                     5373.308519380256        3102.281120103101        2502.294445801098
1.29926                  0.867281                 2.6                      0.3846153846153846       5.177699789234406E-13    5.225247424485659E-13    0.25                     5.0E10                   2700                     5373.308519380256        3102.281120103101        2502.294445801098
1.29926                  0.867281                 2.7                      0.37037037037037035      5.184291228594436E-13    5.264365801018205E-13    0.25                     5.0E10                   2700                     5373.308519380256        3102.281120103101        2502.294445801098
1.29926                  0.867281                 2.8000000000000003       0.3571428571428571       5.208322876936954E-13    5.312714563007844E-13    0.25                     5.0E10                   2700                     5373.308519380256        3102.281120103101        2502.294445801098
1.29926                  0.867281                 2.9000000000000004       0.3448275862068965       5.234602533775159E-13    5.356958684737609E-13    0.25                     5.0E10                   2700                     5373.308519380256        3102.281120103101        2502.294445801098
1.29926                  0.867281                 3.0000000000000004       0.33333333333333326      5.24808796461329E-13     5.383632189415731E-13    0.25                     5.0E10                   2700                     5373.308519380256        3102.281120103101        2502.294445801098
1.29926                  0.867281                 3.1                      0.32258064516129037      5.243945021236181E-13    5.38870243874448E-13     0.25                     5.0E10                   2700                     5373.308519380256        3102.281120103101        2502.294445801098
1.29926                  0.867281                 3.2                      0.3125                   5.22127892372075E-13     5.371962304868901E-13    0.25                     5.0E10                   2700                     5373.308519380256        3102.281120103101        2502.294445801098
1.29926                  0.867281                 3.3000000000000003       0.30303030303030304      5.183109040159008E-13    5.337000710501923E-13    0.25                     5.0E10                   2700                     5373.308519380256        3102.281120103101        2502.294445801098
1.29926                  0.867281                 3.4000000000000004       0.2941176470588235       5.134435432047474E-13    5.289425429221164E-13    0.25                     5.0E10                   2700                     5373.308519380256        3102.281120103101        2502.294445801098
1.29926                  0.867281                 3.5000000000000004       0.2857142857142857       5.0805329110606E-13      5.234745752452762E-13    0.25                     5.0E10                   2700                     5373.308519380256        3102.281120103101        2502.294445801098
1.29926                  0.867281                 3.6                      0.2777777777777778       5.026065261915434E-13    5.178133759347805E-13    0.25                     5.0E10                   2700                     5373.308519380256        3102.281120103101        2502.294445801098
1.29926                  0.867281                 3.7                      0.2702702702702703       4.974536838473462E-13    5.123433382608806E-13    0.25                     5.0E10                   2700                     5373.308519380256        3102.281120103101        2502.294445801098
1.29926                  0.867281                 3.8000000000000003       0.2631578947368421       4.928271864648652E-13    5.073249135611354E-13    0.25                     5.0E10                   2700                     5373.308519380256        3102.281120103101        2502.294445801098
1.29926                  0.867281                 3.9000000000000004       0.2564102564102564       4.88857580627379E-13     5.029111436505643E-13    0.25                     5.0E10                   2700                     5373.308519380256        3102.281120103101        2502.294445801098
1.29926                  0.867281                 4                        0.25                     4.855970908425962E-13    4.991718950731401E-13    0.25                     5.0E10                   2700                     5373.308519380256        3102.281120103101        2502.294445801098
1.29926                  0.867281                 4.1                      0.24390243902439027      4.830428115816126E-13    4.961178349558643E-13    0.25                     5.0E10                   2700                     5373.308519380256        3102.281120103101        2502.294445801098
1.29926                  0.867281                 4.2                      0.23809523809523808      4.811561695314873E-13    4.937206604671442E-13    0.25                     5.0E10                   2700                     5373.308519380256        3102.281120103101        2502.294445801098
1.29926                  0.867281                 4.3                      0.23255813953488372      4.798779095662701E-13    4.919287302249434E-13    0.25                     5.0E10                   2700                     5373.308519380256        3102.281120103101        2502.294445801098
1.29926                  0.867281                 4.3999999999999995       0.22727272727272732      4.791608425023563E-13    4.906900547132854E-13    0.25                     5.0E10                   2700                     5373.308519380256        3102.281120103101        2502.294445801098
1.29926                  0.867281                 4.5                      0.22222222222222224      4.788921899062877E-13    4.899161229304292E-13    0.25                     5.0E10                   2700                     5373.308519380256        3102.281120103101        2502.294445801098
1.29926                  0.867281                 4.6                      0.2173913043478261       4.790191556568359E-13    4.895469356562873E-13    0.25                     5.0E10                   2700                     5373.308519380256        3102.281120103101        2502.294445801098
1.29926                  0.867281                 4.7                      0.2127659574468085       4.794758904940778E-13    4.895187170594818E-13    0.25                     5.0E10                   2700                     5373.308519380256        3102.281120103101        2502.294445801098
1.29926                  0.867281                 4.8                      0.20833333333333334      4.802026408504344E-13    4.897730817551004E-13    0.25                     5.0E10                   2700                     5373.308519380256        3102.281120103101        2502.294445801098
1.29926                  0.867281                 4.9                      0.20408163265306117      4.811463827790018E-13    4.902578468269152E-13    0.25                     5.0E10                   2700                     5373.308519380256        3102.281120103101        2502.294445801098
1.29926                  0.867281                 5                        0.2                      4.822715865179434E-13    4.909331859743533E-13    0.25                     5.0E10                   2700                     5373.308519380256        3102.281120103101        2502.294445801098
1.29926                  0.867281                 5.1                      0.19607843137254904      4.835149681806767E-13    4.917465488209609E-13    0.25                     5.0E10                   2700                     5373.308519380256        3102.281120103101        2502.294445801098
1.29926                  0.867281                 5.2                      0.1923076923076923       4.8485559281806E-13      4.926710983831482E-13    0.25                     5.0E10                   2700                     5373.308519380256        3102.281120103101        2502.294445801098
1.29926                  0.867281                 5.3                      0.18867924528301888      4.862654661416417E-13    4.936786479236309E-13    0.25                     5.0E10                   2700                     5373.308519380256        3102.281120103101        2502.294445801098
1.29926                  0.867281                 5.4                      0.18518518518518517      4.877208778977602E-13    4.947452101234125E-13    0.25                     5.0E10                   2700                     5373.308519380256        3102.281120103101        2502.294445801098
1.29926                  0.867281                 5.5                      0.18181818181818182      4.892028259377195E-13    4.95851436822017E-13     0.25                     5.0E10                   2700                     5373.308519380256        3102.281120103101        2502.294445801098
1.29926                  0.867281                 5.6                      0.17857142857142858      4.906957366267046E-13    4.969813791694708E-13    0.25                     5.0E10                   2700                     5373.308519380256        3102.281120103101        2502.294445801098
1.29926                  0.867281                 5.7                      0.17543859649122806      4.921870968959452E-13    4.981221327445534E-13    0.25                     5.0E10                   2700                     5373.308519380256        3102.281120103101        2502.294445801098
1.29926                  0.867281                 5.8                      0.1724137931034483       4.936669709624206E-13    4.992633665373121E-13    0.25                     5.0E10                   2700                     5373.308519380256        3102.281120103101        2502.294445801098
1.29926                  0.867281                 5.9                      0.1694915254237288       4.951275747856915E-13    5.003969056558676E-13    0.25                     5.0E10                   2700                     5373.308519380256        3102.281120103101        2502.294445801098
1.29926                  0.867281                 6                        0.16666666666666666      4.965629067827263E-13    5.01516367232238E-13     0.25                     5.0E10                   2700                     5373.308519380256        3102.281120103101        2502.294445801098
1.29926                  0.867281                 6.1                      0.16393442622950818      4.979684309813191E-13    5.026168466702883E-13    0.25                     5.0E10                   2700                     5373.308519380256        3102.281120103101        2502.294445801098
1.29926                  0.867281                 6.2                      0.16129032258064518      4.99340808130582E-13     5.036946502310393E-13    0.25                     5.0E10                   2700                     5373.308519380256        3102.281120103101        2502.294445801098
1.29926                  0.867281                 6.3                      0.15873015873015872      5.006776693737612E-13    5.047470691412029E-13    0.25                     5.0E10                   2700                     5373.308519380256        3102.281120103101        2502.294445801098
1.29926                  0.867281                 6.4                      0.15625                  5.019774272903606E-13    5.057721903552655E-13    0.25                     5.0E10                   2700                     5373.308519380256        3102.281120103101        2502.294445801098
1.29926                  0.867281                 6.5                      0.15384615384615383      5.03239119228339E-13     5.067687391647789E-13    0.25                     5.0E10                   2700                     5373.308519380256        3102.281120103101        2502.294445801098
1.29926                  0.867281                 6.6                      0.15151515151515152      5.044622782211357E-13    5.077359491520466E-13    0.25                     5.0E10                   2700                     5373.308519380256        3102.281120103101        2502.294445801098
1.29926                  0.867281                 6.7                      0.1492537313432836       5.05646827260859E-13     5.08673455405316E-13     0.25                     5.0E10                   2700                     5373.308519380256        3102.281120103101        2502.294445801098
1.29926                  0.867281                 6.8                      0.14705882352941177      5.0679299317925E-13      5.09581207315834E-13     0.25                     5.0E10                   2700                     5373.308519380256        3102.281120103101        2502.294445801098
1.29926                  0.867281                 6.9                      0.14492753623188404      5.079012368317051E-13    5.104593977547501E-13    0.25                     5.0E10                   2700                     5373.308519380256        3102.281120103101        2502.294445801098
1.29926                  0.867281                 7                        0.14285714285714285      5.089721968195086E-13    5.113084058506061E-13    0.25                     5.0E10                   2700                     5373.308519380256        3102.281120103101        2502.294445801098
1.29926                  0.867281                 7.1                      0.14084507042253522      5.100071346839923E-13    5.121292150181025E-13    0.25                     5.0E10                   2700                     5373.308519380256        3102.281120103101        2502.294445801098
1.29926                  0.867281                 7.2                      0.1388888888888889       5.110059686625659E-13    5.129215480095962E-13    0.25                     5.0E10                   2700                     5373.308519380256        3102.281120103101        2502.294445801098
1.29926                  0.867281                 7.3                      0.13698630136986303      5.119700939382739E-13    5.136865388328519E-13    0.25                     5.0E10                   2700                     5373.308519380256        3102.281120103101        2502.294445801098
1.29926                  0.867281                 7.4                      0.13513513513513514      5.12900490919658E-13     5.14424935557686E-13     0.25                     5.0E10                   2700                     5373.308519380256        3102.281120103101        2502.294445801098
1.29926                  0.867281                 7.5                      0.13333333333333333      5.137981672672169E-13    5.151375191015605E-13    0.25                     5.0E10                   2700                     5373.308519380256        3102.281120103101        2502.294445801098
1.29926                  0.867281                 7.6                      0.13157894736842105      5.146641440013328E-13    5.158250890390342E-13    0.25                     5.0E10                   2700                     5373.308519380256        3102.281120103101        2502.294445801098
1.29926                  0.867281                 7.7                      0.12987012987012989      5.154994446656415E-13    5.164884525593029E-13    0.25                     5.0E10                   2700                     5373.308519380256        3102.281120103101        2502.294445801098
1.29926                  0.867281                 7.8                      0.12820512820512822      5.163050870067951E-13    5.17128415998816E-13     0.25                     5.0E10                   2700                     5373.308519380256        3102.281120103101        2502.294445801098
1.29926                  0.867281                 7.9                      0.12658227848101267      5.170820766344947E-13    5.177457783955993E-13    0.25                     5.0E10                   2700                     5373.308519380256        3102.281120103101        2502.294445801098
1.29926                  0.867281                 8                        0.125                    5.178314022465151E-13    5.18341326660048E-13     0.25                     5.0E10                   2700                     5373.308519380256        3102.281120103101        2502.294445801098
1.29926                  0.867281                 8.1                      0.1234567901234568       5.185540321236051E-13    5.189158320250271E-13    0.25                     5.0E10                   2700                     5373.308519380256        3102.281120103101        2502.294445801098
1.29926                  0.867281                 8.2                      0.12195121951219513      5.19250911541196E-13     5.194700474552494E-13    0.25                     5.0E10                   2700                     5373.308519380256        3102.281120103101        2502.294445801098
1.29926                  0.867281                 8.3                      0.12048192771084336      5.199229610120207E-13    5.200047058860882E-13    0.25                     5.0E10                   2700                     5373.308519380256        3102.281120103101        2502.294445801098
1.29926                  0.867281                 8.4                      0.11904761904761904      5.205710750846564E-13    5.205205190312352E-13    0.25                     5.0E10                   2700                     5373.308519380256        3102.281120103101        2502.294445801098
1.29926                  0.867281                 8.5                      0.11764705882352941      5.211961216411356E-13    5.210181766837049E-13    0.25                     5.0E10                   2700                     5373.308519380256        3102.281120103101        2502.294445801098
1.29926                  0.867281                 8.6                      0.11627906976744186      5.217989415294789E-13    5.214983463633664E-13    0.25                     5.0E10                   2700                     5373.308519380256        3102.281120103101        2502.294445801098
1.29926                  0.867281                 8.7                      0.11494252873563218      5.225351334737842E-13    5.22111472452298E-13     0.25                     5.0E10                   2700                     5373.308519380256        3102.281120103101        2502.294445801098
1.29926                  0.867281                 8.8                      0.11363636363636362      5.230888405356803E-13    5.225525928725726E-13    0.25                     5.0E10                   2700                     5373.308519380256        3102.281120103101        2502.294445801098
1.29926                  0.867281                 8.9                      0.11235955056179775      5.236229524722962E-13    5.229783230837935E-13    0.25                     5.0E10                   2700                     5373.308519380256        3102.281120103101        2502.294445801098
1.29926                  0.867281                 9                        0.11111111111111112      5.241382039123715E-13    5.233892411647104E-13    0.25                     5.0E10                   2700                     5373.308519380256        3102.281120103101        2502.294445801098
1.29926                  0.867281                 9.1                      0.1098901098901099       5.246353022644189E-13    5.237859032963037E-13    0.25                     5.0E10                   2700                     5373.308519380256        3102.281120103101        2502.294445801098
1.29926                  0.867281                 9.2                      0.10869565217391305      5.251149284406807E-13    5.241688443711918E-13    0.25                     5.0E10                   2700                     5373.308519380256        3102.281120103101        2502.294445801098
1.29926                  0.867281                 9.3                      0.10752688172043011      5.255777376325459E-13    5.245385786575613E-13    0.25                     5.0E10                   2700                     5373.308519380256        3102.281120103101        2502.294445801098
1.29926                  0.867281                 9.4                      0.10638297872340426      5.260243600785119E-13    5.248956004663053E-13    0.25                     5.0E10                   2700                     5373.308519380256        3102.281120103101        2502.294445801098
1.29926                  0.867281                 9.5                      0.10526315789473685      5.264554019078984E-13    5.252403848525802E-13    0.25                     5.0E10                   2700                     5373.308519380256        3102.281120103101        2502.294445801098
1.29926                  0.867281                 9.6                      0.10416666666666667      5.268714459178918E-13    5.25573388302133E-13     0.25                     5.0E10                   2700                     5373.308519380256        3102.281120103101        2502.294445801098
1.29926                  0.867281                 9.700000000000001        0.1030927835051546       5.272730523942952E-13    5.258950494145574E-13    0.25                     5.0E10                   2700                     5373.308519380256        3102.281120103101        2502.294445801098
1.29926                  0.867281                 9.8                      0.10204081632653059      5.276607599554465E-13    5.262057896070332E-13    0.25                     5.0E10                   2700                     5373.308519380256        3102.281120103101        2502.294445801098
1.29926                  0.867281                 9.9                      0.101010101010101        5.280350862841045E-13    5.265060137461944E-13    0.25                     5.0E10                   2700                     5373.308519380256        3102.281120103101        2502.294445801098
1.29926                  0.867281                 10                       0.1                      5.283212748327808E-13    5.267237889362817E-13    0.25                     5.0E10                   2700                     5373.308519380256        3102.281120103101        2502.294445801098
