1.34862                  0.881487                 0.1                      10                       5.331468168908321E-13    5.33138508639115E-13     0.25                     5.0E10                   2700                     5474.425388415969        3160.660971660481        2502.294445801098
1.34862                  0.881487                 0.2                      5                        5.33484176453318E-13     5.331581861174295E-13    0.25                     5.0E10                   2700                     5474.425388415969        3160.660971660481        2502.294445801098
1.34862                  0.881487                 0.30000000000000004      3.3333333333333326       5.367068664217857E-13    5.363493909468543E-13    0.25                     5.0E10                   2700                     5474.425388415969        3160.660971660481        2502.294445801098
1.34862                  0.881487                 0.4                      2.5                      5.330470461597463E-13    5.336201171943396E-13    0.25                     5.0E10                   2700                     5474.425388415969        3160.660971660481        2502.294445801098
1.34862                  0.881487                 0.5                      2                        5.320787691147422E-13    5.345855953989555E-13    0.25                     5.0E10                   2700                     5474.425388415969        3160.660971660481        2502.294445801098
1.34862                  0.881487                 0.6                      1.6666666666666667       5.351045516429449E-13    5.402180517684841E-13    0.25                     5.0E10                   2700                     5474.425388415969        3160.660971660481        2502.294445801098
1.34862                  0.881487                 0.7000000000000001       1.4285714285714284       5.358731891177535E-13    5.437958096987019E-13    0.25                     5.0E10                   2700                     5474.425388415969        3160.660971660481        2502.294445801098
1.34862                  0.881487                 0.8                      1.25                     5.433970282063353E-13    5.449768511641946E-13    0.25                     5.0E10                   2700                     5474.425388415969        3160.660971660481        2502.294445801098
1.34862                  0.881487                 0.9                      1.1111111111111112       5.540344563826294E-13    5.483550298993751E-13    0.25                     5.0E10                   2700                     5474.425388415969        3160.660971660481        2502.294445801098
1.34862                  0.881487                 1                        1                        5.717453029345953E-13    5.513613586866551E-13    0.25                     5.0E10                   2700                     5474.425388415969        3160.660971660481        2502.294445801098
1.34862                  0.881487                 1.1                      0.909090909090909        5.898725314649221E-13    5.610999799217755E-13    0.25                     5.0E10                   2700                     5474.425388415969        3160.660971660481        2502.294445801098
1.34862                  0.881487                 1.2000000000000002       0.8333333333333331       5.966760536597969E-13    5.577024481171586E-13    0.25                     5.0E10                   2700                     5474.425388415969        3160.660971660481        2502.294445801098
1.34862                  0.881487                 1.3000000000000003       0.769230769230769        6.092363294919081E-13    5.567508585665737E-13    0.25                     5.0E10                   2700                     5474.425388415969        3160.660971660481        2502.294445801098
1.34862                  0.881487                 1.4000000000000001       0.7142857142857142       6.291887675789364E-13    5.678917942890797E-13    0.25                     5.0E10                   2700                     5474.425388415969        3160.660971660481        2502.294445801098
1.34862                  0.881487                 1.5000000000000002       0.6666666666666665       6.311455351252966E-13    5.685758477599356E-13    0.25                     5.0E10                   2700                     5474.425388415969        3160.660971660481        2502.294445801098
1.34862                  0.881487                 1.6                      0.625                    6.1899037632225E-13      5.578962903395062E-13    0.25                     5.0E10                   2700                     5474.425388415969        3160.660971660481        2502.294445801098
1.34862                  0.881487                 1.7000000000000002       0.588235294117647        6.144511084320061E-13    5.538150663199108E-13    0.25                     5.0E10                   2700                     5474.425388415969        3160.660971660481        2502.294445801098
1.34862                  0.881487                 1.8000000000000003       0.5555555555555555       6.116633690398517E-13    5.526461347923627E-13    0.25                     5.0E10                   2700                     5474.425388415969        3160.660971660481        2502.294445801098
1.34862                  0.881487                 1.9000000000000001       0.5263157894736842       6.038122830819876E-13    5.496481940547479E-13    0.25                     5.0E10                   2700                     5474.425388415969        3160.660971660481        2502.294445801098
1.34862                  0.881487                 2                        0.5                      5.916928271072617E-13    5.456570371266822E-13    0.25                     5.0E10                   2700                     5474.425388415969        3160.660971660481        2502.294445801098
1.34862                  0.881487                 2.1                      0.47619047619047616      5.761633775002149E-13    5.404285351014723E-13    0.25                     5.0E10                   2700                     5474.425388415969        3160.660971660481        2502.294445801098
1.34862                  0.881487                 2.2                      0.4545454545454545       5.58468844966495E-13     5.33578910884246E-13     0.25                     5.0E10                   2700                     5474.425388415969        3160.660971660481        2502.294445801098
1.34862                  0.881487                 2.3000000000000003       0.43478260869565216      5.414855621687663E-13    5.264962415729175E-13    0.25                     5.0E10                   2700                     5474.425388415969        3160.660971660481        2502.294445801098
1.34862                  0.881487                 2.4000000000000004       0.4166666666666666       5.281965609866095E-13    5.21412945102637E-13     0.25                     5.0E10                   2700                     5474.425388415969        3160.660971660481        2502.294445801098
1.34862                  0.881487                 2.5000000000000004       0.3999999999999999       5.202244795708133E-13    5.198329291941909E-13    0.25                     5.0E10                   2700                     5474.425388415969        3160.660971660481        2502.294445801098
1.34862                  0.881487                 2.6                      0.3846153846153846       5.173505643028355E-13    5.218236443588421E-13    0.25                     5.0E10                   2700                     5474.425388415969        3160.660971660481        2502.294445801098
1.34862                  0.881487                 2.7                      0.37037037037037035      5.181650903537153E-13    5.263089394799795E-13    0.25                     5.0E10                   2700                     5474.425388415969        3160.660971660481        2502.294445801098
1.34862                  0.881487                 2.8000000000000003       0.3571428571428571       5.207539263504506E-13    5.316700429526874E-13    0.25                     5.0E10                   2700                     5474.425388415969        3160.660971660481        2502.294445801098
1.34862                  0.881487                 2.9000000000000004       0.3448275862068965       5.233077570600785E-13    5.36309329097639E-13     0.25                     5.0E10                   2700                     5474.425388415969        3160.660971660481        2502.294445801098
1.34862                  0.881487                 3.0000000000000004       0.33333333333333326      5.246095485190888E-13    5.391396899224242E-13    0.25                     5.0E10                   2700                     5474.425388415969        3160.660971660481        2502.294445801098
1.34862                  0.881487                 3.1                      0.32258064516129037      5.237815203543093E-13    5.394047075711846E-13    0.25                     5.0E10                   2700                     5474.425388415969        3160.660971660481        2502.294445801098
1.34862                  0.881487                 3.2                      0.3125                   5.209141884911754E-13    5.372564820823072E-13    0.25                     5.0E10                   2700                     5474.425388415969        3160.660971660481        2502.294445801098
1.34862                  0.881487                 3.3000000000000003       0.30303030303030304      5.16382364627775E-13     5.33133268626965E-13     0.25                     5.0E10                   2700                     5474.425388415969        3160.660971660481        2502.294445801098
1.34862                  0.881487                 3.4000000000000004       0.2941176470588235       5.107588045271003E-13    5.276759208939628E-13    0.25                     5.0E10                   2700                     5474.425388415969        3160.660971660481        2502.294445801098
1.34862                  0.881487                 3.5000000000000004       0.2857142857142857       5.046311824624658E-13    5.215017900336495E-13    0.25                     5.0E10                   2700                     5474.425388415969        3160.660971660481        2502.294445801098
1.34862                  0.881487                 3.6                      0.2777777777777778       4.98503954229556E-13     5.151723192852565E-13    0.25                     5.0E10                   2700                     5474.425388415969        3160.660971660481        2502.294445801098
1.34862                  0.881487                 3.7                      0.2702702702702703       4.92748678789145E-13     5.090977270620586E-13    0.25                     5.0E10                   2700                     5474.425388415969        3160.660971660481        2502.294445801098
1.34862                  0.881487                 3.8000000000000003       0.2631578947368421       4.8760578901924E-13      5.035500172245084E-13    0.25                     5.0E10                   2700                     5474.425388415969        3160.660971660481        2502.294445801098
1.34862                  0.881487                 3.9000000000000004       0.2564102564102564       4.832055313730211E-13    4.986844902612569E-13    0.25                     5.0E10                   2700                     5474.425388415969        3160.660971660481        2502.294445801098
1.34862                  0.881487                 4                        0.25                     4.795952607901208E-13    4.945679456805837E-13    0.25                     5.0E10                   2700                     5474.425388415969        3160.660971660481        2502.294445801098
1.34862                  0.881487                 4.1                      0.24390243902439027      4.767651421209435E-13    4.912053818522125E-13    0.25                     5.0E10                   2700                     5474.425388415969        3160.660971660481        2502.294445801098
1.34862                  0.881487                 4.2                      0.23809523809523808      4.746691005404136E-13    4.885618892385789E-13    0.25                     5.0E10                   2700                     5474.425388415969        3160.660971660481        2502.294445801098
1.34862                  0.881487                 4.3                      0.23255813953488372      4.732405864936606E-13    4.865791923592279E-13    0.25                     5.0E10                   2700                     5474.425388415969        3160.660971660481        2502.294445801098
1.34862                  0.881487                 4.3999999999999995       0.22727272727272732      4.724032093501097E-13    4.851871089456083E-13    0.25                     5.0E10                   2700                     5474.425388415969        3160.660971660481        2502.294445801098
1.34862                  0.881487                 4.5                      0.22222222222222224      4.721040648252848E-13    4.843259069455157E-13    0.25                     5.0E10                   2700                     5474.425388415969        3160.660971660481        2502.294445801098
1.34862                  0.881487                 4.6                      0.2173913043478261       4.722213174911808E-13    4.83898606721826E-13     0.25                     5.0E10                   2700                     5474.425388415969        3160.660971660481        2502.294445801098
1.34862                  0.881487                 4.7                      0.2127659574468085       4.72704044095436E-13     4.83846058462374E-13     0.25                     5.0E10                   2700                     5474.425388415969        3160.660971660481        2502.294445801098
1.34862                  0.881487                 4.8                      0.20833333333333334      4.734880518619582E-13    4.841057997829271E-13    0.25                     5.0E10                   2700                     5474.425388415969        3160.660971660481        2502.294445801098
1.34862                  0.881487                 4.9                      0.20408163265306117      4.745162724508566E-13    4.84621955705345E-13     0.25                     5.0E10                   2700                     5474.425388415969        3160.660971660481        2502.294445801098
1.34862                  0.881487                 5                        0.2                      4.757493729216553E-13    4.853518199409225E-13    0.25                     5.0E10                   2700                     5474.425388415969        3160.660971660481        2502.294445801098
1.34862                  0.881487                 5.1                      0.19607843137254904      4.771209082640378E-13    4.862387895879196E-13    0.25                     5.0E10                   2700                     5474.425388415969        3160.660971660481        2502.294445801098
1.34862                  0.881487                 5.2                      0.1923076923076923       4.786066551571739E-13    4.872536958731954E-13    0.25                     5.0E10                   2700                     5474.425388415969        3160.660971660481        2502.294445801098
1.34862                  0.881487                 5.3                      0.18867924528301888      4.801755506266726E-13    4.883655805401177E-13    0.25                     5.0E10                   2700                     5474.425388415969        3160.660971660481        2502.294445801098
1.34862                  0.881487                 5.4                      0.18518518518518517      4.818017639788715E-13    4.89548604167957E-13     0.25                     5.0E10                   2700                     5474.425388415969        3160.660971660481        2502.294445801098
1.34862                  0.881487                 5.5                      0.18181818181818182      4.834633386700832E-13    4.907807170027677E-13    0.25                     5.0E10                   2700                     5474.425388415969        3160.660971660481        2502.294445801098
1.34862                  0.881487                 5.6                      0.17857142857142858      4.851426783714786E-13    4.920441693404054E-13    0.25                     5.0E10                   2700                     5474.425388415969        3160.660971660481        2502.294445801098
1.34862                  0.881487                 5.7                      0.17543859649122806      4.868252861984803E-13    4.933242694864696E-13    0.25                     5.0E10                   2700                     5474.425388415969        3160.660971660481        2502.294445801098
1.34862                  0.881487                 5.8                      0.1724137931034483       4.884994510423095E-13    4.946090812861141E-13    0.25                     5.0E10                   2700                     5474.425388415969        3160.660971660481        2502.294445801098
1.34862                  0.881487                 5.9                      0.1694915254237288       4.901558134364256E-13    4.958889988314393E-13    0.25                     5.0E10                   2700                     5474.425388415969        3160.660971660481        2502.294445801098
1.34862                  0.881487                 6                        0.16666666666666666      4.917869864391352E-13    4.971563736334019E-13    0.25                     5.0E10                   2700                     5474.425388415969        3160.660971660481        2502.294445801098
1.34862                  0.881487                 6.1                      0.16393442622950818      4.933872279507284E-13    4.984051914131541E-13    0.25                     5.0E10                   2700                     5474.425388415969        3160.660971660481        2502.294445801098
1.34862                  0.881487                 6.2                      0.16129032258064518      4.949521600654982E-13    4.996307945937474E-13    0.25                     5.0E10                   2700                     5474.425388415969        3160.660971660481        2502.294445801098
1.34862                  0.881487                 6.3                      0.15873015873015872      4.964785303848941E-13    5.008296458514537E-13    0.25                     5.0E10                   2700                     5474.425388415969        3160.660971660481        2502.294445801098
1.34862                  0.881487                 6.4                      0.15625                  4.979640103955609E-13    5.019991280874502E-13    0.25                     5.0E10                   2700                     5474.425388415969        3160.660971660481        2502.294445801098
1.34862                  0.881487                 6.5                      0.15384615384615383      4.99407026072957E-13     5.031373762016301E-13    0.25                     5.0E10                   2700                     5474.425388415969        3160.660971660481        2502.294445801098
1.34862                  0.881487                 6.6                      0.15151515151515152      5.008066162464746E-13    5.04243136352868E-13     0.25                     5.0E10                   2700                     5474.425388415969        3160.660971660481        2502.294445801098
1.34862                  0.881487                 6.7                      0.1492537313432836       5.021623147027776E-13    5.053156487895524E-13    0.25                     5.0E10                   2700                     5474.425388415969        3160.660971660481        2502.294445801098
1.34862                  0.881487                 6.8                      0.14705882352941177      5.034740524261339E-13    5.063545507008863E-13    0.25                     5.0E10                   2700                     5474.425388415969        3160.660971660481        2502.294445801098
1.34862                  0.881487                 6.9                      0.14492753623188404      5.047420767802181E-13    5.073597959701872E-13    0.25                     5.0E10                   2700                     5474.425388415969        3160.660971660481        2502.294445801098
1.34862                  0.881487                 7                        0.14285714285714285      5.059668849667453E-13    5.083315891443855E-13    0.25                     5.0E10                   2700                     5474.425388415969        3160.660971660481        2502.294445801098
1.34862                  0.881487                 7.1                      0.14084507042253522      5.071491693066959E-13    5.092703312515084E-13    0.25                     5.0E10                   2700                     5474.425388415969        3160.660971660481        2502.294445801098
1.34862                  0.881487                 7.2                      0.1388888888888889       5.082902806577994E-13    5.101770551044549E-13    0.25                     5.0E10                   2700                     5474.425388415969        3160.660971660481        2502.294445801098
1.34862                  0.881487                 7.3                      0.13698630136986303      5.093901904382255E-13    5.110514988636105E-13    0.25                     5.0E10                   2700                     5474.425388415969        3160.660971660481        2502.294445801098
1.34862                  0.881487                 7.4                      0.13513513513513514      5.104504164606382E-13    5.118948709104117E-13    0.25                     5.0E10                   2700                     5474.425388415969        3160.660971660481        2502.294445801098
1.34862                  0.881487                 7.5                      0.13333333333333333      5.114720585384417E-13    5.127079901437895E-13    0.25                     5.0E10                   2700                     5474.425388415969        3160.660971660481        2502.294445801098
1.34862                  0.881487                 7.6                      0.13157894736842105      5.124562564928608E-13    5.134917192207794E-13    0.25                     5.0E10                   2700                     5474.425388415969        3160.660971660481        2502.294445801098
1.34862                  0.881487                 7.7                      0.12987012987012989      5.134041742572787E-13    5.14246949094255E-13     0.25                     5.0E10                   2700                     5474.425388415969        3160.660971660481        2502.294445801098
1.34862                  0.881487                 7.8                      0.12820512820512822      5.143169870928775E-13    5.149745866364789E-13    0.25                     5.0E10                   2700                     5474.425388415969        3160.660971660481        2502.294445801098
1.34862                  0.881487                 7.9                      0.12658227848101267      5.15195871363825E-13     5.156755447691325E-13    0.25                     5.0E10                   2700                     5474.425388415969        3160.660971660481        2502.294445801098
1.34862                  0.881487                 8                        0.125                    5.160419963465059E-13    5.163507346231705E-13    0.25                     5.0E10                   2700                     5474.425388415969        3160.660971660481        2502.294445801098
1.34862                  0.881487                 8.1                      0.1234567901234568       5.168565178202398E-13    5.17001059404651E-13     0.25                     5.0E10                   2700                     5474.425388415969        3160.660971660481        2502.294445801098
1.34862                  0.881487                 8.2                      0.12195121951219513      5.176405729461173E-13    5.176274095526723E-13    0.25                     5.0E10                   2700                     5474.425388415969        3160.660971660481        2502.294445801098
1.34862                  0.881487                 8.3                      0.12048192771084336      5.183952763814859E-13    5.182306590576706E-13    0.25                     5.0E10                   2700                     5474.425388415969        3160.660971660481        2502.294445801098
1.34862                  0.881487                 8.4                      0.11904761904761904      5.191217172610738E-13    5.188116626342748E-13    0.25                     5.0E10                   2700                     5474.425388415969        3160.660971660481        2502.294445801098
1.34862                  0.881487                 8.5                      0.11764705882352941      5.198209569532428E-13    5.193712536219132E-13    0.25                     5.0E10                   2700                     5474.425388415969        3160.660971660481        2502.294445801098
1.34862                  0.881487                 8.6                      0.11627906976744186      5.2049402745597E-13      5.199102424876402E-13    0.25                     5.0E10                   2700                     5474.425388415969        3160.660971660481        2502.294445801098
1.34862                  0.881487                 8.7                      0.11494252873563218      5.211419302763956E-13    5.204294157812158E-13    0.25                     5.0E10                   2700                     5474.425388415969        3160.660971660481        2502.294445801098
1.34862                  0.881487                 8.8                      0.11363636363636362      5.217656357128068E-13    5.209295354719843E-13    0.25                     5.0E10                   2700                     5474.425388415969        3160.660971660481        2502.294445801098
1.34862                  0.881487                 8.9                      0.11235955056179775      5.225181827230244E-13    5.215592211358356E-13    0.25                     5.0E10                   2700                     5474.425388415969        3160.660971660481        2502.294445801098
1.34862                  0.881487                 9                        0.11111111111111112      5.230892629233308E-13    5.220174724055969E-13    0.25                     5.0E10                   2700                     5474.425388415969        3160.660971660481        2502.294445801098
1.34862                  0.881487                 9.1                      0.1098901098901099       5.236391566527491E-13    5.224590492837028E-13    0.25                     5.0E10                   2700                     5474.425388415969        3160.660971660481        2502.294445801098
1.34862                  0.881487                 9.2                      0.10869565217391305      5.241687057807441E-13    5.228846103673241E-13    0.25                     5.0E10                   2700                     5474.425388415969        3160.660971660481        2502.294445801098
1.34862                  0.881487                 9.3                      0.10752688172043011      5.246787201846758E-13    5.232947892078268E-13    0.25                     5.0E10                   2700                     5474.425388415969        3160.660971660481        2502.294445801098
1.34862                  0.881487                 9.4                      0.10638297872340426      5.25169978439747E-13     5.236901948535906E-13    0.25                     5.0E10                   2700                     5474.425388415969        3160.660971660481        2502.294445801098
1.34862                  0.881487                 9.5                      0.10526315789473685      5.256432285972969E-13    5.240714124447377E-13    0.25                     5.0E10                   2700                     5474.425388415969        3160.660971660481        2502.294445801098
1.34862                  0.881487                 9.6                      0.10416666666666667      5.260991889926333E-13    5.244390038718694E-13    0.25                     5.0E10                   2700                     5474.425388415969        3160.660971660481        2502.294445801098
1.34862                  0.881487                 9.700000000000001        0.1030927835051546       5.265385491166086E-13    5.247935084573909E-13    0.25                     5.0E10                   2700                     5474.425388415969        3160.660971660481        2502.294445801098
1.34862                  0.881487                 9.8                      0.10204081632653059      5.269619705896903E-13    5.251354437182847E-13    0.25                     5.0E10                   2700                     5474.425388415969        3160.660971660481        2502.294445801098
1.34862                  0.881487                 9.9                      0.101010101010101        5.273700879928228E-13    5.254653060462527E-13    0.25                     5.0E10                   2700                     5474.425388415969        3160.660971660481        2502.294445801098
1.34862                  0.881487                 10                       0.1                      5.276889905125132E-13    5.257124520472903E-13    0.25                     5.0E10                   2700                     5474.425388415969        3160.660971660481        2502.294445801098
