1.13817                  0.507097                 0.1                      10                       5.331405758285431E-13    5.331377963772823E-13    0.25                     5.0E10                   2700                     5029.181510610515        2903.5992989544698       2502.294445801098
1.13817                  0.507097                 0.2                      5                        5.333945951148144E-13    5.331569734001847E-13    0.25                     5.0E10                   2700                     5029.181510610515        2903.5992989544698       2502.294445801098
1.13817                  0.507097                 0.30000000000000004      3.3333333333333326       5.36359998221664E-13     5.366025450251746E-13    0.25                     5.0E10                   2700                     5029.181510610515        2903.5992989544698       2502.294445801098
1.13817                  0.507097                 0.4                      2.5                      5.371931595346743E-13    5.353609684879718E-13    0.25                     5.0E10                   2700                     5029.181510610515        2903.5992989544698       2502.294445801098
1.13817                  0.507097                 0.5                      2                        5.471455667538323E-13    5.392015803527305E-13    0.25                     5.0E10                   2700                     5029.181510610515        2903.5992989544698       2502.294445801098
1.13817                  0.507097                 0.6                      1.6666666666666667       5.600593321795738E-13    5.468576662852559E-13    0.25                     5.0E10                   2700                     5029.181510610515        2903.5992989544698       2502.294445801098
1.13817                  0.507097                 0.7000000000000001       1.4285714285714284       5.696380578967815E-13    5.487462832433331E-13    0.25                     5.0E10                   2700                     5029.181510610515        2903.5992989544698       2502.294445801098
1.13817                  0.507097                 0.8                      1.25                     5.785140357360363E-13    5.484157394757869E-13    0.25                     5.0E10                   2700                     5029.181510610515        2903.5992989544698       2502.294445801098
1.13817                  0.507097                 0.9                      1.1111111111111112       5.835668155846627E-13    5.502844575256454E-13    0.25                     5.0E10                   2700                     5029.181510610515        2903.5992989544698       2502.294445801098
1.13817                  0.507097                 1                        1                        5.880018755673489E-13    5.488153117118691E-13    0.25                     5.0E10                   2700                     5029.181510610515        2903.5992989544698       2502.294445801098
1.13817                  0.507097                 1.1                      0.909090909090909        5.888253035679552E-13    5.529728289881356E-13    0.25                     5.0E10                   2700                     5029.181510610515        2903.5992989544698       2502.294445801098
1.13817                  0.507097                 1.2000000000000002       0.8333333333333331       5.714500255372979E-13    5.385621120245287E-13    0.25                     5.0E10                   2700                     5029.181510610515        2903.5992989544698       2502.294445801098
1.13817                  0.507097                 1.3000000000000003       0.769230769230769        5.70205789461494E-13     5.371427088293072E-13    0.25                     5.0E10                   2700                     5029.181510610515        2903.5992989544698       2502.294445801098
1.13817                  0.507097                 1.4000000000000001       0.7142857142857142       5.785596373214738E-13    5.498940850621229E-13    0.25                     5.0E10                   2700                     5029.181510610515        2903.5992989544698       2502.294445801098
1.13817                  0.507097                 1.5000000000000002       0.6666666666666665       5.634737846425533E-13    5.443383741720891E-13    0.25                     5.0E10                   2700                     5029.181510610515        2903.5992989544698       2502.294445801098
1.13817                  0.507097                 1.6                      0.625                    5.393995266386505E-13    5.287658464558333E-13    0.25                     5.0E10                   2700                     5029.181510610515        2903.5992989544698       2502.294445801098
1.13817                  0.507097                 1.7000000000000002       0.588235294117647        5.304997820229012E-13    5.253242145279093E-13    0.25                     5.0E10                   2700                     5029.181510610515        2903.5992989544698       2502.294445801098
1.13817                  0.507097                 1.8000000000000003       0.5555555555555555       5.271191682040286E-13    5.26062644218296E-13     0.25                     5.0E10                   2700                     5029.181510610515        2903.5992989544698       2502.294445801098
1.13817                  0.507097                 1.9000000000000001       0.5263157894736842       5.210066526698342E-13    5.238732126490626E-13    0.25                     5.0E10                   2700                     5029.181510610515        2903.5992989544698       2502.294445801098
1.13817                  0.507097                 2                        0.5                      5.134200625594572E-13    5.202894398523251E-13    0.25                     5.0E10                   2700                     5029.181510610515        2903.5992989544698       2502.294445801098
1.13817                  0.507097                 2.1                      0.47619047619047616      5.064629535601416E-13    5.173353470983226E-13    0.25                     5.0E10                   2700                     5029.181510610515        2903.5992989544698       2502.294445801098
1.13817                  0.507097                 2.2                      0.4545454545454545       5.004158551004631E-13    5.149735097013606E-13    0.25                     5.0E10                   2700                     5029.181510610515        2903.5992989544698       2502.294445801098
1.13817                  0.507097                 2.3000000000000003       0.43478260869565216      4.953546401320587E-13    5.129600975545403E-13    0.25                     5.0E10                   2700                     5029.181510610515        2903.5992989544698       2502.294445801098
1.13817                  0.507097                 2.4000000000000004       0.4166666666666666       4.91946157790432E-13     5.117964184460932E-13    0.25                     5.0E10                   2700                     5029.181510610515        2903.5992989544698       2502.294445801098
1.13817                  0.507097                 2.5000000000000004       0.3999999999999999       4.909007633347777E-13    5.122047348835389E-13    0.25                     5.0E10                   2700                     5029.181510610515        2903.5992989544698       2502.294445801098
1.13817                  0.507097                 2.6                      0.3846153846153846       4.924862110446153E-13    5.145820946584908E-13    0.25                     5.0E10                   2700                     5029.181510610515        2903.5992989544698       2502.294445801098
1.13817                  0.507097                 2.7                      0.37037037037037035      4.958890567659756E-13    5.182696087246251E-13    0.25                     5.0E10                   2700                     5029.181510610515        2903.5992989544698       2502.294445801098
1.13817                  0.507097                 2.8000000000000003       0.3571428571428571       5.003118845012558E-13    5.22591425141132E-13     0.25                     5.0E10                   2700                     5029.181510610515        2903.5992989544698       2502.294445801098
1.13817                  0.507097                 2.9000000000000004       0.3448275862068965       5.047417424702991E-13    5.26629591773769E-13     0.25                     5.0E10                   2700                     5029.181510610515        2903.5992989544698       2502.294445801098
1.13817                  0.507097                 3.0000000000000004       0.33333333333333326      5.083688982841916E-13    5.296438590366253E-13    0.25                     5.0E10                   2700                     5029.181510610515        2903.5992989544698       2502.294445801098
1.13817                  0.507097                 3.1                      0.32258064516129037      5.107296100823707E-13    5.312238434419179E-13    0.25                     5.0E10                   2700                     5029.181510610515        2903.5992989544698       2502.294445801098
1.13817                  0.507097                 3.2                      0.3125                   5.117155830438702E-13    5.313054676376674E-13    0.25                     5.0E10                   2700                     5029.181510610515        2903.5992989544698       2502.294445801098
1.13817                  0.507097                 3.3000000000000003       0.30303030303030304      5.11490756668806E-13     5.300911436867751E-13    0.25                     5.0E10                   2700                     5029.181510610515        2903.5992989544698       2502.294445801098
1.13817                  0.507097                 3.4000000000000004       0.2941176470588235       5.103787590274594E-13    5.279411256132512E-13    0.25                     5.0E10                   2700                     5029.181510610515        2903.5992989544698       2502.294445801098
1.13817                  0.507097                 3.5000000000000004       0.2857142857142857       5.087226643161304E-13    5.252191520257543E-13    0.25                     5.0E10                   2700                     5029.181510610515        2903.5992989544698       2502.294445801098
1.13817                  0.507097                 3.6                      0.2777777777777778       5.068629848646068E-13    5.222947261667964E-13    0.25                     5.0E10                   2700                     5029.181510610515        2903.5992989544698       2502.294445801098
1.13817                  0.507097                 3.7                      0.2702702702702703       5.050603305917239E-13    5.194474530207562E-13    0.25                     5.0E10                   2700                     5029.181510610515        2903.5992989544698       2502.294445801098
1.13817                  0.507097                 3.8000000000000003       0.2631578947368421       5.034954154725171E-13    5.168724304724216E-13    0.25                     5.0E10                   2700                     5029.181510610515        2903.5992989544698       2502.294445801098
1.13817                  0.507097                 3.9000000000000004       0.2564102564102564       5.02275089735364E-13     5.146869523016068E-13    0.25                     5.0E10                   2700                     5029.181510610515        2903.5992989544698       2502.294445801098
1.13817                  0.507097                 4                        0.25                     5.014465551236846E-13    5.129453595717268E-13    0.25                     5.0E10                   2700                     5029.181510610515        2903.5992989544698       2502.294445801098
1.13817                  0.507097                 4.1                      0.24390243902439027      5.010132204506485E-13    5.11655509787846E-13     0.25                     5.0E10                   2700                     5029.181510610515        2903.5992989544698       2502.294445801098
1.13817                  0.507097                 4.2                      0.23809523809523808      5.009491511913332E-13    5.107937624991756E-13    0.25                     5.0E10                   2700                     5029.181510610515        2903.5992989544698       2502.294445801098
1.13817                  0.507097                 4.3                      0.23255813953488372      5.012108542389242E-13    5.103172141954812E-13    0.25                     5.0E10                   2700                     5029.181510610515        2903.5992989544698       2502.294445801098
1.13817                  0.507097                 4.3999999999999995       0.22727272727272732      5.01746402325705E-13     5.101731459717568E-13    0.25                     5.0E10                   2700                     5029.181510610515        2903.5992989544698       2502.294445801098
1.13817                  0.507097                 4.5                      0.22222222222222224      5.025009700738765E-13    5.103050645010502E-13    0.25                     5.0E10                   2700                     5029.181510610515        2903.5992989544698       2502.294445801098
1.13817                  0.507097                 4.6                      0.2173913043478261       5.034222535321509E-13    5.106580804560789E-13    0.25                     5.0E10                   2700                     5029.181510610515        2903.5992989544698       2502.294445801098
1.13817                  0.507097                 4.7                      0.2127659574468085       5.04462315887594E-13     5.111811678587301E-13    0.25                     5.0E10                   2700                     5029.181510610515        2903.5992989544698       2502.294445801098
1.13817                  0.507097                 4.8                      0.20833333333333334      5.055791866115616E-13    5.118288945306461E-13    0.25                     5.0E10                   2700                     5029.181510610515        2903.5992989544698       2502.294445801098
1.13817                  0.507097                 4.9                      0.20408163265306117      5.067374210687973E-13    5.125621337437363E-13    0.25                     5.0E10                   2700                     5029.181510610515        2903.5992989544698       2502.294445801098
1.13817                  0.507097                 5                        0.2                      5.079140560795401E-13    5.1334206597335E-13      0.25                     5.0E10                   2700                     5029.181510610515        2903.5992989544698       2502.294445801098
1.13817                  0.507097                 5.1                      0.19607843137254904      5.091640468828517E-13    5.142530229854973E-13    0.25                     5.0E10                   2700                     5029.181510610515        2903.5992989544698       2502.294445801098
1.13817                  0.507097                 5.2                      0.1923076923076923       5.102919281001615E-13    5.150661347370303E-13    0.25                     5.0E10                   2700                     5029.181510610515        2903.5992989544698       2502.294445801098
1.13817                  0.507097                 5.3                      0.18867924528301888      5.113794809803582E-13    5.158683749910241E-13    0.25                     5.0E10                   2700                     5029.181510610515        2903.5992989544698       2502.294445801098
1.13817                  0.507097                 5.4                      0.18518518518518517      5.124182566952556E-13    5.1664798877145E-13      0.25                     5.0E10                   2700                     5029.181510610515        2903.5992989544698       2502.294445801098
1.13817                  0.507097                 5.5                      0.18181818181818182      5.134031289190929E-13    5.173967660286105E-13    0.25                     5.0E10                   2700                     5029.181510610515        2903.5992989544698       2502.294445801098
1.13817                  0.507097                 5.6                      0.17857142857142858      5.143316296827203E-13    5.181093984457178E-13    0.25                     5.0E10                   2700                     5029.181510610515        2903.5992989544698       2502.294445801098
1.13817                  0.507097                 5.7                      0.17543859649122806      5.152033568822219E-13    5.187828970911809E-13    0.25                     5.0E10                   2700                     5029.181510610515        2903.5992989544698       2502.294445801098
1.13817                  0.507097                 5.8                      0.1724137931034483       5.160194610206834E-13    5.194160805770213E-13    0.25                     5.0E10                   2700                     5029.181510610515        2903.5992989544698       2502.294445801098
1.13817                  0.507097                 5.9                      0.1694915254237288       5.167827150556306E-13    5.200096037293411E-13    0.25                     5.0E10                   2700                     5029.181510610515        2903.5992989544698       2502.294445801098
1.13817                  0.507097                 6                        0.16666666666666666      5.174951825942118E-13    5.205637542794427E-13    0.25                     5.0E10                   2700                     5029.181510610515        2903.5992989544698       2502.294445801098
1.13817                  0.507097                 6.1                      0.16393442622950818      5.181608368647251E-13    5.210808554010918E-13    0.25                     5.0E10                   2700                     5029.181510610515        2903.5992989544698       2502.294445801098
1.13817                  0.507097                 6.2                      0.16129032258064518      5.187834310795234E-13    5.215632509505814E-13    0.25                     5.0E10                   2700                     5029.181510610515        2903.5992989544698       2502.294445801098
1.13817                  0.507097                 6.3                      0.15873015873015872      5.193667920896315E-13    5.220135495294658E-13    0.25                     5.0E10                   2700                     5029.181510610515        2903.5992989544698       2502.294445801098
1.13817                  0.507097                 6.4                      0.15625                  5.199146910084969E-13    5.224344770086204E-13    0.25                     5.0E10                   2700                     5029.181510610515        2903.5992989544698       2502.294445801098
1.13817                  0.507097                 6.5                      0.15384615384615383      5.204307504507773E-13    5.228287658257442E-13    0.25                     5.0E10                   2700                     5029.181510610515        2903.5992989544698       2502.294445801098
1.13817                  0.507097                 6.6                      0.15151515151515152      5.209183813756602E-13    5.231990744890042E-13    0.25                     5.0E10                   2700                     5029.181510610515        2903.5992989544698       2502.294445801098
1.13817                  0.507097                 6.7                      0.1492537313432836       5.213807433964458E-13    5.235479314746692E-13    0.25                     5.0E10                   2700                     5029.181510610515        2903.5992989544698       2502.294445801098
1.13817                  0.507097                 6.8                      0.14705882352941177      5.218207233065895E-13    5.23877698452917E-13     0.25                     5.0E10                   2700                     5029.181510610515        2903.5992989544698       2502.294445801098
1.13817                  0.507097                 6.9                      0.14492753623188404      5.222409273861541E-13    5.241905485749926E-13    0.25                     5.0E10                   2700                     5029.181510610515        2903.5992989544698       2502.294445801098
1.13817                  0.507097                 7                        0.14285714285714285      5.226436839701657E-13    5.244884562614433E-13    0.25                     5.0E10                   2700                     5029.181510610515        2903.5992989544698       2502.294445801098
1.13817                  0.507097                 7.1                      0.14084507042253522      5.230310532160032E-13    5.247731955377275E-13    0.25                     5.0E10                   2700                     5029.181510610515        2903.5992989544698       2502.294445801098
1.13817                  0.507097                 7.2                      0.1388888888888889       5.234048419089148E-13    5.250463446043107E-13    0.25                     5.0E10                   2700                     5029.181510610515        2903.5992989544698       2502.294445801098
1.13817                  0.507097                 7.3                      0.13698630136986303      5.237666213023708E-13    5.253092946787359E-13    0.25                     5.0E10                   2700                     5029.181510610515        2903.5992989544698       2502.294445801098
1.13817                  0.507097                 7.4                      0.13513513513513514      5.241177468169025E-13    5.255632617342455E-13    0.25                     5.0E10                   2700                     5029.181510610515        2903.5992989544698       2502.294445801098
1.13817                  0.507097                 7.5                      0.13333333333333333      5.24459378286557E-13     5.258092998826583E-13    0.25                     5.0E10                   2700                     5029.181510610515        2903.5992989544698       2502.294445801098
1.13817                  0.507097                 7.6                      0.13157894736842105      5.247925002497911E-13    5.260483156565352E-13    0.25                     5.0E10                   2700                     5029.181510610515        2903.5992989544698       2502.294445801098
1.13817                  0.507097                 7.7                      0.12987012987012989      5.251179415420226E-13    5.262810824546175E-13    0.25                     5.0E10                   2700                     5029.181510610515        2903.5992989544698       2502.294445801098
1.13817                  0.507097                 7.8                      0.12820512820512822      5.254363938993415E-13    5.265082547428112E-13    0.25                     5.0E10                   2700                     5029.181510610515        2903.5992989544698       2502.294445801098
1.13817                  0.507097                 7.9                      0.12658227848101267      5.257484293278537E-13    5.267303816614105E-13    0.25                     5.0E10                   2700                     5029.181510610515        2903.5992989544698       2502.294445801098
1.13817                  0.507097                 8                        0.125                    5.260545160964291E-13    5.269479198549746E-13    0.25                     5.0E10                   2700                     5029.181510610515        2903.5992989544698       2502.294445801098
1.13817                  0.507097                 8.1                      0.1234567901234568       5.263550333367409E-13    5.271612453806804E-13    0.25                     5.0E10                   2700                     5029.181510610515        2903.5992989544698       2502.294445801098
1.13817                  0.507097                 8.2                      0.12195121951219513      5.26650284126217E-13     5.273706645873118E-13    0.25                     5.0E10                   2700                     5029.181510610515        2903.5992989544698       2502.294445801098
1.13817                  0.507097                 8.3                      0.12048192771084336      5.269405072787627E-13    5.275764240387576E-13    0.25                     5.0E10                   2700                     5029.181510610515        2903.5992989544698       2502.294445801098
1.13817                  0.507097                 8.4                      0.11904761904761904      5.272258877475464E-13    5.277787194045181E-13    0.25                     5.0E10                   2700                     5029.181510610515        2903.5992989544698       2502.294445801098
1.13817                  0.507097                 8.5                      0.11764705882352941      5.275065657985705E-13    5.279777033903796E-13    0.25                     5.0E10                   2700                     5029.181510610515        2903.5992989544698       2502.294445801098
1.13817                  0.507097                 8.6                      0.11627906976744186      5.277826450541076E-13    5.281734927824109E-13    0.25                     5.0E10                   2700                     5029.181510610515        2903.5992989544698       2502.294445801098
1.13817                  0.507097                 8.7                      0.11494252873563218      5.280541994729053E-13    5.283661746300451E-13    0.25                     5.0E10                   2700                     5029.181510610515        2903.5992989544698       2502.294445801098
1.13817                  0.507097                 8.8                      0.11363636363636362      5.283230418091731E-13    5.285574624642182E-13    0.25                     5.0E10                   2700                     5029.181510610515        2903.5992989544698       2502.294445801098
1.13817                  0.507097                 8.9                      0.11235955056179775      5.285857219827427E-13    5.287441412231601E-13    0.25                     5.0E10                   2700                     5029.181510610515        2903.5992989544698       2502.294445801098
1.13817                  0.507097                 9                        0.11111111111111112      5.288439769971826E-13    5.289278455951358E-13    0.25                     5.0E10                   2700                     5029.181510610515        2903.5992989544698       2502.294445801098
1.13817                  0.507097                 9.1                      0.1098901098901099       5.290978143115908E-13    5.291085909354662E-13    0.25                     5.0E10                   2700                     5029.181510610515        2903.5992989544698       2502.294445801098
1.13817                  0.507097                 9.2                      0.10869565217391305      5.293472341678585E-13    5.292863834307047E-13    0.25                     5.0E10                   2700                     5029.181510610515        2903.5992989544698       2502.294445801098
1.13817                  0.507097                 9.3                      0.10752688172043011      5.295922322099737E-13    5.294612226012225E-13    0.25                     5.0E10                   2700                     5029.181510610515        2903.5992989544698       2502.294445801098
1.13817                  0.507097                 9.4                      0.10638297872340426      5.298328016303878E-13    5.296331034044212E-13    0.25                     5.0E10                   2700                     5029.181510610515        2903.5992989544698       2502.294445801098
1.13817                  0.507097                 9.5                      0.10526315789473685      5.300689349036568E-13    5.298020179634012E-13    0.25                     5.0E10                   2700                     5029.181510610515        2903.5992989544698       2502.294445801098
1.13817                  0.507097                 9.6                      0.10416666666666667      5.303006252213351E-13    5.299679570313438E-13    0.25                     5.0E10                   2700                     5029.181510610515        2903.5992989544698       2502.294445801098
1.13817                  0.507097                 9.700000000000001        0.1030927835051546       5.30527867579922E-13     5.301309111406023E-13    0.25                     5.0E10                   2700                     5029.181510610515        2903.5992989544698       2502.294445801098
1.13817                  0.507097                 9.8                      0.10204081632653059      5.307506596740442E-13    5.302908715629987E-13    0.25                     5.0E10                   2700                     5029.181510610515        2903.5992989544698       2502.294445801098
1.13817                  0.507097                 9.9                      0.101010101010101        5.30969002501046E-13     5.304478310346579E-13    0.25                     5.0E10                   2700                     5029.181510610515        2903.5992989544698       2502.294445801098
1.13817                  0.507097                 10                       0.1                      5.311357926534662E-13    5.305309996944153E-13    0.25                     5.0E10                   2700                     5029.181510610515        2903.5992989544698       2502.294445801098
