0.741571                 0.448334                 0.1                      10                       5.331376956937416E-13    5.331372650814371E-13    0.25                     5.0E10                   2700                     4059.4772515134946       2343.740283930478        2502.294445801098
0.741571                 0.448334                 0.2                      5                        5.3407755074081E-13      5.329230146728308E-13    0.25                     5.0E10                   2700                     4059.4772515134946       2343.740283930478        2502.294445801098
0.741571                 0.448334                 0.30000000000000004      3.3333333333333326       5.351667984469558E-13    5.305574535961495E-13    0.25                     5.0E10                   2700                     4059.4772515134946       2343.740283930478        2502.294445801098
0.741571                 0.448334                 0.4                      2.5                      5.138238605324866E-13    5.131257267033425E-13    0.25                     5.0E10                   2700                     4059.4772515134946       2343.740283930478        2502.294445801098
0.741571                 0.448334                 0.5                      2                        4.797683855913966E-13    4.941368408552289E-13    0.25                     5.0E10                   2700                     4059.4772515134946       2343.740283930478        2502.294445801098
0.741571                 0.448334                 0.6                      1.6666666666666667       4.4920439597855726E-13   4.807567944187713E-13    0.25                     5.0E10                   2700                     4059.4772515134946       2343.740283930478        2502.294445801098
0.741571                 0.448334                 0.7000000000000001       1.4285714285714284       4.3674104851886336E-13   4.828107015741352E-13    0.25                     5.0E10                   2700                     4059.4772515134946       2343.740283930478        2502.294445801098
0.741571                 0.448334                 0.8                      1.25                     4.2377601086761395E-13   4.752864041661834E-13    0.25                     5.0E10                   2700                     4059.4772515134946       2343.740283930478        2502.294445801098
0.741571                 0.448334                 0.9                      1.1111111111111112       4.318601231809865E-13    4.921512215734008E-13    0.25                     5.0E10                   2700                     4059.4772515134946       2343.740283930478        2502.294445801098
0.741571                 0.448334                 1                        1                        4.303710907936507E-13    4.918113851639103E-13    0.25                     5.0E10                   2700                     4059.4772515134946       2343.740283930478        2502.294445801098
0.741571                 0.448334                 1.1                      0.909090909090909        4.307695786199641E-13    4.985897905053717E-13    0.25                     5.0E10                   2700                     4059.4772515134946       2343.740283930478        2502.294445801098
0.741571                 0.448334                 1.2000000000000002       0.8333333333333331       4.4784539600948597E-13   5.20019066599979E-13     0.25                     5.0E10                   2700                     4059.4772515134946       2343.740283930478        2502.294445801098
0.741571                 0.448334                 1.3000000000000003       0.769230769230769        4.717907611284169E-13    5.415905154288868E-13    0.25                     5.0E10                   2700                     4059.4772515134946       2343.740283930478        2502.294445801098
0.741571                 0.448334                 1.4000000000000001       0.7142857142857142       4.4804082618919643E-13   5.042443850939067E-13    0.25                     5.0E10                   2700                     4059.4772515134946       2343.740283930478        2502.294445801098
0.741571                 0.448334                 1.5000000000000002       0.6666666666666665       4.561116867982535E-13    4.995182122750791E-13    0.25                     5.0E10                   2700                     4059.4772515134946       2343.740283930478        2502.294445801098
0.741571                 0.448334                 1.6                      0.625                    4.992078590346538E-13    5.301932523893752E-13    0.25                     5.0E10                   2700                     4059.4772515134946       2343.740283930478        2502.294445801098
0.741571                 0.448334                 1.7000000000000002       0.588235294117647        5.517464213215348E-13    5.686474397724191E-13    0.25                     5.0E10                   2700                     4059.4772515134946       2343.740283930478        2502.294445801098
0.741571                 0.448334                 1.8000000000000003       0.5555555555555555       5.808026407810401E-13    5.823472302711076E-13    0.25                     5.0E10                   2700                     4059.4772515134946       2343.740283930478        2502.294445801098
0.741571                 0.448334                 1.9000000000000001       0.5263157894736842       5.82235646097516E-13     5.694523114573317E-13    0.25                     5.0E10                   2700                     4059.4772515134946       2343.740283930478        2502.294445801098
0.741571                 0.448334                 2                        0.5                      5.790274413998058E-13    5.538682604635926E-13    0.25                     5.0E10                   2700                     4059.4772515134946       2343.740283930478        2502.294445801098
0.741571                 0.448334                 2.1                      0.47619047619047616      5.866318613568588E-13    5.505415124461516E-13    0.25                     5.0E10                   2700                     4059.4772515134946       2343.740283930478        2502.294445801098
0.741571                 0.448334                 2.2                      0.4545454545454545       6.053277368849894E-13    5.594257514473598E-13    0.25                     5.0E10                   2700                     4059.4772515134946       2343.740283930478        2502.294445801098
0.741571                 0.448334                 2.3000000000000003       0.43478260869565216      6.279290390108352E-13    5.736157895677388E-13    0.25                     5.0E10                   2700                     4059.4772515134946       2343.740283930478        2502.294445801098
0.741571                 0.448334                 2.4000000000000004       0.4166666666666666       6.462525568514118E-13    5.855944174298769E-13    0.25                     5.0E10                   2700                     4059.4772515134946       2343.740283930478        2502.294445801098
0.741571                 0.448334                 2.5000000000000004       0.3999999999999999       6.558086114092365E-13    5.911149003937455E-13    0.25                     5.0E10                   2700                     4059.4772515134946       2343.740283930478        2502.294445801098
0.741571                 0.448334                 2.6                      0.3846153846153846       6.563717746489714E-13    5.897020557197693E-13    0.25                     5.0E10                   2700                     4059.4772515134946       2343.740283930478        2502.294445801098
0.741571                 0.448334                 2.7                      0.37037037037037035      6.505125342763886E-13    5.833800625400784E-13    0.25                     5.0E10                   2700                     4059.4772515134946       2343.740283930478        2502.294445801098
0.741571                 0.448334                 2.8000000000000003       0.3571428571428571       6.414651200941139E-13    5.747923309891564E-13    0.25                     5.0E10                   2700                     4059.4772515134946       2343.740283930478        2502.294445801098
0.741571                 0.448334                 2.9000000000000004       0.3448275862068965       6.318496027743559E-13    5.660995320046481E-13    0.25                     5.0E10                   2700                     4059.4772515134946       2343.740283930478        2502.294445801098
0.741571                 0.448334                 3.0000000000000004       0.33333333333333326      6.233285521361797E-13    5.586749062867188E-13    0.25                     5.0E10                   2700                     4059.4772515134946       2343.740283930478        2502.294445801098
0.741571                 0.448334                 3.1                      0.32258064516129037      6.167502871136991E-13    5.53216913032552E-13     0.25                     5.0E10                   2700                     4059.4772515134946       2343.740283930478        2502.294445801098
0.741571                 0.448334                 3.2                      0.3125                   6.124072892278279E-13    5.499626644078887E-13    0.25                     5.0E10                   2700                     4059.4772515134946       2343.740283930478        2502.294445801098
0.741571                 0.448334                 3.3000000000000003       0.30303030303030304      6.102545665563998E-13    5.488682464073082E-13    0.25                     5.0E10                   2700                     4059.4772515134946       2343.740283930478        2502.294445801098
0.741571                 0.448334                 3.4000000000000004       0.2941176470588235       6.100854834738464E-13    5.497537332632373E-13    0.25                     5.0E10                   2700                     4059.4772515134946       2343.740283930478        2502.294445801098
0.741571                 0.448334                 3.5000000000000004       0.2857142857142857       6.115077239430164E-13    5.522782835268698E-13    0.25                     5.0E10                   2700                     4059.4772515134946       2343.740283930478        2502.294445801098
0.741571                 0.448334                 3.6                      0.2777777777777778       6.141723487665632E-13    5.561363798235457E-13    0.25                     5.0E10                   2700                     4059.4772515134946       2343.740283930478        2502.294445801098
0.741571                 0.448334                 3.7                      0.2702702702702703       6.176930310553239E-13    5.609833354762629E-13    0.25                     5.0E10                   2700                     4059.4772515134946       2343.740283930478        2502.294445801098
0.741571                 0.448334                 3.8000000000000003       0.2631578947368421       6.216965646455852E-13    5.664787384385488E-13    0.25                     5.0E10                   2700                     4059.4772515134946       2343.740283930478        2502.294445801098
0.741571                 0.448334                 3.9000000000000004       0.2564102564102564       6.258394003333544E-13    5.723005682114495E-13    0.25                     5.0E10                   2700                     4059.4772515134946       2343.740283930478        2502.294445801098
0.741571                 0.448334                 4                        0.25                     6.298199873863354E-13    5.781565380573884E-13    0.25                     5.0E10                   2700                     4059.4772515134946       2343.740283930478        2502.294445801098
0.741571                 0.448334                 4.1                      0.24390243902439027      6.333875352648276E-13    5.83793036265972E-13     0.25                     5.0E10                   2700                     4059.4772515134946       2343.740283930478        2502.294445801098
0.741571                 0.448334                 4.2                      0.23809523809523808      6.363471929937502E-13    5.890014534440197E-13    0.25                     5.0E10                   2700                     4059.4772515134946       2343.740283930478        2502.294445801098
0.741571                 0.448334                 4.3                      0.23255813953488372      6.385617705311135E-13    5.936217372481951E-13    0.25                     5.0E10                   2700                     4059.4772515134946       2343.740283930478        2502.294445801098
0.741571                 0.448334                 4.3999999999999995       0.22727272727272732      6.399490119896934E-13    5.975422003788821E-13    0.25                     5.0E10                   2700                     4059.4772515134946       2343.740283930478        2502.294445801098
0.741571                 0.448334                 4.5                      0.22222222222222224      6.407332787291246E-13    6.009728318431931E-13    0.25                     5.0E10                   2700                     4059.4772515134946       2343.740283930478        2502.294445801098
0.741571                 0.448334                 4.6                      0.2173913043478261       6.403783488270881E-13    6.033041336925045E-13    0.25                     5.0E10                   2700                     4059.4772515134946       2343.740283930478        2502.294445801098
0.741571                 0.448334                 4.7                      0.2127659574468085       6.392262687161412E-13    6.048607833417468E-13    0.25                     5.0E10                   2700                     4059.4772515134946       2343.740283930478        2502.294445801098
0.741571                 0.448334                 4.8                      0.20833333333333334      6.373494835551274E-13    6.056824920280737E-13    0.25                     5.0E10                   2700                     4059.4772515134946       2343.740283930478        2502.294445801098
0.741571                 0.448334                 4.9                      0.20408163265306117      6.348370292071912E-13    6.058289649128093E-13    0.25                     5.0E10                   2700                     4059.4772515134946       2343.740283930478        2502.294445801098
0.741571                 0.448334                 5                        0.2                      6.317915959801579E-13    6.053567061675107E-13    0.25                     5.0E10                   2700                     4059.4772515134946       2343.740283930478        2502.294445801098
0.741571                 0.448334                 5.1                      0.19607843137254904      6.282971636706973E-13    6.043750224667289E-13    0.25                     5.0E10                   2700                     4059.4772515134946       2343.740283930478        2502.294445801098
0.741571                 0.448334                 5.2                      0.1923076923076923       6.24463797302271E-13     6.029525678929076E-13    0.25                     5.0E10                   2700                     4059.4772515134946       2343.740283930478        2502.294445801098
0.741571                 0.448334                 5.3                      0.18867924528301888      6.203834814102104E-13    6.011694773156741E-13    0.25                     5.0E10                   2700                     4059.4772515134946       2343.740283930478        2502.294445801098
0.741571                 0.448334                 5.4                      0.18518518518518517      6.161397844218875E-13    5.991013568844366E-13    0.25                     5.0E10                   2700                     4059.4772515134946       2343.740283930478        2502.294445801098
0.741571                 0.448334                 5.5                      0.18181818181818182      6.118065528524571E-13    5.968174747227298E-13    0.25                     5.0E10                   2700                     4059.4772515134946       2343.740283930478        2502.294445801098
0.741571                 0.448334                 5.6                      0.17857142857142858      6.07447426226886E-13     5.9437973896821E-13      0.25                     5.0E10                   2700                     4059.4772515134946       2343.740283930478        2502.294445801098
0.741571                 0.448334                 5.7                      0.17543859649122806      6.031166095049885E-13    5.918430154586649E-13    0.25                     5.0E10                   2700                     4059.4772515134946       2343.740283930478        2502.294445801098
0.741571                 0.448334                 5.8                      0.1724137931034483       5.988568359566246E-13    5.892523124075659E-13    0.25                     5.0E10                   2700                     4059.4772515134946       2343.740283930478        2502.294445801098
0.741571                 0.448334                 5.9                      0.1694915254237288       5.947039648868431E-13    5.866473624891705E-13    0.25                     5.0E10                   2700                     4059.4772515134946       2343.740283930478        2502.294445801098
0.741571                 0.448334                 6                        0.16666666666666666      5.906854145168842E-13    5.840604020978272E-13    0.25                     5.0E10                   2700                     4059.4772515134946       2343.740283930478        2502.294445801098
0.741571                 0.448334                 6.1                      0.16393442622950818      5.868217591430503E-13    5.815175185522681E-13    0.25                     5.0E10                   2700                     4059.4772515134946       2343.740283930478        2502.294445801098
0.741571                 0.448334                 6.2                      0.16129032258064518      5.831276968638631E-13    5.790393581386E-13       0.25                     5.0E10                   2700                     4059.4772515134946       2343.740283930478        2502.294445801098
0.741571                 0.448334                 6.3                      0.15873015873015872      5.796129634897628E-13    5.766418324193068E-13    0.25                     5.0E10                   2700                     4059.4772515134946       2343.740283930478        2502.294445801098
0.741571                 0.448334                 6.4                      0.15625                  5.762831691226627E-13    5.743367925889026E-13    0.25                     5.0E10                   2700                     4059.4772515134946       2343.740283930478        2502.294445801098
0.741571                 0.448334                 6.5                      0.15384615384615383      5.731405457164221E-13    5.721326534338457E-13    0.25                     5.0E10                   2700                     4059.4772515134946       2343.740283930478        2502.294445801098
0.741571                 0.448334                 6.6                      0.15151515151515152      5.701846025820833E-13    5.700349572584128E-13    0.25                     5.0E10                   2700                     4059.4772515134946       2343.740283930478        2502.294445801098
0.741571                 0.448334                 6.7                      0.1492537313432836       5.674126922596236E-13    5.680468742695871E-13    0.25                     5.0E10                   2700                     4059.4772515134946       2343.740283930478        2502.294445801098
0.741571                 0.448334                 6.8                      0.14705882352941177      5.648204925323225E-13    5.661696399910868E-13    0.25                     5.0E10                   2700                     4059.4772515134946       2343.740283930478        2502.294445801098
0.741571                 0.448334                 6.9                      0.14492753623188404      5.624024122965501E-13    5.644029329671834E-13    0.25                     5.0E10                   2700                     4059.4772515134946       2343.740283930478        2502.294445801098
0.741571                 0.448334                 7                        0.14285714285714285      5.601519296976627E-13    5.627451974380556E-13    0.25                     5.0E10                   2700                     4059.4772515134946       2343.740283930478        2502.294445801098
0.741571                 0.448334                 7.1                      0.14084507042253522      5.580618710385693E-13    5.611939164750691E-13    0.25                     5.0E10                   2700                     4059.4772515134946       2343.740283930478        2502.294445801098
0.741571                 0.448334                 7.2                      0.1388888888888889       5.561246386406445E-13    5.597458412252875E-13    0.25                     5.0E10                   2700                     4059.4772515134946       2343.740283930478        2502.294445801098
0.741571                 0.448334                 7.3                      0.13698630136986303      5.543323950231416E-13    5.583971817607396E-13    0.25                     5.0E10                   2700                     4059.4772515134946       2343.740283930478        2502.294445801098
0.741571                 0.448334                 7.4                      0.13513513513513514      5.526772103074804E-13    5.571437647840055E-13    0.25                     5.0E10                   2700                     4059.4772515134946       2343.740283930478        2502.294445801098
0.741571                 0.448334                 7.5                      0.13333333333333333      5.511511786218626E-13    5.559811628574429E-13    0.25                     5.0E10                   2700                     4059.4772515134946       2343.740283930478        2502.294445801098
0.741571                 0.448334                 7.6                      0.13157894736842105      5.497465088325765E-13    5.549047994762566E-13    0.25                     5.0E10                   2700                     4059.4772515134946       2343.740283930478        2502.294445801098
0.741571                 0.448334                 7.7                      0.12987012987012989      5.484555939439943E-13    5.539100336731835E-13    0.25                     5.0E10                   2700                     4059.4772515134946       2343.740283930478        2502.294445801098
0.741571                 0.448334                 7.8                      0.12820512820512822      5.472710630000356E-13    5.529922274548684E-13    0.25                     5.0E10                   2700                     4059.4772515134946       2343.740283930478        2502.294445801098
0.741571                 0.448334                 7.9                      0.12658227848101267      5.461858187087757E-13    5.521467988829209E-13    0.25                     5.0E10                   2700                     4059.4772515134946       2343.740283930478        2502.294445801098
0.741571                 0.448334                 8                        0.125                    5.451930634181685E-13    5.513692632016468E-13    0.25                     5.0E10                   2700                     4059.4772515134946       2343.740283930478        2502.294445801098
0.741571                 0.448334                 8.1                      0.1234567901234568       5.442863158476534E-13    5.506552641370615E-13    0.25                     5.0E10                   2700                     4059.4772515134946       2343.740283930478        2502.294445801098
0.741571                 0.448334                 8.2                      0.12195121951219513      5.434594201899898E-13    5.500005969876062E-13    0.25                     5.0E10                   2700                     4059.4772515134946       2343.740283930478        2502.294445801098
0.741571                 0.448334                 8.3                      0.12048192771084336      5.427065494236542E-13    5.494012251248303E-13    0.25                     5.0E10                   2700                     4059.4772515134946       2343.740283930478        2502.294445801098
0.741571                 0.448334                 8.4                      0.11904761904761904      5.42022203892072E-13     5.488532910283164E-13    0.25                     5.0E10                   2700                     4059.4772515134946       2343.740283930478        2502.294445801098
0.741571                 0.448334                 8.5                      0.11764705882352941      5.414028438047876E-13    5.483549688141894E-13    0.25                     5.0E10                   2700                     4059.4772515134946       2343.740283930478        2502.294445801098
0.741571                 0.448334                 8.6                      0.11627906976744186      5.408403646147173E-13    5.4789912473823E-13      0.25                     5.0E10                   2700                     4059.4772515134946       2343.740283930478        2502.294445801098
0.741571                 0.448334                 8.7                      0.11494252873563218      5.403318129347114E-13    5.474842703288693E-13    0.25                     5.0E10                   2700                     4059.4772515134946       2343.740283930478        2502.294445801098
0.741571                 0.448334                 8.8                      0.11363636363636362      5.398729247259128E-13    5.471072994245119E-13    0.25                     5.0E10                   2700                     4059.4772515134946       2343.740283930478        2502.294445801098
0.741571                 0.448334                 8.9                      0.11235955056179775      5.394597173584642E-13    5.467652896596352E-13    0.25                     5.0E10                   2700                     4059.4772515134946       2343.740283930478        2502.294445801098
0.741571                 0.448334                 9                        0.11111111111111112      5.390884767010687E-13    5.464554975708925E-13    0.25                     5.0E10                   2700                     4059.4772515134946       2343.740283930478        2502.294445801098
0.741571                 0.448334                 9.1                      0.1098901098901099       5.387557438869447E-13    5.461753527276141E-13    0.25                     5.0E10                   2700                     4059.4772515134946       2343.740283930478        2502.294445801098
0.741571                 0.448334                 9.2                      0.10869565217391305      5.38458301923497E-13     5.459224511498476E-13    0.25                     5.0E10                   2700                     4059.4772515134946       2343.740283930478        2502.294445801098
0.741571                 0.448334                 9.3                      0.10752688172043011      5.38193162433306E-13     5.456945482781812E-13    0.25                     5.0E10                   2700                     4059.4772515134946       2343.740283930478        2502.294445801098
0.741571                 0.448334                 9.4                      0.10638297872340426      5.379575525129666E-13    5.454895516015004E-13    0.25                     5.0E10                   2700                     4059.4772515134946       2343.740283930478        2502.294445801098
0.741571                 0.448334                 9.5                      0.10526315789473685      5.377489019919844E-13    5.453055131658768E-13    0.25                     5.0E10                   2700                     4059.4772515134946       2343.740283930478        2502.294445801098
0.741571                 0.448334                 9.6                      0.10416666666666667      5.375648310110281E-13    5.451406220222423E-13    0.25                     5.0E10                   2700                     4059.4772515134946       2343.740283930478        2502.294445801098
0.741571                 0.448334                 9.700000000000001        0.1030927835051546       5.374031380882719E-13    5.44993196729727E-13     0.25                     5.0E10                   2700                     4059.4772515134946       2343.740283930478        2502.294445801098
0.741571                 0.448334                 9.8                      0.10204081632653059      5.372617886911769E-13    5.448616779989278E-13    0.25                     5.0E10                   2700                     4059.4772515134946       2343.740283930478        2502.294445801098
0.741571                 0.448334                 9.9                      0.101010101010101        5.371389042511108E-13    5.447446214725666E-13    0.25                     5.0E10                   2700                     4059.4772515134946       2343.740283930478        2502.294445801098
0.741571                 0.448334                 10                       0.1                      5.369979314594929E-13    5.445660074229317E-13    0.25                     5.0E10                   2700                     4059.4772515134946       2343.740283930478        2502.294445801098
