0.830495                 0.97246                  0.1                      10                       5.331414406658654E-13    5.331436153180872E-13    0.25                     5.0E10                   2700                     4295.98003305933         2480.2852285200615       2502.294445801098
0.830495                 0.97246                  0.2                      5                        5.33492346113718E-13     5.331584082366669E-13    0.25                     5.0E10                   2700                     4295.98003305933         2480.2852285200615       2502.294445801098
0.830495                 0.97246                  0.30000000000000004      3.3333333333333326       5.366592907415685E-13    5.363030043502624E-13    0.25                     5.0E10                   2700                     4295.98003305933         2480.2852285200615       2502.294445801098
0.830495                 0.97246                  0.4                      2.5                      5.328111575977478E-13    5.331050649327378E-13    0.25                     5.0E10                   2700                     4295.98003305933         2480.2852285200615       2502.294445801098
0.830495                 0.97246                  0.5                      2                        5.334113880262759E-13    5.326945668246625E-13    0.25                     5.0E10                   2700                     4295.98003305933         2480.2852285200615       2502.294445801098
0.830495                 0.97246                  0.6                      1.6666666666666667       5.370460376697555E-13    5.348631907562681E-13    0.25                     5.0E10                   2700                     4295.98003305933         2480.2852285200615       2502.294445801098
0.830495                 0.97246                  0.7000000000000001       1.4285714285714284       5.388128826894192E-13    5.336320326849048E-13    0.25                     5.0E10                   2700                     4295.98003305933         2480.2852285200615       2502.294445801098
0.830495                 0.97246                  0.8                      1.25                     5.353653676238713E-13    5.265868377095756E-13    0.25                     5.0E10                   2700                     4295.98003305933         2480.2852285200615       2502.294445801098
0.830495                 0.97246                  0.9                      1.1111111111111112       5.315623665588669E-13    5.254117413025271E-13    0.25                     5.0E10                   2700                     4295.98003305933         2480.2852285200615       2502.294445801098
0.830495                 0.97246                  1                        1                        5.265204469169577E-13    5.215539164562728E-13    0.25                     5.0E10                   2700                     4295.98003305933         2480.2852285200615       2502.294445801098
0.830495                 0.97246                  1.1                      0.909090909090909        5.168378956891085E-13    5.205237900018898E-13    0.25                     5.0E10                   2700                     4295.98003305933         2480.2852285200615       2502.294445801098
0.830495                 0.97246                  1.2000000000000002       0.8333333333333331       5.084865034516803E-13    5.198561364450655E-13    0.25                     5.0E10                   2700                     4295.98003305933         2480.2852285200615       2502.294445801098
0.830495                 0.97246                  1.3000000000000003       0.769230769230769        5.023102776886895E-13    5.200243190389349E-13    0.25                     5.0E10                   2700                     4295.98003305933         2480.2852285200615       2502.294445801098
0.830495                 0.97246                  1.4000000000000001       0.7142857142857142       4.911695448842513E-13    5.161934350527319E-13    0.25                     5.0E10                   2700                     4295.98003305933         2480.2852285200615       2502.294445801098
0.830495                 0.97246                  1.5000000000000002       0.6666666666666665       4.830115457429443E-13    5.148878333978495E-13    0.25                     5.0E10                   2700                     4295.98003305933         2480.2852285200615       2502.294445801098
0.830495                 0.97246                  1.6                      0.625                    4.803692533453688E-13    5.16044503644123E-13     0.25                     5.0E10                   2700                     4295.98003305933         2480.2852285200615       2502.294445801098
0.830495                 0.97246                  1.7000000000000002       0.588235294117647        4.868189239052781E-13    5.235456648193221E-13    0.25                     5.0E10                   2700                     4295.98003305933         2480.2852285200615       2502.294445801098
0.830495                 0.97246                  1.8000000000000003       0.5555555555555555       4.915975841704307E-13    5.2697680588443E-13      0.25                     5.0E10                   2700                     4295.98003305933         2480.2852285200615       2502.294445801098
0.830495                 0.97246                  1.9000000000000001       0.5263157894736842       4.914426966066962E-13    5.238267880663244E-13    0.25                     5.0E10                   2700                     4295.98003305933         2480.2852285200615       2502.294445801098
0.830495                 0.97246                  2                        0.5                      4.925957813133514E-13    5.214435711795654E-13    0.25                     5.0E10                   2700                     4295.98003305933         2480.2852285200615       2502.294445801098
0.830495                 0.97246                  2.1                      0.47619047619047616      4.983657369826237E-13    5.238398902124438E-13    0.25                     5.0E10                   2700                     4295.98003305933         2480.2852285200615       2502.294445801098
0.830495                 0.97246                  2.2                      0.4545454545454545       5.068110571683293E-13    5.292210341964452E-13    0.25                     5.0E10                   2700                     4295.98003305933         2480.2852285200615       2502.294445801098
0.830495                 0.97246                  2.3000000000000003       0.43478260869565216      5.144350024782197E-13    5.339931924317136E-13    0.25                     5.0E10                   2700                     4295.98003305933         2480.2852285200615       2502.294445801098
0.830495                 0.97246                  2.4000000000000004       0.4166666666666666       5.193601501106319E-13    5.361603791609488E-13    0.25                     5.0E10                   2700                     4295.98003305933         2480.2852285200615       2502.294445801098
0.830495                 0.97246                  2.5000000000000004       0.3999999999999999       5.218551784820995E-13    5.358636159847145E-13    0.25                     5.0E10                   2700                     4295.98003305933         2480.2852285200615       2502.294445801098
0.830495                 0.97246                  2.6                      0.3846153846153846       5.23016915624145E-13     5.34323799491488E-13     0.25                     5.0E10                   2700                     4295.98003305933         2480.2852285200615       2502.294445801098
0.830495                 0.97246                  2.7                      0.37037037037037035      5.239877410624228E-13    5.326340242240907E-13    0.25                     5.0E10                   2700                     4295.98003305933         2480.2852285200615       2502.294445801098
0.830495                 0.97246                  2.8000000000000003       0.3571428571428571       5.253424543896496E-13    5.313932164128929E-13    0.25                     5.0E10                   2700                     4295.98003305933         2480.2852285200615       2502.294445801098
0.830495                 0.97246                  2.9000000000000004       0.3448275862068965       5.27212614763982E-13     5.307579083174883E-13    0.25                     5.0E10                   2700                     4295.98003305933         2480.2852285200615       2502.294445801098
0.830495                 0.97246                  3.0000000000000004       0.33333333333333326      5.295072645551082E-13    5.306596036035397E-13    0.25                     5.0E10                   2700                     4295.98003305933         2480.2852285200615       2502.294445801098
0.830495                 0.97246                  3.1                      0.32258064516129037      5.320925342996703E-13    5.309835578507943E-13    0.25                     5.0E10                   2700                     4295.98003305933         2480.2852285200615       2502.294445801098
0.830495                 0.97246                  3.2                      0.3125                   5.348800308723508E-13    5.316569307555199E-13    0.25                     5.0E10                   2700                     4295.98003305933         2480.2852285200615       2502.294445801098
0.830495                 0.97246                  3.3000000000000003       0.30303030303030304      5.379525383738565E-13    5.327835574274088E-13    0.25                     5.0E10                   2700                     4295.98003305933         2480.2852285200615       2502.294445801098
0.830495                 0.97246                  3.4000000000000004       0.2941176470588235       5.411118897338614E-13    5.341647112312871E-13    0.25                     5.0E10                   2700                     4295.98003305933         2480.2852285200615       2502.294445801098
0.830495                 0.97246                  3.5000000000000004       0.2857142857142857       5.444663092541938E-13    5.35913174595918E-13     0.25                     5.0E10                   2700                     4295.98003305933         2480.2852285200615       2502.294445801098
0.830495                 0.97246                  3.6                      0.2777777777777778       5.480365390893101E-13    5.380630642151762E-13    0.25                     5.0E10                   2700                     4295.98003305933         2480.2852285200615       2502.294445801098
0.830495                 0.97246                  3.7                      0.2702702702702703       5.518020058313343E-13    5.405997722334104E-13    0.25                     5.0E10                   2700                     4295.98003305933         2480.2852285200615       2502.294445801098
0.830495                 0.97246                  3.8000000000000003       0.2631578947368421       5.557122235674231E-13    5.434772127727638E-13    0.25                     5.0E10                   2700                     4295.98003305933         2480.2852285200615       2502.294445801098
0.830495                 0.97246                  3.9000000000000004       0.2564102564102564       5.596914283528743E-13    5.466221085909009E-13    0.25                     5.0E10                   2700                     4295.98003305933         2480.2852285200615       2502.294445801098
0.830495                 0.97246                  4                        0.25                     5.63647394251134E-13     5.499420546850088E-13    0.25                     5.0E10                   2700                     4295.98003305933         2480.2852285200615       2502.294445801098
0.830495                 0.97246                  4.1                      0.24390243902439027      5.674808870242592E-13    5.533346893848456E-13    0.25                     5.0E10                   2700                     4295.98003305933         2480.2852285200615       2502.294445801098
0.830495                 0.97246                  4.2                      0.23809523809523808      5.710947361237656E-13    5.566965035455665E-13    0.25                     5.0E10                   2700                     4295.98003305933         2480.2852285200615       2502.294445801098
0.830495                 0.97246                  4.3                      0.23255813953488372      5.744012539089988E-13    5.599302689110838E-13    0.25                     5.0E10                   2700                     4295.98003305933         2480.2852285200615       2502.294445801098
0.830495                 0.97246                  4.3999999999999995       0.22727272727272732      5.773276028725091E-13    5.629506521918767E-13    0.25                     5.0E10                   2700                     4295.98003305933         2480.2852285200615       2502.294445801098
0.830495                 0.97246                  4.5                      0.22222222222222224      5.798191562659286E-13    5.656879723674929E-13    0.25                     5.0E10                   2700                     4295.98003305933         2480.2852285200615       2502.294445801098
0.830495                 0.97246                  4.6                      0.2173913043478261       5.818403001418653E-13    5.680898147277E-13       0.25                     5.0E10                   2700                     4295.98003305933         2480.2852285200615       2502.294445801098
0.830495                 0.97246                  4.7                      0.2127659574468085       5.833747411104035E-13    5.701216882068451E-13    0.25                     5.0E10                   2700                     4295.98003305933         2480.2852285200615       2502.294445801098
0.830495                 0.97246                  4.8                      0.20833333333333334      5.844234457983942E-13    5.717658720416573E-13    0.25                     5.0E10                   2700                     4295.98003305933         2480.2852285200615       2502.294445801098
0.830495                 0.97246                  4.9                      0.20408163265306117      5.851096067678596E-13    5.731273356833623E-13    0.25                     5.0E10                   2700                     4295.98003305933         2480.2852285200615       2502.294445801098
0.830495                 0.97246                  5                        0.2                      5.852453846219988E-13    5.739901441805562E-13    0.25                     5.0E10                   2700                     4295.98003305933         2480.2852285200615       2502.294445801098
0.830495                 0.97246                  5.1                      0.19607843137254904      5.849605818004109E-13    5.744870878736781E-13    0.25                     5.0E10                   2700                     4295.98003305933         2480.2852285200615       2502.294445801098
0.830495                 0.97246                  5.2                      0.1923076923076923       5.843151084128065E-13    5.746526959560663E-13    0.25                     5.0E10                   2700                     4295.98003305933         2480.2852285200615       2502.294445801098
0.830495                 0.97246                  5.3                      0.18867924528301888      5.833548342684801E-13    5.745191532778677E-13    0.25                     5.0E10                   2700                     4295.98003305933         2480.2852285200615       2502.294445801098
0.830495                 0.97246                  5.4                      0.18518518518518517      5.82126684263981E-13     5.74121444943021E-13     0.25                     5.0E10                   2700                     4295.98003305933         2480.2852285200615       2502.294445801098
0.830495                 0.97246                  5.5                      0.18181818181818182      5.80676846680703E-13     5.734955806579839E-13    0.25                     5.0E10                   2700                     4295.98003305933         2480.2852285200615       2502.294445801098
0.830495                 0.97246                  5.6                      0.17857142857142858      5.790496536050092E-13    5.726774268879949E-13    0.25                     5.0E10                   2700                     4295.98003305933         2480.2852285200615       2502.294445801098
0.830495                 0.97246                  5.7                      0.17543859649122806      5.772856712900928E-13    5.717006750488625E-13    0.25                     5.0E10                   2700                     4295.98003305933         2480.2852285200615       2502.294445801098
0.830495                 0.97246                  5.8                      0.1724137931034483       5.754225033587797E-13    5.705975241596745E-13    0.25                     5.0E10                   2700                     4295.98003305933         2480.2852285200615       2502.294445801098
0.830495                 0.97246                  5.9                      0.1694915254237288       5.734935244770316E-13    5.693972521143913E-13    0.25                     5.0E10                   2700                     4295.98003305933         2480.2852285200615       2502.294445801098
0.830495                 0.97246                  6                        0.16666666666666666      5.715280124419126E-13    5.681261839044584E-13    0.25                     5.0E10                   2700                     4295.98003305933         2480.2852285200615       2502.294445801098
0.830495                 0.97246                  6.1                      0.16393442622950818      5.695512163248275E-13    5.668075979857833E-13    0.25                     5.0E10                   2700                     4295.98003305933         2480.2852285200615       2502.294445801098
0.830495                 0.97246                  6.2                      0.16129032258064518      5.675845451314828E-13    5.654617611562807E-13    0.25                     5.0E10                   2700                     4295.98003305933         2480.2852285200615       2502.294445801098
0.830495                 0.97246                  6.3                      0.15873015873015872      5.656458359245178E-13    5.64106054894825E-13     0.25                     5.0E10                   2700                     4295.98003305933         2480.2852285200615       2502.294445801098
0.830495                 0.97246                  6.4                      0.15625                  5.637496687992172E-13    5.627551626658175E-13    0.25                     5.0E10                   2700                     4295.98003305933         2480.2852285200615       2502.294445801098
0.830495                 0.97246                  6.5                      0.15384615384615383      5.619077034487676E-13    5.614212938525466E-13    0.25                     5.0E10                   2700                     4295.98003305933         2480.2852285200615       2502.294445801098
0.830495                 0.97246                  6.6                      0.15151515151515152      5.60129018852468E-13     5.601144257035026E-13    0.25                     5.0E10                   2700                     4295.98003305933         2480.2852285200615       2502.294445801098
0.830495                 0.97246                  6.7                      0.1492537313432836       5.584204429372253E-13    5.588425494842955E-13    0.25                     5.0E10                   2700                     4295.98003305933         2480.2852285200615       2502.294445801098
0.830495                 0.97246                  6.8                      0.14705882352941177      5.567868635881107E-13    5.576119110612868E-13    0.25                     5.0E10                   2700                     4295.98003305933         2480.2852285200615       2502.294445801098
0.830495                 0.97246                  6.9                      0.14492753623188404      5.552315156666197E-13    5.564272393238895E-13    0.25                     5.0E10                   2700                     4295.98003305933         2480.2852285200615       2502.294445801098
0.830495                 0.97246                  7                        0.14285714285714285      5.537562414317587E-13    5.552919583925687E-13    0.25                     5.0E10                   2700                     4295.98003305933         2480.2852285200615       2502.294445801098
0.830495                 0.97246                  7.1                      0.14084507042253522      5.523617233342079E-13    5.542083813188448E-13    0.25                     5.0E10                   2700                     4295.98003305933         2480.2852285200615       2502.294445801098
0.830495                 0.97246                  7.2                      0.1388888888888889       5.51047689812107E-13     5.531778845030456E-13    0.25                     5.0E10                   2700                     4295.98003305933         2480.2852285200615       2502.294445801098
0.830495                 0.97246                  7.3                      0.13698630136986303      5.498130951652842E-13    5.522010628367264E-13    0.25                     5.0E10                   2700                     4295.98003305933         2480.2852285200615       2502.294445801098
0.830495                 0.97246                  7.4                      0.13513513513513514      5.486562754794077E-13    5.512778663851127E-13    0.25                     5.0E10                   2700                     4295.98003305933         2480.2852285200615       2502.294445801098
0.830495                 0.97246                  7.5                      0.13333333333333333      5.475756112842288E-13    5.504082788746752E-13    0.25                     5.0E10                   2700                     4295.98003305933         2480.2852285200615       2502.294445801098
0.830495                 0.97246                  7.6                      0.13157894736842105      5.465675528582025E-13    5.495902100652909E-13    0.25                     5.0E10                   2700                     4295.98003305933         2480.2852285200615       2502.294445801098
0.830495                 0.97246                  7.7                      0.12987012987012989      5.456298114520109E-13    5.488228630628918E-13    0.25                     5.0E10                   2700                     4295.98003305933         2480.2852285200615       2502.294445801098
0.830495                 0.97246                  7.8                      0.12820512820512822      5.44759402812248E-13     5.481046496244631E-13    0.25                     5.0E10                   2700                     4295.98003305933         2480.2852285200615       2502.294445801098
0.830495                 0.97246                  7.9                      0.12658227848101267      5.439532179257293E-13    5.47433788567855E-13     0.25                     5.0E10                   2700                     4295.98003305933         2480.2852285200615       2502.294445801098
0.830495                 0.97246                  8                        0.125                    5.432080788633081E-13    5.468083600335077E-13    0.25                     5.0E10                   2700                     4295.98003305933         2480.2852285200615       2502.294445801098
0.830495                 0.97246                  8.1                      0.1234567901234568       5.425207845852649E-13    5.462263509267774E-13    0.25                     5.0E10                   2700                     4295.98003305933         2480.2852285200615       2502.294445801098
0.830495                 0.97246                  8.2                      0.12195121951219513      5.41888147949482E-13     5.456856925943701E-13    0.25                     5.0E10                   2700                     4295.98003305933         2480.2852285200615       2502.294445801098
0.830495                 0.97246                  8.3                      0.12048192771084336      5.413070254715244E-13    5.451842919400834E-13    0.25                     5.0E10                   2700                     4295.98003305933         2480.2852285200615       2502.294445801098
0.830495                 0.97246                  8.4                      0.11904761904761904      5.407743407226243E-13    5.447200567733065E-13    0.25                     5.0E10                   2700                     4295.98003305933         2480.2852285200615       2502.294445801098
0.830495                 0.97246                  8.5                      0.11764705882352941      5.402871025108077E-13    5.442909163091979E-13    0.25                     5.0E10                   2700                     4295.98003305933         2480.2852285200615       2502.294445801098
0.830495                 0.97246                  8.6                      0.11627906976744186      5.398424185742249E-13    5.438948374920221E-13    0.25                     5.0E10                   2700                     4295.98003305933         2480.2852285200615       2502.294445801098
0.830495                 0.97246                  8.7                      0.11494252873563218      5.394375056192954E-13    5.435298378135414E-13    0.25                     5.0E10                   2700                     4295.98003305933         2480.2852285200615       2502.294445801098
0.830495                 0.97246                  8.8                      0.11363636363636362      5.390696962392092E-13    5.431939951394529E-13    0.25                     5.0E10                   2700                     4295.98003305933         2480.2852285200615       2502.294445801098
0.830495                 0.97246                  8.9                      0.11235955056179775      5.387364433326008E-13    5.428854550597268E-13    0.25                     5.0E10                   2700                     4295.98003305933         2480.2852285200615       2502.294445801098
0.830495                 0.97246                  9                        0.11111111111111112      5.384353224322663E-13    5.426024361483643E-13    0.25                     5.0E10                   2700                     4295.98003305933         2480.2852285200615       2502.294445801098
0.830495                 0.97246                  9.1                      0.1098901098901099       5.381640323359479E-13    5.423432334880478E-13    0.25                     5.0E10                   2700                     4295.98003305933         2480.2852285200615       2502.294445801098
0.830495                 0.97246                  9.2                      0.10869565217391305      5.379203943591518E-13    5.421062207575334E-13    0.25                     5.0E10                   2700                     4295.98003305933         2480.2852285200615       2502.294445801098
0.830495                 0.97246                  9.3                      0.10752688172043011      5.377023505733869E-13    5.418898511767105E-13    0.25                     5.0E10                   2700                     4295.98003305933         2480.2852285200615       2502.294445801098
0.830495                 0.97246                  9.4                      0.10638297872340426      5.375079611075019E-13    5.416926574647095E-13    0.25                     5.0E10                   2700                     4295.98003305933         2480.2852285200615       2502.294445801098
0.830495                 0.97246                  9.5                      0.10526315789473685      5.373354008492337E-13    5.415132510440443E-13    0.25                     5.0E10                   2700                     4295.98003305933         2480.2852285200615       2502.294445801098
0.830495                 0.97246                  9.6                      0.10416666666666667      5.371829556580607E-13    5.41350320653844E-13     0.25                     5.0E10                   2700                     4295.98003305933         2480.2852285200615       2502.294445801098
0.830495                 0.97246                  9.700000000000001        0.1030927835051546       5.370490181567812E-13    5.412026304365365E-13    0.25                     5.0E10                   2700                     4295.98003305933         2480.2852285200615       2502.294445801098
0.830495                 0.97246                  9.8                      0.10204081632653059      5.370694015741584E-13    5.411721637944389E-13    0.25                     5.0E10                   2700                     4295.98003305933         2480.2852285200615       2502.294445801098
0.830495                 0.97246                  9.9                      0.101010101010101        5.369633960039219E-13    5.410486300511843E-13    0.25                     5.0E10                   2700                     4295.98003305933         2480.2852285200615       2502.294445801098
0.830495                 0.97246                  10                       0.1                      5.367903674549843E-13    5.408591685210755E-13    0.25                     5.0E10                   2700                     4295.98003305933         2480.2852285200615       2502.294445801098
