1.74578                  0.577411                 0.1                      10                       5.331351221689548E-13    5.331337523025594E-13    0.25                     5.0E10                   2700                     6228.57215669138         3596.0678113327763       2502.294445801098
1.74578                  0.577411                 0.2                      5                        5.334442839256671E-13    5.331407190339335E-13    0.25                     5.0E10                   2700                     6228.57215669138         3596.0678113327763       2502.294445801098
1.74578                  0.577411                 0.30000000000000004      3.3333333333333326       5.344758851738707E-13    5.362982661688705E-13    0.25                     5.0E10                   2700                     6228.57215669138         3596.0678113327763       2502.294445801098
1.74578                  0.577411                 0.4                      2.5                      5.370187760662462E-13    5.341195595667641E-13    0.25                     5.0E10                   2700                     6228.57215669138         3596.0678113327763       2502.294445801098
1.74578                  0.577411                 0.5                      2                        5.639080903746165E-13    5.398825082070345E-13    0.25                     5.0E10                   2700                     6228.57215669138         3596.0678113327763       2502.294445801098
1.74578                  0.577411                 0.6                      1.6666666666666667       5.977168396311618E-13    5.509165722339986E-13    0.25                     5.0E10                   2700                     6228.57215669138         3596.0678113327763       2502.294445801098
1.74578                  0.577411                 0.7000000000000001       1.4285714285714284       6.30766626874587E-13     5.595382156429926E-13    0.25                     5.0E10                   2700                     6228.57215669138         3596.0678113327763       2502.294445801098
1.74578                  0.577411                 0.8                      1.25                     6.766324675845108E-13    5.712178960739525E-13    0.25                     5.0E10                   2700                     6228.57215669138         3596.0678113327763       2502.294445801098
1.74578                  0.577411                 0.9                      1.1111111111111112       7.099321802308594E-13    5.786685291083448E-13    0.25                     5.0E10                   2700                     6228.57215669138         3596.0678113327763       2502.294445801098
1.74578                  0.577411                 1                        1                        7.587257401896288E-13    6.010421372166677E-13    0.25                     5.0E10                   2700                     6228.57215669138         3596.0678113327763       2502.294445801098
1.74578                  0.577411                 1.1                      0.909090909090909        7.59128227257269E-13     5.997368382432302E-13    0.25                     5.0E10                   2700                     6228.57215669138         3596.0678113327763       2502.294445801098
1.74578                  0.577411                 1.2000000000000002       0.8333333333333331       7.12798466351301E-13     5.579758896315128E-13    0.25                     5.0E10                   2700                     6228.57215669138         3596.0678113327763       2502.294445801098
1.74578                  0.577411                 1.3000000000000003       0.769230769230769        7.235319114267355E-13    5.679635176649674E-13    0.25                     5.0E10                   2700                     6228.57215669138         3596.0678113327763       2502.294445801098
1.74578                  0.577411                 1.4000000000000001       0.7142857142857142       7.241577566572417E-13    5.883558325385684E-13    0.25                     5.0E10                   2700                     6228.57215669138         3596.0678113327763       2502.294445801098
1.74578                  0.577411                 1.5000000000000002       0.6666666666666665       6.426153525299942E-13    5.502765472273603E-13    0.25                     5.0E10                   2700                     6228.57215669138         3596.0678113327763       2502.294445801098
1.74578                  0.577411                 1.6                      0.625                    5.742086740196093E-13    5.183012368985274E-13    0.25                     5.0E10                   2700                     6228.57215669138         3596.0678113327763       2502.294445801098
1.74578                  0.577411                 1.7000000000000002       0.588235294117647        5.430891704140334E-13    5.14673577293999E-13     0.25                     5.0E10                   2700                     6228.57215669138         3596.0678113327763       2502.294445801098
1.74578                  0.577411                 1.8000000000000003       0.5555555555555555       5.122462077138419E-13    5.081272937165317E-13    0.25                     5.0E10                   2700                     6228.57215669138         3596.0678113327763       2502.294445801098
1.74578                  0.577411                 1.9000000000000001       0.5263157894736842       4.688086124085745E-13    4.846360145063906E-13    0.25                     5.0E10                   2700                     6228.57215669138         3596.0678113327763       2502.294445801098
1.74578                  0.577411                 2                        0.5                      4.272455572185132E-13    4.572133109016308E-13    0.25                     5.0E10                   2700                     6228.57215669138         3596.0678113327763       2502.294445801098
1.74578                  0.577411                 2.1                      0.47619047619047616      3.9876869117563756E-13   4.382634263440283E-13    0.25                     5.0E10                   2700                     6228.57215669138         3596.0678113327763       2502.294445801098
1.74578                  0.577411                 2.2                      0.4545454545454545       3.8490332386929455E-13   4.3109893673554137E-13   0.25                     5.0E10                   2700                     6228.57215669138         3596.0678113327763       2502.294445801098
1.74578                  0.577411                 2.3000000000000003       0.43478260869565216      3.8286467220909723E-13   4.341218329002436E-13    0.25                     5.0E10                   2700                     6228.57215669138         3596.0678113327763       2502.294445801098
1.74578                  0.577411                 2.4000000000000004       0.4166666666666666       3.891543770009936E-13    4.4441234612183445E-13   0.25                     5.0E10                   2700                     6228.57215669138         3596.0678113327763       2502.294445801098
1.74578                  0.577411                 2.5000000000000004       0.3999999999999999       4.005181136028777E-13    4.589165684973456E-13    0.25                     5.0E10                   2700                     6228.57215669138         3596.0678113327763       2502.294445801098
1.74578                  0.577411                 2.6                      0.3846153846153846       4.1397860441122074E-13   4.747109739099664E-13    0.25                     5.0E10                   2700                     6228.57215669138         3596.0678113327763       2502.294445801098
1.74578                  0.577411                 2.7                      0.37037037037037035      4.270012902908542E-13    4.89201933616356E-13     0.25                     5.0E10                   2700                     6228.57215669138         3596.0678113327763       2502.294445801098
1.74578                  0.577411                 2.8000000000000003       0.3571428571428571       4.376201283760175E-13    5.003821981462255E-13    0.25                     5.0E10                   2700                     6228.57215669138         3596.0678113327763       2502.294445801098
1.74578                  0.577411                 2.9000000000000004       0.3448275862068965       4.447648182006755E-13    5.071989495406806E-13    0.25                     5.0E10                   2700                     6228.57215669138         3596.0678113327763       2502.294445801098
1.74578                  0.577411                 3.0000000000000004       0.33333333333333326      4.4785240634431074E-13   5.091521537177949E-13    0.25                     5.0E10                   2700                     6228.57215669138         3596.0678113327763       2502.294445801098
1.74578                  0.577411                 3.1                      0.32258064516129037      4.474830555321003E-13    5.07002566883604E-13     0.25                     5.0E10                   2700                     6228.57215669138         3596.0678113327763       2502.294445801098
1.74578                  0.577411                 3.2                      0.3125                   4.445006292709159E-13    5.017725248209724E-13    0.25                     5.0E10                   2700                     6228.57215669138         3596.0678113327763       2502.294445801098
1.74578                  0.577411                 3.3000000000000003       0.30303030303030304      4.398818940416187E-13    4.946106323536852E-13    0.25                     5.0E10                   2700                     6228.57215669138         3596.0678113327763       2502.294445801098
1.74578                  0.577411                 3.4000000000000004       0.2941176470588235       4.345144412648305E-13    4.865532089280402E-13    0.25                     5.0E10                   2700                     6228.57215669138         3596.0678113327763       2502.294445801098
1.74578                  0.577411                 3.5000000000000004       0.2857142857142857       4.2911408404029655E-13   4.784115807526498E-13    0.25                     5.0E10                   2700                     6228.57215669138         3596.0678113327763       2502.294445801098
1.74578                  0.577411                 3.6                      0.2777777777777778       4.241669474657061E-13    4.707528706720009E-13    0.25                     5.0E10                   2700                     6228.57215669138         3596.0678113327763       2502.294445801098
1.74578                  0.577411                 3.7                      0.2702702702702703       4.1997522182405444E-13   4.639249054876893E-13    0.25                     5.0E10                   2700                     6228.57215669138         3596.0678113327763       2502.294445801098
1.74578                  0.577411                 3.8000000000000003       0.2631578947368421       4.1669383582380064E-13   4.581079303931276E-13    0.25                     5.0E10                   2700                     6228.57215669138         3596.0678113327763       2502.294445801098
1.74578                  0.577411                 3.9000000000000004       0.2564102564102564       4.1437380975994353E-13   4.5336434960628584E-13   0.25                     5.0E10                   2700                     6228.57215669138         3596.0678113327763       2502.294445801098
1.74578                  0.577411                 4                        0.25                     4.1299735309183754E-13   4.4967911679750873E-13   0.25                     5.0E10                   2700                     6228.57215669138         3596.0678113327763       2502.294445801098
1.74578                  0.577411                 4.1                      0.24390243902439027      4.125046697257151E-13    4.469901343377143E-13    0.25                     5.0E10                   2700                     6228.57215669138         3596.0678113327763       2502.294445801098
1.74578                  0.577411                 4.2                      0.23809523809523808      4.1281273124914606E-13   4.45209441705855E-13     0.25                     5.0E10                   2700                     6228.57215669138         3596.0678113327763       2502.294445801098
1.74578                  0.577411                 4.3                      0.23255813953488372      4.1382786323898893E-13   4.4423732036671643E-13   0.25                     5.0E10                   2700                     6228.57215669138         3596.0678113327763       2502.294445801098
1.74578                  0.577411                 4.3999999999999995       0.22727272727272732      4.154538541734393E-13    4.439713026169623E-13    0.25                     5.0E10                   2700                     6228.57215669138         3596.0678113327763       2502.294445801098
1.74578                  0.577411                 4.5                      0.22222222222222224      4.1759697324072096E-13   4.443116820929766E-13    0.25                     5.0E10                   2700                     6228.57215669138         3596.0678113327763       2502.294445801098
1.74578                  0.577411                 4.6                      0.2173913043478261       4.201691901330063E-13    4.4516492081836795E-13   0.25                     5.0E10                   2700                     6228.57215669138         3596.0678113327763       2502.294445801098
1.74578                  0.577411                 4.7                      0.2127659574468085       4.230887078439802E-13    4.4644445341344764E-13   0.25                     5.0E10                   2700                     6228.57215669138         3596.0678113327763       2502.294445801098
1.74578                  0.577411                 4.8                      0.20833333333333334      4.262822622013846E-13    4.480726893266397E-13    0.25                     5.0E10                   2700                     6228.57215669138         3596.0678113327763       2502.294445801098
1.74578                  0.577411                 4.9                      0.20408163265306117      4.2968426719754484E-13   4.4998029345053147E-13   0.25                     5.0E10                   2700                     6228.57215669138         3596.0678113327763       2502.294445801098
1.74578                  0.577411                 5                        0.2                      4.332385462449456E-13    4.5210303112060313E-13   0.25                     5.0E10                   2700                     6228.57215669138         3596.0678113327763       2502.294445801098
1.74578                  0.577411                 5.1                      0.19607843137254904      4.368897999469041E-13    4.54393799672353E-13     0.25                     5.0E10                   2700                     6228.57215669138         3596.0678113327763       2502.294445801098
1.74578                  0.577411                 5.2                      0.1923076923076923       4.4059738482567037E-13   4.568028321644401E-13    0.25                     5.0E10                   2700                     6228.57215669138         3596.0678113327763       2502.294445801098
1.74578                  0.577411                 5.3                      0.18867924528301888      4.4432426513528924E-13   4.59290685618048E-13     0.25                     5.0E10                   2700                     6228.57215669138         3596.0678113327763       2502.294445801098
1.74578                  0.577411                 5.4                      0.18518518518518517      4.4803917830592865E-13   4.618238623397456E-13    0.25                     5.0E10                   2700                     6228.57215669138         3596.0678113327763       2502.294445801098
1.74578                  0.577411                 5.5                      0.18181818181818182      4.5171605826589157E-13   4.643741870581629E-13    0.25                     5.0E10                   2700                     6228.57215669138         3596.0678113327763       2502.294445801098
1.74578                  0.577411                 5.6                      0.17857142857142858      4.553334753373609E-13    4.669182110414614E-13    0.25                     5.0E10                   2700                     6228.57215669138         3596.0678113327763       2502.294445801098
1.74578                  0.577411                 5.7                      0.17543859649122806      4.588741027991783E-13    4.694366521319862E-13    0.25                     5.0E10                   2700                     6228.57215669138         3596.0678113327763       2502.294445801098
1.74578                  0.577411                 5.8                      0.1724137931034483       4.624745569905958E-13    4.720662145030842E-13    0.25                     5.0E10                   2700                     6228.57215669138         3596.0678113327763       2502.294445801098
1.74578                  0.577411                 5.9                      0.1694915254237288       4.658210527844849E-13    4.744863512244822E-13    0.25                     5.0E10                   2700                     6228.57215669138         3596.0678113327763       2502.294445801098
1.74578                  0.577411                 6                        0.16666666666666666      4.690579715744687E-13    4.768426927465524E-13    0.25                     5.0E10                   2700                     6228.57215669138         3596.0678113327763       2502.294445801098
1.74578                  0.577411                 6.1                      0.16393442622950818      4.721803507821487E-13    4.791283671614886E-13    0.25                     5.0E10                   2700                     6228.57215669138         3596.0678113327763       2502.294445801098
1.74578                  0.577411                 6.2                      0.16129032258064518      4.751837001369967E-13    4.813371897076149E-13    0.25                     5.0E10                   2700                     6228.57215669138         3596.0678113327763       2502.294445801098
1.74578                  0.577411                 6.3                      0.15873015873015872      4.780666705340427E-13    4.834659474524635E-13    0.25                     5.0E10                   2700                     6228.57215669138         3596.0678113327763       2502.294445801098
1.74578                  0.577411                 6.4                      0.15625                  4.80828821333904E-13     4.855124239436163E-13    0.25                     5.0E10                   2700                     6228.57215669138         3596.0678113327763       2502.294445801098
1.74578                  0.577411                 6.5                      0.15384615384615383      4.834708575477576E-13    4.874755789751311E-13    0.25                     5.0E10                   2700                     6228.57215669138         3596.0678113327763       2502.294445801098
1.74578                  0.577411                 6.6                      0.15151515151515152      4.859944159676266E-13    4.893553395111523E-13    0.25                     5.0E10                   2700                     6228.57215669138         3596.0678113327763       2502.294445801098
1.74578                  0.577411                 6.7                      0.1492537313432836       4.884018792681859E-13    4.911524184030893E-13    0.25                     5.0E10                   2700                     6228.57215669138         3596.0678113327763       2502.294445801098
1.74578                  0.577411                 6.8                      0.14705882352941177      4.906962155585449E-13    4.928681581492906E-13    0.25                     5.0E10                   2700                     6228.57215669138         3596.0678113327763       2502.294445801098
1.74578                  0.577411                 6.9                      0.14492753623188404      4.928808408125226E-13    4.94504397068653E-13     0.25                     5.0E10                   2700                     6228.57215669138         3596.0678113327763       2502.294445801098
1.74578                  0.577411                 7                        0.14285714285714285      4.949595019057412E-13    4.960633554201666E-13    0.25                     5.0E10                   2700                     6228.57215669138         3596.0678113327763       2502.294445801098
1.74578                  0.577411                 7.1                      0.14084507042253522      4.969361777913951E-13    4.975475390977677E-13    0.25                     5.0E10                   2700                     6228.57215669138         3596.0678113327763       2502.294445801098
1.74578                  0.577411                 7.2                      0.1388888888888889       4.988149967833547E-13    4.989596587749611E-13    0.25                     5.0E10                   2700                     6228.57215669138         3596.0678113327763       2502.294445801098
1.74578                  0.577411                 7.3                      0.13698630136986303      5.006001678640242E-13    5.003025624894327E-13    0.25                     5.0E10                   2700                     6228.57215669138         3596.0678113327763       2502.294445801098
1.74578                  0.577411                 7.4                      0.13513513513513514      5.022959242575681E-13    5.015791799235805E-13    0.25                     5.0E10                   2700                     6228.57215669138         3596.0678113327763       2502.294445801098
1.74578                  0.577411                 7.5                      0.13333333333333333      5.039064775084022E-13    5.027924767106673E-13    0.25                     5.0E10                   2700                     6228.57215669138         3596.0678113327763       2502.294445801098
1.74578                  0.577411                 7.6                      0.13157894736842105      5.054359807148582E-13    5.039454174158477E-13    0.25                     5.0E10                   2700                     6228.57215669138         3596.0678113327763       2502.294445801098
1.74578                  0.577411                 7.7                      0.12987012987012989      5.068884994707995E-13    5.05040935850107E-13     0.25                     5.0E10                   2700                     6228.57215669138         3596.0678113327763       2502.294445801098
1.74578                  0.577411                 7.8                      0.12820512820512822      5.082679894063492E-13    5.060819116480994E-13    0.25                     5.0E10                   2700                     6228.57215669138         3596.0678113327763       2502.294445801098
1.74578                  0.577411                 7.9                      0.12658227848101267      5.095782792827154E-13    5.070711521079531E-13    0.25                     5.0E10                   2700                     6228.57215669138         3596.0678113327763       2502.294445801098
1.74578                  0.577411                 8                        0.125                    5.108230587274648E-13    5.080113784724332E-13    0.25                     5.0E10                   2700                     6228.57215669138         3596.0678113327763       2502.294445801098
1.74578                  0.577411                 8.1                      0.1234567901234568       5.120058698869747E-13    5.089052158965985E-13    0.25                     5.0E10                   2700                     6228.57215669138         3596.0678113327763       2502.294445801098
1.74578                  0.577411                 8.2                      0.12195121951219513      5.131301021994254E-13    5.097551864593281E-13    0.25                     5.0E10                   2700                     6228.57215669138         3596.0678113327763       2502.294445801098
1.74578                  0.577411                 8.3                      0.12048192771084336      5.141989898683939E-13    5.105637047191599E-13    0.25                     5.0E10                   2700                     6228.57215669138         3596.0678113327763       2502.294445801098
1.74578                  0.577411                 8.4                      0.11904761904761904      5.152156114037363E-13    5.113330753055673E-13    0.25                     5.0E10                   2700                     6228.57215669138         3596.0678113327763       2502.294445801098
1.74578                  0.577411                 8.5                      0.11764705882352941      5.161828908712077E-13    5.120654921648964E-13    0.25                     5.0E10                   2700                     6228.57215669138         3596.0678113327763       2502.294445801098
1.74578                  0.577411                 8.6                      0.11627906976744186      5.171036005269705E-13    5.127630391723139E-13    0.25                     5.0E10                   2700                     6228.57215669138         3596.0678113327763       2502.294445801098
1.74578                  0.577411                 8.7                      0.11494252873563218      5.179803644398689E-13    5.134276917495751E-13    0.25                     5.0E10                   2700                     6228.57215669138         3596.0678113327763       2502.294445801098
1.74578                  0.577411                 8.8                      0.11363636363636362      5.188156629246885E-13    5.140613193155061E-13    0.25                     5.0E10                   2700                     6228.57215669138         3596.0678113327763       2502.294445801098
1.74578                  0.577411                 8.9                      0.11235955056179775      5.196118375858595E-13    5.146656883621697E-13    0.25                     5.0E10                   2700                     6228.57215669138         3596.0678113327763       2502.294445801098
1.74578                  0.577411                 9                        0.11111111111111112      5.203710967526675E-13    5.152424659927195E-13    0.25                     5.0E10                   2700                     6228.57215669138         3596.0678113327763       2502.294445801098
1.74578                  0.577411                 9.1                      0.1098901098901099       5.210955211430121E-13    5.157932237407416E-13    0.25                     5.0E10                   2700                     6228.57215669138         3596.0678113327763       2502.294445801098
1.74578                  0.577411                 9.2                      0.10869565217391305      5.217887652405236E-13    5.163209980412322E-13    0.25                     5.0E10                   2700                     6228.57215669138         3596.0678113327763       2502.294445801098
1.74578                  0.577411                 9.3                      0.10752688172043011      5.224493201555366E-13    5.168241079922609E-13    0.25                     5.0E10                   2700                     6228.57215669138         3596.0678113327763       2502.294445801098
1.74578                  0.577411                 9.4                      0.10638297872340426      5.230805756358104E-13    5.173053805840373E-13    0.25                     5.0E10                   2700                     6228.57215669138         3596.0678113327763       2502.294445801098
1.74578                  0.577411                 9.5                      0.10526315789473685      5.23684160766002E-13     5.177660466761075E-13    0.25                     5.0E10                   2700                     6228.57215669138         3596.0678113327763       2502.294445801098
1.74578                  0.577411                 9.6                      0.10416666666666667      5.242616061685226E-13    5.182072624758556E-13    0.25                     5.0E10                   2700                     6228.57215669138         3596.0678113327763       2502.294445801098
1.74578                  0.577411                 9.700000000000001        0.1030927835051546       5.248143495310553E-13    5.186301136321475E-13    0.25                     5.0E10                   2700                     6228.57215669138         3596.0678113327763       2502.294445801098
1.74578                  0.577411                 9.8                      0.10204081632653059      5.253437409369707E-13    5.190356192147425E-13    0.25                     5.0E10                   2700                     6228.57215669138         3596.0678113327763       2502.294445801098
1.74578                  0.577411                 9.9                      0.101010101010101        5.258510479887743E-13    5.19424735554974E-13     0.25                     5.0E10                   2700                     6228.57215669138         3596.0678113327763       2502.294445801098
1.74578                  0.577411                 10                       0.1                      5.262933988024781E-13    5.197353539270178E-13    0.25                     5.0E10                   2700                     6228.57215669138         3596.0678113327763       2502.294445801098
