0.885705                 0.17865                  0.1                      10                       5.303116788912901E-13    5.325231936042001E-13    0.25                     5.0E10                   2700                     4436.47758174583         2561.401526074695        2502.294445801098
0.885705                 0.17865                  0.2                      5                        4.914405741101854E-13    5.209496928287587E-13    0.25                     5.0E10                   2700                     4436.47758174583         2561.401526074695        2502.294445801098
0.885705                 0.17865                  0.30000000000000004      3.3333333333333326       4.761623810406874E-13    5.144168174559077E-13    0.25                     5.0E10                   2700                     4436.47758174583         2561.401526074695        2502.294445801098
0.885705                 0.17865                  0.4                      2.5                      4.899094976860245E-13    5.174870231724863E-13    0.25                     5.0E10                   2700                     4436.47758174583         2561.401526074695        2502.294445801098
0.885705                 0.17865                  0.5                      2                        5.081731214315829E-13    5.20820431730323E-13     0.25                     5.0E10                   2700                     4436.47758174583         2561.401526074695        2502.294445801098
0.885705                 0.17865                  0.6                      1.6666666666666667       5.0818924247726E-13      5.135391586423791E-13    0.25                     5.0E10                   2700                     4436.47758174583         2561.401526074695        2502.294445801098
0.885705                 0.17865                  0.7000000000000001       1.4285714285714284       5.386012334542215E-13    5.35308338058646E-13     0.25                     5.0E10                   2700                     4436.47758174583         2561.401526074695        2502.294445801098
0.885705                 0.17865                  0.8                      1.25                     5.385300421168071E-13    5.296154849636442E-13    0.25                     5.0E10                   2700                     4436.47758174583         2561.401526074695        2502.294445801098
0.885705                 0.17865                  0.9                      1.1111111111111112       5.37853201074976E-13     5.332141149138935E-13    0.25                     5.0E10                   2700                     4436.47758174583         2561.401526074695        2502.294445801098
0.885705                 0.17865                  1                        1                        5.476461756334941E-13    5.402332360624187E-13    0.25                     5.0E10                   2700                     4436.47758174583         2561.401526074695        2502.294445801098
0.885705                 0.17865                  1.1                      0.909090909090909        5.472493699540516E-13    5.394638241438808E-13    0.25                     5.0E10                   2700                     4436.47758174583         2561.401526074695        2502.294445801098
0.885705                 0.17865                  1.2000000000000002       0.8333333333333331       5.774862389283036E-13    5.643190621674202E-13    0.25                     5.0E10                   2700                     4436.47758174583         2561.401526074695        2502.294445801098
0.885705                 0.17865                  1.3000000000000003       0.769230769230769        5.86470335313179E-13     5.650215840902013E-13    0.25                     5.0E10                   2700                     4436.47758174583         2561.401526074695        2502.294445801098
0.885705                 0.17865                  1.4000000000000001       0.7142857142857142       5.613173895303285E-13    5.345433804952974E-13    0.25                     5.0E10                   2700                     4436.47758174583         2561.401526074695        2502.294445801098
0.885705                 0.17865                  1.5000000000000002       0.6666666666666665       5.682025569092819E-13    5.364658137698221E-13    0.25                     5.0E10                   2700                     4436.47758174583         2561.401526074695        2502.294445801098
0.885705                 0.17865                  1.6                      0.625                    5.925053934717956E-13    5.553431853064116E-13    0.25                     5.0E10                   2700                     4436.47758174583         2561.401526074695        2502.294445801098
0.885705                 0.17865                  1.7000000000000002       0.588235294117647        6.15389221555789E-13     5.72485443543475E-13     0.25                     5.0E10                   2700                     4436.47758174583         2561.401526074695        2502.294445801098
0.885705                 0.17865                  1.8000000000000003       0.5555555555555555       6.213731375072369E-13    5.737314415076326E-13    0.25                     5.0E10                   2700                     4436.47758174583         2561.401526074695        2502.294445801098
0.885705                 0.17865                  1.9000000000000001       0.5263157894736842       6.14283109988233E-13     5.634904576835547E-13    0.25                     5.0E10                   2700                     4436.47758174583         2561.401526074695        2502.294445801098
0.885705                 0.17865                  2                        0.5                      6.092548887011516E-13    5.56295076246653E-13     0.25                     5.0E10                   2700                     4436.47758174583         2561.401526074695        2502.294445801098
0.885705                 0.17865                  2.1                      0.47619047619047616      6.120510377009198E-13    5.577969019770672E-13    0.25                     5.0E10                   2700                     4436.47758174583         2561.401526074695        2502.294445801098
0.885705                 0.17865                  2.2                      0.4545454545454545       6.187653050661044E-13    5.644465255065357E-13    0.25                     5.0E10                   2700                     4436.47758174583         2561.401526074695        2502.294445801098
0.885705                 0.17865                  2.3000000000000003       0.43478260869565216      6.231711702914275E-13    5.702773255507021E-13    0.25                     5.0E10                   2700                     4436.47758174583         2561.401526074695        2502.294445801098
0.885705                 0.17865                  2.4000000000000004       0.4166666666666666       6.220571737893566E-13    5.718261792070961E-13    0.25                     5.0E10                   2700                     4436.47758174583         2561.401526074695        2502.294445801098
0.885705                 0.17865                  2.5000000000000004       0.3999999999999999       6.160905330902744E-13    5.69151493417035E-13     0.25                     5.0E10                   2700                     4436.47758174583         2561.401526074695        2502.294445801098
0.885705                 0.17865                  2.6                      0.3846153846153846       6.077855529436349E-13    5.641817613136358E-13    0.25                     5.0E10                   2700                     4436.47758174583         2561.401526074695        2502.294445801098
0.885705                 0.17865                  2.7                      0.37037037037037035      5.994644611485667E-13    5.588900270037221E-13    0.25                     5.0E10                   2700                     4436.47758174583         2561.401526074695        2502.294445801098
0.885705                 0.17865                  2.8000000000000003       0.3571428571428571       5.92417011618858E-13     5.544447345113275E-13    0.25                     5.0E10                   2700                     4436.47758174583         2561.401526074695        2502.294445801098
0.885705                 0.17865                  2.9000000000000004       0.3448275862068965       5.870182285229143E-13    5.512407234087685E-13    0.25                     5.0E10                   2700                     4436.47758174583         2561.401526074695        2502.294445801098
0.885705                 0.17865                  3.0000000000000004       0.33333333333333326      5.831160166913059E-13    5.492039768447748E-13    0.25                     5.0E10                   2700                     4436.47758174583         2561.401526074695        2502.294445801098
0.885705                 0.17865                  3.1                      0.32258064516129037      5.803631280461601E-13    5.480742558855651E-13    0.25                     5.0E10                   2700                     4436.47758174583         2561.401526074695        2502.294445801098
0.885705                 0.17865                  3.2                      0.3125                   5.784107812921054E-13    5.475770314070543E-13    0.25                     5.0E10                   2700                     4436.47758174583         2561.401526074695        2502.294445801098
0.885705                 0.17865                  3.3000000000000003       0.30303030303030304      5.7698832622511E-13      5.474977513453301E-13    0.25                     5.0E10                   2700                     4436.47758174583         2561.401526074695        2502.294445801098
0.885705                 0.17865                  3.4000000000000004       0.2941176470588235       5.759677393774554E-13    5.477252765570229E-13    0.25                     5.0E10                   2700                     4436.47758174583         2561.401526074695        2502.294445801098
0.885705                 0.17865                  3.5000000000000004       0.2857142857142857       5.751209038243162E-13    5.48103635466989E-13     0.25                     5.0E10                   2700                     4436.47758174583         2561.401526074695        2502.294445801098
0.885705                 0.17865                  3.6                      0.2777777777777778       5.744465184724066E-13    5.486290558152381E-13    0.25                     5.0E10                   2700                     4436.47758174583         2561.401526074695        2502.294445801098
0.885705                 0.17865                  3.7                      0.2702702702702703       5.739005056798729E-13    5.492702436663265E-13    0.25                     5.0E10                   2700                     4436.47758174583         2561.401526074695        2502.294445801098
0.885705                 0.17865                  3.8000000000000003       0.2631578947368421       5.734465498848328E-13    5.499993285251433E-13    0.25                     5.0E10                   2700                     4436.47758174583         2561.401526074695        2502.294445801098
0.885705                 0.17865                  3.9000000000000004       0.2564102564102564       5.730486958151987E-13    5.507855404677227E-13    0.25                     5.0E10                   2700                     4436.47758174583         2561.401526074695        2502.294445801098
0.885705                 0.17865                  4                        0.25                     5.726700446644798E-13    5.515944379085304E-13    0.25                     5.0E10                   2700                     4436.47758174583         2561.401526074695        2502.294445801098
0.885705                 0.17865                  4.1                      0.24390243902439027      5.722740568656008E-13    5.52389601327562E-13     0.25                     5.0E10                   2700                     4436.47758174583         2561.401526074695        2502.294445801098
0.885705                 0.17865                  4.2                      0.23809523809523808      5.718269097467847E-13    5.53135346983585E-13     0.25                     5.0E10                   2700                     4436.47758174583         2561.401526074695        2502.294445801098
0.885705                 0.17865                  4.3                      0.23255813953488372      5.712997986509578E-13    5.537994054936513E-13    0.25                     5.0E10                   2700                     4436.47758174583         2561.401526074695        2502.294445801098
0.885705                 0.17865                  4.3999999999999995       0.22727272727272732      5.706706082242155E-13    5.543549989928169E-13    0.25                     5.0E10                   2700                     4436.47758174583         2561.401526074695        2502.294445801098
0.885705                 0.17865                  4.5                      0.22222222222222224      5.699247598912782E-13    5.547821045540636E-13    0.25                     5.0E10                   2700                     4436.47758174583         2561.401526074695        2502.294445801098
0.885705                 0.17865                  4.6                      0.2173913043478261       5.690552738342146E-13    5.55067915477514E-13     0.25                     5.0E10                   2700                     4436.47758174583         2561.401526074695        2502.294445801098
0.885705                 0.17865                  4.7                      0.2127659574468085       5.680622030742399E-13    5.552066333051214E-13    0.25                     5.0E10                   2700                     4436.47758174583         2561.401526074695        2502.294445801098
0.885705                 0.17865                  4.8                      0.20833333333333334      5.669522018758118E-13    5.551993045508501E-13    0.25                     5.0E10                   2700                     4436.47758174583         2561.401526074695        2502.294445801098
0.885705                 0.17865                  4.9                      0.20408163265306117      5.657350933060541E-13    5.55050740691542E-13     0.25                     5.0E10                   2700                     4436.47758174583         2561.401526074695        2502.294445801098
0.885705                 0.17865                  5                        0.2                      5.644348446943035E-13    5.547711044220831E-13    0.25                     5.0E10                   2700                     4436.47758174583         2561.401526074695        2502.294445801098
0.885705                 0.17865                  5.1                      0.19607843137254904      5.630423993354196E-13    5.543700958820087E-13    0.25                     5.0E10                   2700                     4436.47758174583         2561.401526074695        2502.294445801098
0.885705                 0.17865                  5.2                      0.1923076923076923       5.615929521727222E-13    5.538662922111196E-13    0.25                     5.0E10                   2700                     4436.47758174583         2561.401526074695        2502.294445801098
0.885705                 0.17865                  5.3                      0.18867924528301888      5.601046808043681E-13    5.532758994473068E-13    0.25                     5.0E10                   2700                     4436.47758174583         2561.401526074695        2502.294445801098
0.885705                 0.17865                  5.4                      0.18518518518518517      5.585951739449375E-13    5.526152915374606E-13    0.25                     5.0E10                   2700                     4436.47758174583         2561.401526074695        2502.294445801098
0.885705                 0.17865                  5.5                      0.18181818181818182      5.570808849587126E-13    5.519003965270177E-13    0.25                     5.0E10                   2700                     4436.47758174583         2561.401526074695        2502.294445801098
0.885705                 0.17865                  5.6                      0.17857142857142858      5.555767604612675E-13    5.511462442711881E-13    0.25                     5.0E10                   2700                     4436.47758174583         2561.401526074695        2502.294445801098
0.885705                 0.17865                  5.7                      0.17543859649122806      5.540960180482363E-13    5.503666572004747E-13    0.25                     5.0E10                   2700                     4436.47758174583         2561.401526074695        2502.294445801098
0.885705                 0.17865                  5.8                      0.1724137931034483       5.526500449924678E-13    5.495740616936122E-13    0.25                     5.0E10                   2700                     4436.47758174583         2561.401526074695        2502.294445801098
0.885705                 0.17865                  5.9                      0.1694915254237288       5.51248390730293E-13     5.487793968692272E-13    0.25                     5.0E10                   2700                     4436.47758174583         2561.401526074695        2502.294445801098
0.885705                 0.17865                  6                        0.16666666666666666      5.498988283835502E-13    5.47992098762379E-13     0.25                     5.0E10                   2700                     4436.47758174583         2561.401526074695        2502.294445801098
0.885705                 0.17865                  6.1                      0.16393442622950818      5.486074641956348E-13    5.472201402950005E-13    0.25                     5.0E10                   2700                     4436.47758174583         2561.401526074695        2502.294445801098
0.885705                 0.17865                  6.2                      0.16129032258064518      5.473788774482255E-13    5.464701103193913E-13    0.25                     5.0E10                   2700                     4436.47758174583         2561.401526074695        2502.294445801098
0.885705                 0.17865                  6.3                      0.15873015873015872      5.46216277086977E-13     5.457473180386757E-13    0.25                     5.0E10                   2700                     4436.47758174583         2561.401526074695        2502.294445801098
0.885705                 0.17865                  6.4                      0.15625                  5.451216646406897E-13    5.450559120196189E-13    0.25                     5.0E10                   2700                     4436.47758174583         2561.401526074695        2502.294445801098
0.885705                 0.17865                  6.5                      0.15384615384615383      5.440959956981534E-13    5.443990054872061E-13    0.25                     5.0E10                   2700                     4436.47758174583         2561.401526074695        2502.294445801098
0.885705                 0.17865                  6.6                      0.15151515151515152      5.431393346243034E-13    5.437788018077438E-13    0.25                     5.0E10                   2700                     4436.47758174583         2561.401526074695        2502.294445801098
0.885705                 0.17865                  6.7                      0.1492537313432836       5.422509990629641E-13    5.431967158797302E-13    0.25                     5.0E10                   2700                     4436.47758174583         2561.401526074695        2502.294445801098
0.885705                 0.17865                  6.8                      0.14705882352941177      5.414296921534433E-13    5.426534885216236E-13    0.25                     5.0E10                   2700                     4436.47758174583         2561.401526074695        2502.294445801098
0.885705                 0.17865                  6.9                      0.14492753623188404      5.406736214438402E-13    5.421492921036335E-13    0.25                     5.0E10                   2700                     4436.47758174583         2561.401526074695        2502.294445801098
0.885705                 0.17865                  7                        0.14285714285714285      5.399806043714348E-13    5.416838264900933E-13    0.25                     5.0E10                   2700                     4436.47758174583         2561.401526074695        2502.294445801098
0.885705                 0.17865                  7.1                      0.14084507042253522      5.393481605611405E-13    5.412564049835377E-13    0.25                     5.0E10                   2700                     4436.47758174583         2561.401526074695        2502.294445801098
0.885705                 0.17865                  7.2                      0.1388888888888889       5.387755223163389E-13    5.408679242374461E-13    0.25                     5.0E10                   2700                     4436.47758174583         2561.401526074695        2502.294445801098
0.885705                 0.17865                  7.3                      0.13698630136986303      5.382560426549345E-13    5.405134191627876E-13    0.25                     5.0E10                   2700                     4436.47758174583         2561.401526074695        2502.294445801098
0.885705                 0.17865                  7.4                      0.13513513513513514      5.377886493293519E-13    5.401932918760194E-13    0.25                     5.0E10                   2700                     4436.47758174583         2561.401526074695        2502.294445801098
0.885705                 0.17865                  7.5                      0.13333333333333333      5.373703594585604E-13    5.39905978476755E-13     0.25                     5.0E10                   2700                     4436.47758174583         2561.401526074695        2502.294445801098
0.885705                 0.17865                  7.6                      0.13157894736842105      5.369981869296106E-13    5.396498206696818E-13    0.25                     5.0E10                   2700                     4436.47758174583         2561.401526074695        2502.294445801098
0.885705                 0.17865                  7.7                      0.12987012987012989      5.366691750868221E-13    5.394231013118887E-13    0.25                     5.0E10                   2700                     4436.47758174583         2561.401526074695        2502.294445801098
0.885705                 0.17865                  7.8                      0.12820512820512822      5.363804230128271E-13    5.392240740909525E-13    0.25                     5.0E10                   2700                     4436.47758174583         2561.401526074695        2502.294445801098
0.885705                 0.17865                  7.9                      0.12658227848101267      5.361291063038369E-13    5.390509880382633E-13    0.25                     5.0E10                   2700                     4436.47758174583         2561.401526074695        2502.294445801098
0.885705                 0.17865                  8                        0.125                    5.359124930536662E-13    5.389021075127411E-13    0.25                     5.0E10                   2700                     4436.47758174583         2561.401526074695        2502.294445801098
0.885705                 0.17865                  8.1                      0.1234567901234568       5.357279559095158E-13    5.387757283189443E-13    0.25                     5.0E10                   2700                     4436.47758174583         2561.401526074695        2502.294445801098
0.885705                 0.17865                  8.2                      0.12195121951219513      5.355729805964389E-13    5.386701903978178E-13    0.25                     5.0E10                   2700                     4436.47758174583         2561.401526074695        2502.294445801098
0.885705                 0.17865                  8.3                      0.12048192771084336      5.354451716971766E-13    5.385838876972968E-13    0.25                     5.0E10                   2700                     4436.47758174583         2561.401526074695        2502.294445801098
0.885705                 0.17865                  8.4                      0.11904761904761904      5.353422560042813E-13    5.3851527556521E-13      0.25                     5.0E10                   2700                     4436.47758174583         2561.401526074695        2502.294445801098
0.885705                 0.17865                  8.5                      0.11764705882352941      5.352620839474465E-13    5.384628760879153E-13    0.25                     5.0E10                   2700                     4436.47758174583         2561.401526074695        2502.294445801098
0.885705                 0.17865                  8.6                      0.11627906976744186      5.352026294283687E-13    5.384252817128484E-13    0.25                     5.0E10                   2700                     4436.47758174583         2561.401526074695        2502.294445801098
0.885705                 0.17865                  8.7                      0.11494252873563218      5.351619883679976E-13    5.384011574117993E-13    0.25                     5.0E10                   2700                     4436.47758174583         2561.401526074695        2502.294445801098
0.885705                 0.17865                  8.8                      0.11363636363636362      5.351383762277854E-13    5.383892416664585E-13    0.25                     5.0E10                   2700                     4436.47758174583         2561.401526074695        2502.294445801098
0.885705                 0.17865                  8.9                      0.11235955056179775      5.351301247723001E-13    5.383883464902897E-13    0.25                     5.0E10                   2700                     4436.47758174583         2561.401526074695        2502.294445801098
0.885705                 0.17865                  9                        0.11111111111111112      5.351356781922518E-13    5.383973566621661E-13    0.25                     5.0E10                   2700                     4436.47758174583         2561.401526074695        2502.294445801098
0.885705                 0.17865                  9.1                      0.1098901098901099       5.351535888069193E-13    5.384152283345554E-13    0.25                     5.0E10                   2700                     4436.47758174583         2561.401526074695        2502.294445801098
0.885705                 0.17865                  9.2                      0.10869565217391305      5.351825124258209E-13    5.384409871445159E-13    0.25                     5.0E10                   2700                     4436.47758174583         2561.401526074695        2502.294445801098
0.885705                 0.17865                  9.3                      0.10752688172043011      5.352212035373454E-13    5.384737259667721E-13    0.25                     5.0E10                   2700                     4436.47758174583         2561.401526074695        2502.294445801098
0.885705                 0.17865                  9.4                      0.10638297872340426      5.352685103744278E-13    5.385126023766874E-13    0.25                     5.0E10                   2700                     4436.47758174583         2561.401526074695        2502.294445801098
0.885705                 0.17865                  9.5                      0.10526315789473685      5.353233699369253E-13    5.38556835912429E-13     0.25                     5.0E10                   2700                     4436.47758174583         2561.401526074695        2502.294445801098
0.885705                 0.17865                  9.6                      0.10416666666666667      5.353848030366156E-13    5.386057052160971E-13    0.25                     5.0E10                   2700                     4436.47758174583         2561.401526074695        2502.294445801098
0.885705                 0.17865                  9.700000000000001        0.1030927835051546       5.354519093932108E-13    5.386585450722194E-13    0.25                     5.0E10                   2700                     4436.47758174583         2561.401526074695        2502.294445801098
0.885705                 0.17865                  9.8                      0.10204081632653059      5.35523862919723E-13     5.387147434738838E-13    0.25                     5.0E10                   2700                     4436.47758174583         2561.401526074695        2502.294445801098
0.885705                 0.17865                  9.9                      0.101010101010101        5.355999069942901E-13    5.387737386077643E-13    0.25                     5.0E10                   2700                     4436.47758174583         2561.401526074695        2502.294445801098
0.885705                 0.17865                  10                       0.1                      5.356921963629753E-13    5.388013164620981E-13    0.25                     5.0E10                   2700                     4436.47758174583         2561.401526074695        2502.294445801098
