0.793806                 0.483013                 0.1                      10                       5.33148350475322E-13     5.331515177164906E-13    0.25                     5.0E10                   2700                     4200.015872985879        2424.880294869098        2502.294445801098
0.793806                 0.483013                 0.2                      5                        5.338015242667077E-13    5.331070976514354E-13    0.25                     5.0E10                   2700                     4200.015872985879        2424.880294869098        2502.294445801098
0.793806                 0.483013                 0.30000000000000004      3.3333333333333326       5.371185192202964E-13    5.33758571086163E-13     0.25                     5.0E10                   2700                     4200.015872985879        2424.880294869098        2502.294445801098
0.793806                 0.483013                 0.4                      2.5                      5.240060550187341E-13    5.223173417824143E-13    0.25                     5.0E10                   2700                     4200.015872985879        2424.880294869098        2502.294445801098
0.793806                 0.483013                 0.5                      2                        5.031664105732791E-13    5.107843276883361E-13    0.25                     5.0E10                   2700                     4200.015872985879        2424.880294869098        2502.294445801098
0.793806                 0.483013                 0.6                      1.6666666666666667       4.810385983334306E-13    4.999551517377951E-13    0.25                     5.0E10                   2700                     4200.015872985879        2424.880294869098        2502.294445801098
0.793806                 0.483013                 0.7000000000000001       1.4285714285714284       4.683406071608962E-13    5.005931913571709E-13    0.25                     5.0E10                   2700                     4200.015872985879        2424.880294869098        2502.294445801098
0.793806                 0.483013                 0.8                      1.25                     4.5204328505669516E-13   4.920519916094235E-13    0.25                     5.0E10                   2700                     4200.015872985879        2424.880294869098        2502.294445801098
0.793806                 0.483013                 0.9                      1.1111111111111112       4.5133834356922597E-13   5.005771632404467E-13    0.25                     5.0E10                   2700                     4200.015872985879        2424.880294869098        2502.294445801098
0.793806                 0.483013                 1                        1                        4.513283905815934E-13    5.02500493466574E-13     0.25                     5.0E10                   2700                     4200.015872985879        2424.880294869098        2502.294445801098
0.793806                 0.483013                 1.1                      0.909090909090909        4.4841377418231027E-13   5.045566357903797E-13    0.25                     5.0E10                   2700                     4200.015872985879        2424.880294869098        2502.294445801098
0.793806                 0.483013                 1.2000000000000002       0.8333333333333331       4.646483432944641E-13    5.237740147866778E-13    0.25                     5.0E10                   2700                     4200.015872985879        2424.880294869098        2502.294445801098
0.793806                 0.483013                 1.3000000000000003       0.769230769230769        4.793041217112858E-13    5.353135842474505E-13    0.25                     5.0E10                   2700                     4200.015872985879        2424.880294869098        2502.294445801098
0.793806                 0.483013                 1.4000000000000001       0.7142857142857142       4.627535311825007E-13    5.097337555518875E-13    0.25                     5.0E10                   2700                     4200.015872985879        2424.880294869098        2502.294445801098
0.793806                 0.483013                 1.5000000000000002       0.6666666666666665       4.71133290331926E-13     5.095803476349336E-13    0.25                     5.0E10                   2700                     4200.015872985879        2424.880294869098        2502.294445801098
0.793806                 0.483013                 1.6                      0.625                    5.02075110695915E-13     5.316467031888705E-13    0.25                     5.0E10                   2700                     4200.015872985879        2424.880294869098        2502.294445801098
0.793806                 0.483013                 1.7000000000000002       0.588235294117647        5.383976755481469E-13    5.576725032957754E-13    0.25                     5.0E10                   2700                     4200.015872985879        2424.880294869098        2502.294445801098
0.793806                 0.483013                 1.8000000000000003       0.5555555555555555       5.583658036818411E-13    5.661223723490093E-13    0.25                     5.0E10                   2700                     4200.015872985879        2424.880294869098        2502.294445801098
0.793806                 0.483013                 1.9000000000000001       0.5263157894736842       5.60602969279092E-13     5.571689775186387E-13    0.25                     5.0E10                   2700                     4200.015872985879        2424.880294869098        2502.294445801098
0.793806                 0.483013                 2                        0.5                      5.61134381562138E-13     5.477840568250889E-13    0.25                     5.0E10                   2700                     4200.015872985879        2424.880294869098        2502.294445801098
0.793806                 0.483013                 2.1                      0.47619047619047616      5.698616174880737E-13    5.479321701192091E-13    0.25                     5.0E10                   2700                     4200.015872985879        2424.880294869098        2502.294445801098
0.793806                 0.483013                 2.2                      0.4545454545454545       5.855681766267767E-13    5.563759889492484E-13    0.25                     5.0E10                   2700                     4200.015872985879        2424.880294869098        2502.294445801098
0.793806                 0.483013                 2.3000000000000003       0.43478260869565216      6.019950326598138E-13    5.670426512686617E-13    0.25                     5.0E10                   2700                     4200.015872985879        2424.880294869098        2502.294445801098
0.793806                 0.483013                 2.4000000000000004       0.4166666666666666       6.135891871269193E-13    5.745260698948031E-13    0.25                     5.0E10                   2700                     4200.015872985879        2424.880294869098        2502.294445801098
0.793806                 0.483013                 2.5000000000000004       0.3999999999999999       6.182957208829657E-13    5.765854648514273E-13    0.25                     5.0E10                   2700                     4200.015872985879        2424.880294869098        2502.294445801098
0.793806                 0.483013                 2.6                      0.3846153846153846       6.169783433635249E-13    5.738832249850889E-13    0.25                     5.0E10                   2700                     4200.015872985879        2424.880294869098        2502.294445801098
0.793806                 0.483013                 2.7                      0.37037037037037035      6.120899258996988E-13    5.683950497081003E-13    0.25                     5.0E10                   2700                     4200.015872985879        2424.880294869098        2502.294445801098
0.793806                 0.483013                 2.8000000000000003       0.3571428571428571       6.058840479339304E-13    5.620379009204988E-13    0.25                     5.0E10                   2700                     4200.015872985879        2424.880294869098        2502.294445801098
0.793806                 0.483013                 2.9000000000000004       0.3448275862068965       5.999089072167966E-13    5.561396986294491E-13    0.25                     5.0E10                   2700                     4200.015872985879        2424.880294869098        2502.294445801098
0.793806                 0.483013                 3.0000000000000004       0.33333333333333326      5.950120723868036E-13    5.514284121784749E-13    0.25                     5.0E10                   2700                     4200.015872985879        2424.880294869098        2502.294445801098
0.793806                 0.483013                 3.1                      0.32258064516129037      5.915477133855076E-13    5.482065421192358E-13    0.25                     5.0E10                   2700                     4200.015872985879        2424.880294869098        2502.294445801098
0.793806                 0.483013                 3.2                      0.3125                   5.895753948581734E-13    5.465222615679646E-13    0.25                     5.0E10                   2700                     4200.015872985879        2424.880294869098        2502.294445801098
0.793806                 0.483013                 3.3000000000000003       0.30303030303030304      5.889943873893325E-13    5.462849312419036E-13    0.25                     5.0E10                   2700                     4200.015872985879        2424.880294869098        2502.294445801098
0.793806                 0.483013                 3.4000000000000004       0.2941176470588235       5.896445692161344E-13    5.473529993552341E-13    0.25                     5.0E10                   2700                     4200.015872985879        2424.880294869098        2502.294445801098
0.793806                 0.483013                 3.5000000000000004       0.2857142857142857       5.912518792759684E-13    5.494775279740693E-13    0.25                     5.0E10                   2700                     4200.015872985879        2424.880294869098        2502.294445801098
0.793806                 0.483013                 3.6                      0.2777777777777778       5.935990501699598E-13    5.52463626266591E-13     0.25                     5.0E10                   2700                     4200.015872985879        2424.880294869098        2502.294445801098
0.793806                 0.483013                 3.7                      0.2702702702702703       5.964422012913061E-13    5.56086175101873E-13     0.25                     5.0E10                   2700                     4200.015872985879        2424.880294869098        2502.294445801098
0.793806                 0.483013                 3.8000000000000003       0.2631578947368421       5.995453939837269E-13    5.601225384829666E-13    0.25                     5.0E10                   2700                     4200.015872985879        2424.880294869098        2502.294445801098
0.793806                 0.483013                 3.9000000000000004       0.2564102564102564       6.02689895596838E-13     5.643607393923149E-13    0.25                     5.0E10                   2700                     4200.015872985879        2424.880294869098        2502.294445801098
0.793806                 0.483013                 4                        0.25                     6.056818794739119E-13    5.686067393347266E-13    0.25                     5.0E10                   2700                     4200.015872985879        2424.880294869098        2502.294445801098
0.793806                 0.483013                 4.1                      0.24390243902439027      6.083583853199545E-13    5.726905690323335E-13    0.25                     5.0E10                   2700                     4200.015872985879        2424.880294869098        2502.294445801098
0.793806                 0.483013                 4.2                      0.23809523809523808      6.10591173872364E-13     5.764708656321518E-13    0.25                     5.0E10                   2700                     4200.015872985879        2424.880294869098        2502.294445801098
0.793806                 0.483013                 4.3                      0.23255813953488372      6.122882687349066E-13    5.798374947474981E-13    0.25                     5.0E10                   2700                     4200.015872985879        2424.880294869098        2502.294445801098
0.793806                 0.483013                 4.3999999999999995       0.22727272727272732      6.133934429975911E-13    5.827123262990748E-13    0.25                     5.0E10                   2700                     4200.015872985879        2424.880294869098        2502.294445801098
0.793806                 0.483013                 4.5                      0.22222222222222224      6.138826830597392E-13    5.850473261836663E-13    0.25                     5.0E10                   2700                     4200.015872985879        2424.880294869098        2502.294445801098
0.793806                 0.483013                 4.6                      0.2173913043478261       6.137611562753807E-13    5.868226365215569E-13    0.25                     5.0E10                   2700                     4200.015872985879        2424.880294869098        2502.294445801098
0.793806                 0.483013                 4.7                      0.2127659574468085       6.130572710895442E-13    5.880420816888058E-13    0.25                     5.0E10                   2700                     4200.015872985879        2424.880294869098        2502.294445801098
0.793806                 0.483013                 4.8                      0.20833333333333334      6.118172908320892E-13    5.887287570420208E-13    0.25                     5.0E10                   2700                     4200.015872985879        2424.880294869098        2502.294445801098
0.793806                 0.483013                 4.9                      0.20408163265306117      6.102418861456847E-13    5.89090559555567E-13     0.25                     5.0E10                   2700                     4200.015872985879        2424.880294869098        2502.294445801098
0.793806                 0.483013                 5                        0.2                      6.080956458770083E-13    5.887963567909222E-13    0.25                     5.0E10                   2700                     4200.015872985879        2424.880294869098        2502.294445801098
0.793806                 0.483013                 5.1                      0.19607843137254904      6.055997784302758E-13    5.881238425404847E-13    0.25                     5.0E10                   2700                     4200.015872985879        2424.880294869098        2502.294445801098
0.793806                 0.483013                 5.2                      0.1923076923076923       6.028336110280653E-13    5.871168657849159E-13    0.25                     5.0E10                   2700                     4200.015872985879        2424.880294869098        2502.294445801098
0.793806                 0.483013                 5.3                      0.18867924528301888      5.998625732392106E-13    5.858313528899333E-13    0.25                     5.0E10                   2700                     4200.015872985879        2424.880294869098        2502.294445801098
0.793806                 0.483013                 5.4                      0.18518518518518517      5.967472341455005E-13    5.843209983808212E-13    0.25                     5.0E10                   2700                     4200.015872985879        2424.880294869098        2502.294445801098
0.793806                 0.483013                 5.5                      0.18181818181818182      5.935421714897141E-13    5.826358485780267E-13    0.25                     5.0E10                   2700                     4200.015872985879        2424.880294869098        2502.294445801098
0.793806                 0.483013                 5.6                      0.17857142857142858      5.902953963922819E-13    5.808214083637313E-13    0.25                     5.0E10                   2700                     4200.015872985879        2424.880294869098        2502.294445801098
0.793806                 0.483013                 5.7                      0.17543859649122806      5.870482086427461E-13    5.789181725426462E-13    0.25                     5.0E10                   2700                     4200.015872985879        2424.880294869098        2502.294445801098
0.793806                 0.483013                 5.8                      0.1724137931034483       5.838359676966784E-13    5.769621330313259E-13    0.25                     5.0E10                   2700                     4200.015872985879        2424.880294869098        2502.294445801098
0.793806                 0.483013                 5.9                      0.1694915254237288       5.806861113801919E-13    5.749823242723246E-13    0.25                     5.0E10                   2700                     4200.015872985879        2424.880294869098        2502.294445801098
0.793806                 0.483013                 6                        0.16666666666666666      5.776221708674603E-13    5.730048592716356E-13    0.25                     5.0E10                   2700                     4200.015872985879        2424.880294869098        2502.294445801098
0.793806                 0.483013                 6.1                      0.16393442622950818      5.746620636032754E-13    5.710508210713146E-13    0.25                     5.0E10                   2700                     4200.015872985879        2424.880294869098        2502.294445801098
0.793806                 0.483013                 6.2                      0.16129032258064518      5.718192711643913E-13    5.691372981644107E-13    0.25                     5.0E10                   2700                     4200.015872985879        2424.880294869098        2502.294445801098
0.793806                 0.483013                 6.3                      0.15873015873015872      5.69103441469205E-13     5.672778321809861E-13    0.25                     5.0E10                   2700                     4200.015872985879        2424.880294869098        2502.294445801098
0.793806                 0.483013                 6.4                      0.15625                  5.665209591884526E-13    5.654828628598381E-13    0.25                     5.0E10                   2700                     4200.015872985879        2424.880294869098        2502.294445801098
0.793806                 0.483013                 6.5                      0.15384615384615383      5.640754709833526E-13    5.637601535356228E-13    0.25                     5.0E10                   2700                     4200.015872985879        2424.880294869098        2502.294445801098
0.793806                 0.483013                 6.6                      0.15151515151515152      5.617683588301584E-13    5.621151867242545E-13    0.25                     5.0E10                   2700                     4200.015872985879        2424.880294869098        2502.294445801098
0.793806                 0.483013                 6.7                      0.1492537313432836       5.595991591248758E-13    5.605515240802262E-13    0.25                     5.0E10                   2700                     4200.015872985879        2424.880294869098        2502.294445801098
0.793806                 0.483013                 6.8                      0.14705882352941177      5.575659284428028E-13    5.590711283874638E-13    0.25                     5.0E10                   2700                     4200.015872985879        2424.880294869098        2502.294445801098
0.793806                 0.483013                 6.9                      0.14492753623188404      5.556655587865279E-13    5.576746475985286E-13    0.25                     5.0E10                   2700                     4200.015872985879        2424.880294869098        2502.294445801098
0.793806                 0.483013                 7                        0.14285714285714285      5.538940463464842E-13    5.563616624643677E-13    0.25                     5.0E10                   2700                     4200.015872985879        2424.880294869098        2502.294445801098
0.793806                 0.483013                 7.1                      0.14084507042253522      5.522467182920228E-13    5.551309002329651E-13    0.25                     5.0E10                   2700                     4200.015872985879        2424.880294869098        2502.294445801098
0.793806                 0.483013                 7.2                      0.1388888888888889       5.507184224418044E-13    5.539804174378373E-13    0.25                     5.0E10                   2700                     4200.015872985879        2424.880294869098        2502.294445801098
0.793806                 0.483013                 7.3                      0.13698630136986303      5.493036843060874E-13    5.529077548962406E-13    0.25                     5.0E10                   2700                     4200.015872985879        2424.880294869098        2502.294445801098
0.793806                 0.483013                 7.4                      0.13513513513513514      5.479968359950821E-13    5.519100681941822E-13    0.25                     5.0E10                   2700                     4200.015872985879        2424.880294869098        2502.294445801098
0.793806                 0.483013                 7.5                      0.13333333333333333      5.467921208819585E-13    5.509842366190596E-13    0.25                     5.0E10                   2700                     4200.015872985879        2424.880294869098        2502.294445801098
0.793806                 0.483013                 7.6                      0.13157894736842105      5.456837777299503E-13    5.501269534701962E-13    0.25                     5.0E10                   2700                     4200.015872985879        2424.880294869098        2502.294445801098
0.793806                 0.483013                 7.7                      0.12987012987012989      5.446661073777655E-13    5.493348002579122E-13    0.25                     5.0E10                   2700                     4200.015872985879        2424.880294869098        2502.294445801098
0.793806                 0.483013                 7.8                      0.12820512820512822      5.437335248295672E-13    5.486043071659967E-13    0.25                     5.0E10                   2700                     4200.015872985879        2424.880294869098        2502.294445801098
0.793806                 0.483013                 7.9                      0.12658227848101267      5.428805991299727E-13    5.479320018004775E-13    0.25                     5.0E10                   2700                     4200.015872985879        2424.880294869098        2502.294445801098
0.793806                 0.483013                 8                        0.125                    5.421020831442704E-13    5.473144480577363E-13    0.25                     5.0E10                   2700                     4200.015872985879        2424.880294869098        2502.294445801098
0.793806                 0.483013                 8.1                      0.1234567901234568       5.413929350131589E-13    5.467482766693673E-13    0.25                     5.0E10                   2700                     4200.015872985879        2424.880294869098        2502.294445801098
0.793806                 0.483013                 8.2                      0.12195121951219513      5.407483327035537E-13    5.462302087346614E-13    0.25                     5.0E10                   2700                     4200.015872985879        2424.880294869098        2502.294445801098
0.793806                 0.483013                 8.3                      0.12048192771084336      5.401636830997254E-13    5.45757073499461E-13     0.25                     5.0E10                   2700                     4200.015872985879        2424.880294869098        2502.294445801098
0.793806                 0.483013                 8.4                      0.11904761904761904      5.396346265184633E-13    5.453258212678459E-13    0.25                     5.0E10                   2700                     4200.015872985879        2424.880294869098        2502.294445801098
0.793806                 0.483013                 8.5                      0.11764705882352941      5.391570377134234E-13    5.449335323903069E-13    0.25                     5.0E10                   2700                     4200.015872985879        2424.880294869098        2502.294445801098
0.793806                 0.483013                 8.6                      0.11627906976744186      5.387270239732971E-13    5.445774229692038E-13    0.25                     5.0E10                   2700                     4200.015872985879        2424.880294869098        2502.294445801098
0.793806                 0.483013                 8.7                      0.11494252873563218      5.383425864754844E-13    5.442566446358999E-13    0.25                     5.0E10                   2700                     4200.015872985879        2424.880294869098        2502.294445801098
0.793806                 0.483013                 8.8                      0.11363636363636362      5.379969879353571E-13    5.439651398538918E-13    0.25                     5.0E10                   2700                     4200.015872985879        2424.880294869098        2502.294445801098
0.793806                 0.483013                 8.9                      0.11235955056179775      5.376886325911742E-13    5.437022979640591E-13    0.25                     5.0E10                   2700                     4200.015872985879        2424.880294869098        2502.294445801098
0.793806                 0.483013                 9                        0.11111111111111112      5.374145021444703E-13    5.434658896417069E-13    0.25                     5.0E10                   2700                     4200.015872985879        2424.880294869098        2502.294445801098
0.793806                 0.483013                 9.1                      0.1098901098901099       5.371717772898821E-13    5.432538193260327E-13    0.25                     5.0E10                   2700                     4200.015872985879        2424.880294869098        2502.294445801098
0.793806                 0.483013                 9.2                      0.10869565217391305      5.369578286579699E-13    5.430641212750002E-13    0.25                     5.0E10                   2700                     4200.015872985879        2424.880294869098        2502.294445801098
0.793806                 0.483013                 9.3                      0.10752688172043011      5.367702075685327E-13    5.428949550387968E-13    0.25                     5.0E10                   2700                     4200.015872985879        2424.880294869098        2502.294445801098
0.793806                 0.483013                 9.4                      0.10638297872340426      5.36606636670103E-13     5.427446004971867E-13    0.25                     5.0E10                   2700                     4200.015872985879        2424.880294869098        2502.294445801098
0.793806                 0.483013                 9.5                      0.10526315789473685      5.364650006533606E-13    5.426114526193643E-13    0.25                     5.0E10                   2700                     4200.015872985879        2424.880294869098        2502.294445801098
0.793806                 0.483013                 9.6                      0.10416666666666667      5.36343337098087E-13     5.424940160714616E-13    0.25                     5.0E10                   2700                     4200.015872985879        2424.880294869098        2502.294445801098
0.793806                 0.483013                 9.700000000000001        0.1030927835051546       5.362398274893786E-13    5.423908997117926E-13    0.25                     5.0E10                   2700                     4200.015872985879        2424.880294869098        2502.294445801098
0.793806                 0.483013                 9.8                      0.10204081632653059      5.361527886016362E-13    5.423008111421429E-13    0.25                     5.0E10                   2700                     4200.015872985879        2424.880294869098        2502.294445801098
0.793806                 0.483013                 9.9                      0.101010101010101        5.360806640185446E-13    5.422225512267923E-13    0.25                     5.0E10                   2700                     4200.015872985879        2424.880294869098        2502.294445801098
0.793806                 0.483013                 10                       0.1                      5.359789953042217E-13    5.420784698783469E-13    0.25                     5.0E10                   2700                     4200.015872985879        2424.880294869098        2502.294445801098
