1.13358                  0.593822                 0.1                      10                       5.331563468717733E-13    5.331560282998638E-13    0.25                     5.0E10                   2700                     5019.0304508606705       2897.738581875337        2502.294445801098
1.13358                  0.593822                 0.2                      5                        5.335119439519599E-13    5.33160716625504E-13     0.25                     5.0E10                   2700                     5019.0304508606705       2897.738581875337        2502.294445801098
1.13358                  0.593822                 0.30000000000000004      3.3333333333333326       5.361566125954393E-13    5.364500025174773E-13    0.25                     5.0E10                   2700                     5019.0304508606705       2897.738581875337        2502.294445801098
1.13358                  0.593822                 0.4                      2.5                      5.329038846488937E-13    5.344471074091008E-13    0.25                     5.0E10                   2700                     5019.0304508606705       2897.738581875337        2502.294445801098
1.13358                  0.593822                 0.5                      2                        5.384265524128762E-13    5.368589619201173E-13    0.25                     5.0E10                   2700                     5019.0304508606705       2897.738581875337        2502.294445801098
1.13358                  0.593822                 0.6                      1.6666666666666667       5.484628640980621E-13    5.436521940481475E-13    0.25                     5.0E10                   2700                     5019.0304508606705       2897.738581875337        2502.294445801098
1.13358                  0.593822                 0.7000000000000001       1.4285714285714284       5.567074592308364E-13    5.462081600566402E-13    0.25                     5.0E10                   2700                     5019.0304508606705       2897.738581875337        2502.294445801098
1.13358                  0.593822                 0.8                      1.25                     5.658000996047058E-13    5.460840745750263E-13    0.25                     5.0E10                   2700                     5019.0304508606705       2897.738581875337        2502.294445801098
1.13358                  0.593822                 0.9                      1.1111111111111112       5.725457920572945E-13    5.481369562711394E-13    0.25                     5.0E10                   2700                     5019.0304508606705       2897.738581875337        2502.294445801098
1.13358                  0.593822                 1                        1                        5.810612805501722E-13    5.480918870741522E-13    0.25                     5.0E10                   2700                     5019.0304508606705       2897.738581875337        2502.294445801098
1.13358                  0.593822                 1.1                      0.909090909090909        5.859463538844236E-13    5.531357354313947E-13    0.25                     5.0E10                   2700                     5019.0304508606705       2897.738581875337        2502.294445801098
1.13358                  0.593822                 1.2000000000000002       0.8333333333333331       5.766460781764524E-13    5.437227354843055E-13    0.25                     5.0E10                   2700                     5019.0304508606705       2897.738581875337        2502.294445801098
1.13358                  0.593822                 1.3000000000000003       0.769230769230769        5.76976225322027E-13     5.414644054417309E-13    0.25                     5.0E10                   2700                     5019.0304508606705       2897.738581875337        2502.294445801098
1.13358                  0.593822                 1.4000000000000001       0.7142857142857142       5.852641356006448E-13    5.516794552869889E-13    0.25                     5.0E10                   2700                     5019.0304508606705       2897.738581875337        2502.294445801098
1.13358                  0.593822                 1.5000000000000002       0.6666666666666665       5.744594886739521E-13    5.481528518369039E-13    0.25                     5.0E10                   2700                     5019.0304508606705       2897.738581875337        2502.294445801098
1.13358                  0.593822                 1.6                      0.625                    5.538476267499547E-13    5.347882853904549E-13    0.25                     5.0E10                   2700                     5019.0304508606705       2897.738581875337        2502.294445801098
1.13358                  0.593822                 1.7000000000000002       0.588235294117647        5.459362132325757E-13    5.315598638283003E-13    0.25                     5.0E10                   2700                     5019.0304508606705       2897.738581875337        2502.294445801098
1.13358                  0.593822                 1.8000000000000003       0.5555555555555555       5.428562777270085E-13    5.321060811846496E-13    0.25                     5.0E10                   2700                     5019.0304508606705       2897.738581875337        2502.294445801098
1.13358                  0.593822                 1.9000000000000001       0.5263157894736842       5.3679858046863E-13      5.298405372734946E-13    0.25                     5.0E10                   2700                     5019.0304508606705       2897.738581875337        2502.294445801098
1.13358                  0.593822                 2                        0.5                      5.292542467088888E-13    5.265293680086196E-13    0.25                     5.0E10                   2700                     5019.0304508606705       2897.738581875337        2502.294445801098
1.13358                  0.593822                 2.1                      0.47619047619047616      5.219804406323961E-13    5.237823543892393E-13    0.25                     5.0E10                   2700                     5019.0304508606705       2897.738581875337        2502.294445801098
1.13358                  0.593822                 2.2                      0.4545454545454545       5.151890968128993E-13    5.213601174723133E-13    0.25                     5.0E10                   2700                     5019.0304508606705       2897.738581875337        2502.294445801098
1.13358                  0.593822                 2.3000000000000003       0.43478260869565216      5.089707803878334E-13    5.189296170038583E-13    0.25                     5.0E10                   2700                     5019.0304508606705       2897.738581875337        2502.294445801098
1.13358                  0.593822                 2.4000000000000004       0.4166666666666666       5.041750824014556E-13    5.170896946997226E-13    0.25                     5.0E10                   2700                     5019.0304508606705       2897.738581875337        2502.294445801098
1.13358                  0.593822                 2.5000000000000004       0.3999999999999999       5.017171909769015E-13    5.167202450824405E-13    0.25                     5.0E10                   2700                     5019.0304508606705       2897.738581875337        2502.294445801098
1.13358                  0.593822                 2.6                      0.3846153846153846       5.018676452443883E-13    5.182163224584579E-13    0.25                     5.0E10                   2700                     5019.0304508606705       2897.738581875337        2502.294445801098
1.13358                  0.593822                 2.7                      0.37037037037037035      5.041644480187763E-13    5.212713712038912E-13    0.25                     5.0E10                   2700                     5019.0304508606705       2897.738581875337        2502.294445801098
1.13358                  0.593822                 2.8000000000000003       0.3571428571428571       5.076730239643949E-13    5.250974864328512E-13    0.25                     5.0E10                   2700                     5019.0304508606705       2897.738581875337        2502.294445801098
1.13358                  0.593822                 2.9000000000000004       0.3448275862068965       5.113594697524867E-13    5.287740916850094E-13    0.25                     5.0E10                   2700                     5019.0304508606705       2897.738581875337        2502.294445801098
1.13358                  0.593822                 3.0000000000000004       0.33333333333333326      5.14488089558709E-13     5.316429860562255E-13    0.25                     5.0E10                   2700                     5019.0304508606705       2897.738581875337        2502.294445801098
1.13358                  0.593822                 3.1                      0.32258064516129037      5.163182277306775E-13    5.330359485983054E-13    0.25                     5.0E10                   2700                     5019.0304508606705       2897.738581875337        2502.294445801098
1.13358                  0.593822                 3.2                      0.3125                   5.168539945918062E-13    5.329956355576599E-13    0.25                     5.0E10                   2700                     5019.0304508606705       2897.738581875337        2502.294445801098
1.13358                  0.593822                 3.3000000000000003       0.30303030303030304      5.16234486349341E-13     5.316990345247719E-13    0.25                     5.0E10                   2700                     5019.0304508606705       2897.738581875337        2502.294445801098
1.13358                  0.593822                 3.4000000000000004       0.2941176470588235       5.147626432219192E-13    5.294872447462204E-13    0.25                     5.0E10                   2700                     5019.0304508606705       2897.738581875337        2502.294445801098
1.13358                  0.593822                 3.5000000000000004       0.2857142857142857       5.127717620622045E-13    5.267069859692183E-13    0.25                     5.0E10                   2700                     5019.0304508606705       2897.738581875337        2502.294445801098
1.13358                  0.593822                 3.6                      0.2777777777777778       5.105915781106762E-13    5.23718775646593E-13     0.25                     5.0E10                   2700                     5019.0304508606705       2897.738581875337        2502.294445801098
1.13358                  0.593822                 3.7                      0.2702702702702703       5.084783852778903E-13    5.207977189034701E-13    0.25                     5.0E10                   2700                     5019.0304508606705       2897.738581875337        2502.294445801098
1.13358                  0.593822                 3.8000000000000003       0.2631578947368421       5.06610700620501E-13     5.181372763708216E-13    0.25                     5.0E10                   2700                     5019.0304508606705       2897.738581875337        2502.294445801098
1.13358                  0.593822                 3.9000000000000004       0.2564102564102564       5.050951364970432E-13    5.158553919188609E-13    0.25                     5.0E10                   2700                     5019.0304508606705       2897.738581875337        2502.294445801098
1.13358                  0.593822                 4                        0.25                     5.039794991978735E-13    5.140081529476651E-13    0.25                     5.0E10                   2700                     5019.0304508606705       2897.738581875337        2502.294445801098
1.13358                  0.593822                 4.1                      0.24390243902439027      5.03268254009734E-13     5.126057088013742E-13    0.25                     5.0E10                   2700                     5019.0304508606705       2897.738581875337        2502.294445801098
1.13358                  0.593822                 4.2                      0.23809523809523808      5.029366893294224E-13    5.11626878286827E-13     0.25                     5.0E10                   2700                     5019.0304508606705       2897.738581875337        2502.294445801098
1.13358                  0.593822                 4.3                      0.23255813953488372      5.029425318633724E-13    5.11031161723743E-13     0.25                     5.0E10                   2700                     5019.0304508606705       2897.738581875337        2502.294445801098
1.13358                  0.593822                 4.3999999999999995       0.22727272727272732      5.032347642514105E-13    5.10767905656506E-13     0.25                     5.0E10                   2700                     5019.0304508606705       2897.738581875337        2502.294445801098
1.13358                  0.593822                 4.5                      0.22222222222222224      5.037599102223026E-13    5.107828885140345E-13    0.25                     5.0E10                   2700                     5019.0304508606705       2897.738581875337        2502.294445801098
1.13358                  0.593822                 4.6                      0.2173913043478261       5.044662388640773E-13    5.110227838035858E-13    0.25                     5.0E10                   2700                     5019.0304508606705       2897.738581875337        2502.294445801098
1.13358                  0.593822                 4.7                      0.2127659574468085       5.053065863384785E-13    5.11438162985655E-13     0.25                     5.0E10                   2700                     5019.0304508606705       2897.738581875337        2502.294445801098
1.13358                  0.593822                 4.8                      0.20833333333333334      5.062388748961295E-13    5.119843709755388E-13    0.25                     5.0E10                   2700                     5019.0304508606705       2897.738581875337        2502.294445801098
1.13358                  0.593822                 4.9                      0.20408163265306117      5.072279816112123E-13    5.126233018540965E-13    0.25                     5.0E10                   2700                     5019.0304508606705       2897.738581875337        2502.294445801098
1.13358                  0.593822                 5                        0.2                      5.082515039592102E-13    5.133189176170484E-13    0.25                     5.0E10                   2700                     5019.0304508606705       2897.738581875337        2502.294445801098
1.13358                  0.593822                 5.1                      0.19607843137254904      5.092704697256507E-13    5.140523002948349E-13    0.25                     5.0E10                   2700                     5019.0304508606705       2897.738581875337        2502.294445801098
1.13358                  0.593822                 5.2                      0.1923076923076923       5.1027612832199E-13      5.147988516593129E-13    0.25                     5.0E10                   2700                     5019.0304508606705       2897.738581875337        2502.294445801098
1.13358                  0.593822                 5.3                      0.18867924528301888      5.112554920866846E-13    5.155426168974709E-13    0.25                     5.0E10                   2700                     5019.0304508606705       2897.738581875337        2502.294445801098
1.13358                  0.593822                 5.4                      0.18518518518518517      5.12199500745966E-13     5.162717377263321E-13    0.25                     5.0E10                   2700                     5019.0304508606705       2897.738581875337        2502.294445801098
1.13358                  0.593822                 5.5                      0.18181818181818182      5.131023233644037E-13    5.169777859551536E-13    0.25                     5.0E10                   2700                     5019.0304508606705       2897.738581875337        2502.294445801098
1.13358                  0.593822                 5.6                      0.17857142857142858      5.13960715548633E-13     5.176551394021933E-13    0.25                     5.0E10                   2700                     5019.0304508606705       2897.738581875337        2502.294445801098
1.13358                  0.593822                 5.7                      0.17543859649122806      5.147734483411087E-13    5.183004190067332E-13    0.25                     5.0E10                   2700                     5019.0304508606705       2897.738581875337        2502.294445801098
1.13358                  0.593822                 5.8                      0.1724137931034483       5.155408153319349E-13    5.189119959237737E-13    0.25                     5.0E10                   2700                     5019.0304508606705       2897.738581875337        2502.294445801098
1.13358                  0.593822                 5.9                      0.1694915254237288       5.162642179440875E-13    5.194895705081766E-13    0.25                     5.0E10                   2700                     5019.0304508606705       2897.738581875337        2502.294445801098
1.13358                  0.593822                 6                        0.16666666666666666      5.170657901140668E-13    5.201507600817317E-13    0.25                     5.0E10                   2700                     5019.0304508606705       2897.738581875337        2502.294445801098
1.13358                  0.593822                 6.1                      0.16393442622950818      5.17704710287488E-13     5.206590869407397E-13    0.25                     5.0E10                   2700                     5019.0304508606705       2897.738581875337        2502.294445801098
1.13358                  0.593822                 6.2                      0.16129032258064518      5.183078090444994E-13    5.211378398572023E-13    0.25                     5.0E10                   2700                     5019.0304508606705       2897.738581875337        2502.294445801098
1.13358                  0.593822                 6.3                      0.15873015873015872      5.188771518549073E-13    5.215881706845588E-13    0.25                     5.0E10                   2700                     5019.0304508606705       2897.738581875337        2502.294445801098
1.13358                  0.593822                 6.4                      0.15625                  5.194162513192108E-13    5.220127373925108E-13    0.25                     5.0E10                   2700                     5019.0304508606705       2897.738581875337        2502.294445801098
1.13358                  0.593822                 6.5                      0.15384615384615383      5.199280585834308E-13    5.224137954024289E-13    0.25                     5.0E10                   2700                     5019.0304508606705       2897.738581875337        2502.294445801098
1.13358                  0.593822                 6.6                      0.15151515151515152      5.204153711329308E-13    5.227935623121444E-13    0.25                     5.0E10                   2700                     5019.0304508606705       2897.738581875337        2502.294445801098
1.13358                  0.593822                 6.7                      0.1492537313432836       5.208807917077405E-13    5.231541625451541E-13    0.25                     5.0E10                   2700                     5019.0304508606705       2897.738581875337        2502.294445801098
1.13358                  0.593822                 6.8                      0.14705882352941177      5.213267045926887E-13    5.234975903331322E-13    0.25                     5.0E10                   2700                     5019.0304508606705       2897.738581875337        2502.294445801098
1.13358                  0.593822                 6.9                      0.14492753623188404      5.21755265045349E-13     5.23825686971149E-13     0.25                     5.0E10                   2700                     5019.0304508606705       2897.738581875337        2502.294445801098
1.13358                  0.593822                 7                        0.14285714285714285      5.221683985916427E-13    5.241401290410297E-13    0.25                     5.0E10                   2700                     5019.0304508606705       2897.738581875337        2502.294445801098
1.13358                  0.593822                 7.1                      0.14084507042253522      5.225678073390211E-13    5.244424248351715E-13    0.25                     5.0E10                   2700                     5019.0304508606705       2897.738581875337        2502.294445801098
1.13358                  0.593822                 7.2                      0.1388888888888889       5.229549812068906E-13    5.247339167708114E-13    0.25                     5.0E10                   2700                     5019.0304508606705       2897.738581875337        2502.294445801098
1.13358                  0.593822                 7.3                      0.13698630136986303      5.233312122598674E-13    5.250157879887567E-13    0.25                     5.0E10                   2700                     5019.0304508606705       2897.738581875337        2502.294445801098
1.13358                  0.593822                 7.4                      0.13513513513513514      5.236976109543061E-13    5.252890718051974E-13    0.25                     5.0E10                   2700                     5019.0304508606705       2897.738581875337        2502.294445801098
1.13358                  0.593822                 7.5                      0.13333333333333333      5.240551231373466E-13    5.255546628552533E-13    0.25                     5.0E10                   2700                     5019.0304508606705       2897.738581875337        2502.294445801098
1.13358                  0.593822                 7.6                      0.13157894736842105      5.244045472366612E-13    5.25813329202292E-13     0.25                     5.0E10                   2700                     5019.0304508606705       2897.738581875337        2502.294445801098
1.13358                  0.593822                 7.7                      0.12987012987012989      5.247465509733899E-13    5.260657247249437E-13    0.25                     5.0E10                   2700                     5019.0304508606705       2897.738581875337        2502.294445801098
1.13358                  0.593822                 7.8                      0.12820512820512822      5.250816872977627E-13    5.263124013749881E-13    0.25                     5.0E10                   2700                     5019.0304508606705       2897.738581875337        2502.294445801098
1.13358                  0.593822                 7.9                      0.12658227848101267      5.254104093319866E-13    5.265538209978932E-13    0.25                     5.0E10                   2700                     5019.0304508606705       2897.738581875337        2502.294445801098
1.13358                  0.593822                 8                        0.125                    5.257330841025905E-13    5.2679036648683E-13      0.25                     5.0E10                   2700                     5019.0304508606705       2897.738581875337        2502.294445801098
1.13358                  0.593822                 8.1                      0.1234567901234568       5.260500051465807E-13    5.270223521831229E-13    0.25                     5.0E10                   2700                     5019.0304508606705       2897.738581875337        2502.294445801098
1.13358                  0.593822                 8.2                      0.12195121951219513      5.26361403738425E-13     5.272500333644492E-13    0.25                     5.0E10                   2700                     5019.0304508606705       2897.738581875337        2502.294445801098
1.13358                  0.593822                 8.3                      0.12048192771084336      5.266674590512328E-13    5.274736149156696E-13    0.25                     5.0E10                   2700                     5019.0304508606705       2897.738581875337        2502.294445801098
1.13358                  0.593822                 8.4                      0.11904761904761904      5.269683070694799E-13    5.276932590844524E-13    0.25                     5.0E10                   2700                     5019.0304508606705       2897.738581875337        2502.294445801098
1.13358                  0.593822                 8.5                      0.11764705882352941      5.272640484402666E-13    5.279090923935607E-13    0.25                     5.0E10                   2700                     5019.0304508606705       2897.738581875337        2502.294445801098
1.13358                  0.593822                 8.6                      0.11627906976744186      5.275547553517017E-13    5.281212117785489E-13    0.25                     5.0E10                   2700                     5019.0304508606705       2897.738581875337        2502.294445801098
1.13358                  0.593822                 8.7                      0.11494252873563218      5.278404774360334E-13    5.283296899395204E-13    0.25                     5.0E10                   2700                     5019.0304508606705       2897.738581875337        2502.294445801098
1.13358                  0.593822                 8.8                      0.11363636363636362      5.281212468525119E-13    5.285345800147434E-13    0.25                     5.0E10                   2700                     5019.0304508606705       2897.738581875337        2502.294445801098
1.13358                  0.593822                 8.9                      0.11235955056179775      5.283970826647754E-13    5.28735919636305E-13     0.25                     5.0E10                   2700                     5019.0304508606705       2897.738581875337        2502.294445801098
1.13358                  0.593822                 9                        0.11111111111111112      5.286679944901967E-13    5.289337344033695E-13    0.25                     5.0E10                   2700                     5019.0304508606705       2897.738581875337        2502.294445801098
1.13358                  0.593822                 9.1                      0.1098901098901099       5.289339855795917E-13    5.291280408353138E-13    0.25                     5.0E10                   2700                     5019.0304508606705       2897.738581875337        2502.294445801098
1.13358                  0.593822                 9.2                      0.10869565217391305      5.291950553770534E-13    5.293188488846743E-13    0.25                     5.0E10                   2700                     5019.0304508606705       2897.738581875337        2502.294445801098
1.13358                  0.593822                 9.3                      0.10752688172043011      5.294529438947191E-13    5.295078121644831E-13    0.25                     5.0E10                   2700                     5019.0304508606705       2897.738581875337        2502.294445801098
1.13358                  0.593822                 9.4                      0.10638297872340426      5.297042046739022E-13    5.296916782356433E-13    0.25                     5.0E10                   2700                     5019.0304508606705       2897.738581875337        2502.294445801098
1.13358                  0.593822                 9.5                      0.10526315789473685      5.299505387424516E-13    5.298720557634299E-13    0.25                     5.0E10                   2700                     5019.0304508606705       2897.738581875337        2502.294445801098
1.13358                  0.593822                 9.6                      0.10416666666666667      5.301919476630167E-13    5.300489461521396E-13    0.25                     5.0E10                   2700                     5019.0304508606705       2897.738581875337        2502.294445801098
1.13358                  0.593822                 9.700000000000001        0.1030927835051546       5.304284362147896E-13    5.302223516160157E-13    0.25                     5.0E10                   2700                     5019.0304508606705       2897.738581875337        2502.294445801098
1.13358                  0.593822                 9.8                      0.10204081632653059      5.306600130400118E-13    5.303922759402171E-13    0.25                     5.0E10                   2700                     5019.0304508606705       2897.738581875337        2502.294445801098
1.13358                  0.593822                 9.9                      0.101010101010101        5.30886691014956E-13     5.305587250151293E-13    0.25                     5.0E10                   2700                     5019.0304508606705       2897.738581875337        2502.294445801098
1.13358                  0.593822                 10                       0.1                      5.310490228753592E-13    5.306467771076315E-13    0.25                     5.0E10                   2700                     5019.0304508606705       2897.738581875337        2502.294445801098
