1.07733                  0.927098                 0.1                      10                       5.331372795061213E-13    5.331415005991945E-13    0.25                     5.0E10                   2700                     4892.920055209022        2824.928710998248        2502.294445801098
1.07733                  0.927098                 0.2                      5                        5.334949613094989E-13    5.331602112836787E-13    0.25                     5.0E10                   2700                     4892.920055209022        2824.928710998248        2502.294445801098
1.07733                  0.927098                 0.30000000000000004      3.3333333333333326       5.366444018300354E-13    5.362971076207893E-13    0.25                     5.0E10                   2700                     4892.920055209022        2824.928710998248        2502.294445801098
1.07733                  0.927098                 0.4                      2.5                      5.330164182745117E-13    5.333057919523959E-13    0.25                     5.0E10                   2700                     4892.920055209022        2824.928710998248        2502.294445801098
1.07733                  0.927098                 0.5                      2                        5.329699365390282E-13    5.334691200735082E-13    0.25                     5.0E10                   2700                     4892.920055209022        2824.928710998248        2502.294445801098
1.07733                  0.927098                 0.6                      1.6666666666666667       5.362729661225586E-13    5.374324472728831E-13    0.25                     5.0E10                   2700                     4892.920055209022        2824.928710998248        2502.294445801098
1.07733                  0.927098                 0.7000000000000001       1.4285714285714284       5.366068945793147E-13    5.389648298855083E-13    0.25                     5.0E10                   2700                     4892.920055209022        2824.928710998248        2502.294445801098
1.07733                  0.927098                 0.8                      1.25                     5.351195621021785E-13    5.362571252187802E-13    0.25                     5.0E10                   2700                     4892.920055209022        2824.928710998248        2502.294445801098
1.07733                  0.927098                 0.9                      1.1111111111111112       5.351750526142422E-13    5.374620644637941E-13    0.25                     5.0E10                   2700                     4892.920055209022        2824.928710998248        2502.294445801098
1.07733                  0.927098                 1                        1                        5.411654691141415E-13    5.378300259998313E-13    0.25                     5.0E10                   2700                     4892.920055209022        2824.928710998248        2502.294445801098
1.07733                  0.927098                 1.1                      0.909090909090909        5.462093707378771E-13    5.424977304691457E-13    0.25                     5.0E10                   2700                     4892.920055209022        2824.928710998248        2502.294445801098
1.07733                  0.927098                 1.2000000000000002       0.8333333333333331       5.490691175560865E-13    5.425263578000262E-13    0.25                     5.0E10                   2700                     4892.920055209022        2824.928710998248        2502.294445801098
1.07733                  0.927098                 1.3000000000000003       0.769230769230769        5.524642541640956E-13    5.402700805969036E-13    0.25                     5.0E10                   2700                     4892.920055209022        2824.928710998248        2502.294445801098
1.07733                  0.927098                 1.4000000000000001       0.7142857142857142       5.588709405968582E-13    5.440013750791999E-13    0.25                     5.0E10                   2700                     4892.920055209022        2824.928710998248        2502.294445801098
1.07733                  0.927098                 1.5000000000000002       0.6666666666666665       5.590664757080513E-13    5.4518491996703E-13      0.25                     5.0E10                   2700                     4892.920055209022        2824.928710998248        2502.294445801098
1.07733                  0.927098                 1.6                      0.625                    5.529103315734528E-13    5.401733744913973E-13    0.25                     5.0E10                   2700                     4892.920055209022        2824.928710998248        2502.294445801098
1.07733                  0.927098                 1.7000000000000002       0.588235294117647        5.544274615427362E-13    5.410967154989083E-13    0.25                     5.0E10                   2700                     4892.920055209022        2824.928710998248        2502.294445801098
1.07733                  0.927098                 1.8000000000000003       0.5555555555555555       5.566336784037493E-13    5.421385095822912E-13    0.25                     5.0E10                   2700                     4892.920055209022        2824.928710998248        2502.294445801098
1.07733                  0.927098                 1.9000000000000001       0.5263157894736842       5.548223486667254E-13    5.398325489488907E-13    0.25                     5.0E10                   2700                     4892.920055209022        2824.928710998248        2502.294445801098
1.07733                  0.927098                 2                        0.5                      5.521849748658546E-13    5.378791471642819E-13    0.25                     5.0E10                   2700                     4892.920055209022        2824.928710998248        2502.294445801098
1.07733                  0.927098                 2.1                      0.47619047619047616      5.504645144878468E-13    5.380255634045378E-13    0.25                     5.0E10                   2700                     4892.920055209022        2824.928710998248        2502.294445801098
1.07733                  0.927098                 2.2                      0.4545454545454545       5.482159168751215E-13    5.385171979630957E-13    0.25                     5.0E10                   2700                     4892.920055209022        2824.928710998248        2502.294445801098
1.07733                  0.927098                 2.3000000000000003       0.43478260869565216      5.442668426789927E-13    5.376489074996924E-13    0.25                     5.0E10                   2700                     4892.920055209022        2824.928710998248        2502.294445801098
1.07733                  0.927098                 2.4000000000000004       0.4166666666666666       5.393377893698378E-13    5.355615117266987E-13    0.25                     5.0E10                   2700                     4892.920055209022        2824.928710998248        2502.294445801098
1.07733                  0.927098                 2.5000000000000004       0.3999999999999999       5.348961435971554E-13    5.334905752129287E-13    0.25                     5.0E10                   2700                     4892.920055209022        2824.928710998248        2502.294445801098
1.07733                  0.927098                 2.6                      0.3846153846153846       5.321352162477703E-13    5.32517677713274E-13     0.25                     5.0E10                   2700                     4892.920055209022        2824.928710998248        2502.294445801098
1.07733                  0.927098                 2.7                      0.37037037037037035      5.313334794500034E-13    5.329633625360665E-13    0.25                     5.0E10                   2700                     4892.920055209022        2824.928710998248        2502.294445801098
1.07733                  0.927098                 2.8000000000000003       0.3571428571428571       5.320374205035961E-13    5.344865821647665E-13    0.25                     5.0E10                   2700                     4892.920055209022        2824.928710998248        2502.294445801098
1.07733                  0.927098                 2.9000000000000004       0.3448275862068965       5.33469208145677E-13     5.36423042061772E-13     0.25                     5.0E10                   2700                     4892.920055209022        2824.928710998248        2502.294445801098
1.07733                  0.927098                 3.0000000000000004       0.33333333333333326      5.348716167585516E-13    5.381076772872327E-13    0.25                     5.0E10                   2700                     4892.920055209022        2824.928710998248        2502.294445801098
1.07733                  0.927098                 3.1                      0.32258064516129037      5.358170817074486E-13    5.391890092768705E-13    0.25                     5.0E10                   2700                     4892.920055209022        2824.928710998248        2502.294445801098
1.07733                  0.927098                 3.2                      0.3125                   5.358265963120461E-13    5.392160301747558E-13    0.25                     5.0E10                   2700                     4892.920055209022        2824.928710998248        2502.294445801098
1.07733                  0.927098                 3.3000000000000003       0.30303030303030304      5.350290536025515E-13    5.383597252818675E-13    0.25                     5.0E10                   2700                     4892.920055209022        2824.928710998248        2502.294445801098
1.07733                  0.927098                 3.4000000000000004       0.2941176470588235       5.335930796851852E-13    5.3682048762137E-13      0.25                     5.0E10                   2700                     4892.920055209022        2824.928710998248        2502.294445801098
1.07733                  0.927098                 3.5000000000000004       0.2857142857142857       5.317379000104054E-13    5.348169200066997E-13    0.25                     5.0E10                   2700                     4892.920055209022        2824.928710998248        2502.294445801098
1.07733                  0.927098                 3.6                      0.2777777777777778       5.297075435285724E-13    5.326161128326706E-13    0.25                     5.0E10                   2700                     4892.920055209022        2824.928710998248        2502.294445801098
1.07733                  0.927098                 3.7                      0.2702702702702703       5.277006455425856E-13    5.304284961947081E-13    0.25                     5.0E10                   2700                     4892.920055209022        2824.928710998248        2502.294445801098
1.07733                  0.927098                 3.8000000000000003       0.2631578947368421       5.258612335916325E-13    5.284079920399055E-13    0.25                     5.0E10                   2700                     4892.920055209022        2824.928710998248        2502.294445801098
1.07733                  0.927098                 3.9000000000000004       0.2564102564102564       5.24278308872043E-13     5.266516544291082E-13    0.25                     5.0E10                   2700                     4892.920055209022        2824.928710998248        2502.294445801098
1.07733                  0.927098                 4                        0.25                     5.229938480665376E-13    5.252077419090169E-13    0.25                     5.0E10                   2700                     4892.920055209022        2824.928710998248        2502.294445801098
1.07733                  0.927098                 4.1                      0.24390243902439027      5.220141081679133E-13    5.240870800737214E-13    0.25                     5.0E10                   2700                     4892.920055209022        2824.928710998248        2502.294445801098
1.07733                  0.927098                 4.2                      0.23809523809523808      5.21320887697278E-13     5.232744375616008E-13    0.25                     5.0E10                   2700                     4892.920055209022        2824.928710998248        2502.294445801098
1.07733                  0.927098                 4.3                      0.23255813953488372      5.208811928432508E-13    5.227383581477673E-13    0.25                     5.0E10                   2700                     4892.920055209022        2824.928710998248        2502.294445801098
1.07733                  0.927098                 4.3999999999999995       0.22727272727272732      5.206548721166532E-13    5.224389601384417E-13    0.25                     5.0E10                   2700                     4892.920055209022        2824.928710998248        2502.294445801098
1.07733                  0.927098                 4.5                      0.22222222222222224      5.205997052185372E-13    5.223334004396704E-13    0.25                     5.0E10                   2700                     4892.920055209022        2824.928710998248        2502.294445801098
1.07733                  0.927098                 4.6                      0.2173913043478261       5.206755656644602E-13    5.223800312963037E-13    0.25                     5.0E10                   2700                     4892.920055209022        2824.928710998248        2502.294445801098
1.07733                  0.927098                 4.7                      0.2127659574468085       5.209197794390665E-13    5.22617860567582E-13     0.25                     5.0E10                   2700                     4892.920055209022        2824.928710998248        2502.294445801098
1.07733                  0.927098                 4.8                      0.20833333333333334      5.211510048367386E-13    5.228550428357652E-13    0.25                     5.0E10                   2700                     4892.920055209022        2824.928710998248        2502.294445801098
1.07733                  0.927098                 4.9                      0.20408163265306117      5.214211459467815E-13    5.231450963124084E-13    0.25                     5.0E10                   2700                     4892.920055209022        2824.928710998248        2502.294445801098
1.07733                  0.927098                 5                        0.2                      5.217235713289094E-13    5.234722634192053E-13    0.25                     5.0E10                   2700                     4892.920055209022        2824.928710998248        2502.294445801098
1.07733                  0.927098                 5.1                      0.19607843137254904      5.220138051414007E-13    5.238036346562476E-13    0.25                     5.0E10                   2700                     4892.920055209022        2824.928710998248        2502.294445801098
1.07733                  0.927098                 5.2                      0.1923076923076923       5.222969471675117E-13    5.241341954256842E-13    0.25                     5.0E10                   2700                     4892.920055209022        2824.928710998248        2502.294445801098
1.07733                  0.927098                 5.3                      0.18867924528301888      5.225659103453953E-13    5.244545645038137E-13    0.25                     5.0E10                   2700                     4892.920055209022        2824.928710998248        2502.294445801098
1.07733                  0.927098                 5.4                      0.18518518518518517      5.228165568971648E-13    5.247585381295063E-13    0.25                     5.0E10                   2700                     4892.920055209022        2824.928710998248        2502.294445801098
1.07733                  0.927098                 5.5                      0.18181818181818182      5.230472258173036E-13    5.25042646130008E-13     0.25                     5.0E10                   2700                     4892.920055209022        2824.928710998248        2502.294445801098
1.07733                  0.927098                 5.6                      0.17857142857142858      5.232574820268707E-13    5.253048883186422E-13    0.25                     5.0E10                   2700                     4892.920055209022        2824.928710998248        2502.294445801098
1.07733                  0.927098                 5.7                      0.17543859649122806      5.234486332643173E-13    5.255452744017173E-13    0.25                     5.0E10                   2700                     4892.920055209022        2824.928710998248        2502.294445801098
1.07733                  0.927098                 5.8                      0.1724137931034483       5.236226551913883E-13    5.257647235891574E-13    0.25                     5.0E10                   2700                     4892.920055209022        2824.928710998248        2502.294445801098
1.07733                  0.927098                 5.9                      0.1694915254237288       5.23782028531612E-13     5.2596488699525E-13      0.25                     5.0E10                   2700                     4892.920055209022        2824.928710998248        2502.294445801098
1.07733                  0.927098                 6                        0.16666666666666666      5.239294826485174E-13    5.261478704274723E-13    0.25                     5.0E10                   2700                     4892.920055209022        2824.928710998248        2502.294445801098
1.07733                  0.927098                 6.1                      0.16393442622950818      5.240678017601452E-13    5.263160180299259E-13    0.25                     5.0E10                   2700                     4892.920055209022        2824.928710998248        2502.294445801098
1.07733                  0.927098                 6.2                      0.16129032258064518      5.241996841773796E-13    5.264717484085756E-13    0.25                     5.0E10                   2700                     4892.920055209022        2824.928710998248        2502.294445801098
1.07733                  0.927098                 6.3                      0.15873015873015872      5.243276449878693E-13    5.266174347005202E-13    0.25                     5.0E10                   2700                     4892.920055209022        2824.928710998248        2502.294445801098
1.07733                  0.927098                 6.4                      0.15625                  5.24453953648008E-13     5.267553206603402E-13    0.25                     5.0E10                   2700                     4892.920055209022        2824.928710998248        2502.294445801098
1.07733                  0.927098                 6.5                      0.15384615384615383      5.245805987709304E-13    5.268874655294936E-13    0.25                     5.0E10                   2700                     4892.920055209022        2824.928710998248        2502.294445801098
1.07733                  0.927098                 6.6                      0.15151515151515152      5.247092735748231E-13    5.270157113936018E-13    0.25                     5.0E10                   2700                     4892.920055209022        2824.928710998248        2502.294445801098
1.07733                  0.927098                 6.7                      0.1492537313432836       5.248413765898878E-13    5.271416677265244E-13    0.25                     5.0E10                   2700                     4892.920055209022        2824.928710998248        2502.294445801098
1.07733                  0.927098                 6.8                      0.14705882352941177      5.249780231528988E-13    5.2726670866052E-13      0.25                     5.0E10                   2700                     4892.920055209022        2824.928710998248        2502.294445801098
1.07733                  0.927098                 6.9                      0.14492753623188404      5.25120064111872E-13     5.27391979374942E-13     0.25                     5.0E10                   2700                     4892.920055209022        2824.928710998248        2502.294445801098
1.07733                  0.927098                 7                        0.14285714285714285      5.252681090936099E-13    5.275184087675212E-13    0.25                     5.0E10                   2700                     4892.920055209022        2824.928710998248        2502.294445801098
1.07733                  0.927098                 7.1                      0.14084507042253522      5.254225520820747E-13    5.276467261210155E-13    0.25                     5.0E10                   2700                     4892.920055209022        2824.928710998248        2502.294445801098
1.07733                  0.927098                 7.2                      0.1388888888888889       5.255835978788662E-13    5.277774800675848E-13    0.25                     5.0E10                   2700                     4892.920055209022        2824.928710998248        2502.294445801098
1.07733                  0.927098                 7.3                      0.13698630136986303      5.257517734933106E-13    5.279115337475316E-13    0.25                     5.0E10                   2700                     4892.920055209022        2824.928710998248        2502.294445801098
1.07733                  0.927098                 7.4                      0.13513513513513514      5.259260423372335E-13    5.280482115779337E-13    0.25                     5.0E10                   2700                     4892.920055209022        2824.928710998248        2502.294445801098
1.07733                  0.927098                 7.5                      0.13333333333333333      5.261066489791579E-13    5.281880878944223E-13    0.25                     5.0E10                   2700                     4892.920055209022        2824.928710998248        2502.294445801098
1.07733                  0.927098                 7.6                      0.13157894736842105      5.262932890968107E-13    5.283311856854259E-13    0.25                     5.0E10                   2700                     4892.920055209022        2824.928710998248        2502.294445801098
1.07733                  0.927098                 7.7                      0.12987012987012989      5.26485584565888E-13     5.284774420120208E-13    0.25                     5.0E10                   2700                     4892.920055209022        2824.928710998248        2502.294445801098
1.07733                  0.927098                 7.8                      0.12820512820512822      5.266831006961275E-13    5.286267235025464E-13    0.25                     5.0E10                   2700                     4892.920055209022        2824.928710998248        2502.294445801098
1.07733                  0.927098                 7.9                      0.12658227848101267      5.268853614074949E-13    5.28778840285189E-13     0.25                     5.0E10                   2700                     4892.920055209022        2824.928710998248        2502.294445801098
1.07733                  0.927098                 8                        0.125                    5.270918623818748E-13    5.289335583577271E-13    0.25                     5.0E10                   2700                     4892.920055209022        2824.928710998248        2502.294445801098
1.07733                  0.927098                 8.1                      0.1234567901234568       5.273020823982215E-13    5.290906104642954E-13    0.25                     5.0E10                   2700                     4892.920055209022        2824.928710998248        2502.294445801098
1.07733                  0.927098                 8.2                      0.12195121951219513      5.275154928438236E-13    5.292497054959555E-13    0.25                     5.0E10                   2700                     4892.920055209022        2824.928710998248        2502.294445801098
1.07733                  0.927098                 8.3                      0.12048192771084336      5.277315657813575E-13    5.294105366201299E-13    0.25                     5.0E10                   2700                     4892.920055209022        2824.928710998248        2502.294445801098
1.07733                  0.927098                 8.4                      0.11904761904761904      5.279497805244389E-13    5.295727881536457E-13    0.25                     5.0E10                   2700                     4892.920055209022        2824.928710998248        2502.294445801098
1.07733                  0.927098                 8.5                      0.11764705882352941      5.281696290246043E-13    5.297361413587192E-13    0.25                     5.0E10                   2700                     4892.920055209022        2824.928710998248        2502.294445801098
1.07733                  0.927098                 8.6                      0.11627906976744186      5.283906201299259E-13    5.299002792376349E-13    0.25                     5.0E10                   2700                     4892.920055209022        2824.928710998248        2502.294445801098
1.07733                  0.927098                 8.7                      0.11494252873563218      5.28612282908679E-13     5.300648904695586E-13    0.25                     5.0E10                   2700                     4892.920055209022        2824.928710998248        2502.294445801098
1.07733                  0.927098                 8.8                      0.11363636363636362      5.288341691358178E-13    5.302296725666282E-13    0.25                     5.0E10                   2700                     4892.920055209022        2824.928710998248        2502.294445801098
1.07733                  0.927098                 8.9                      0.11235955056179775      5.29055855080813E-13     5.303943343632014E-13    0.25                     5.0E10                   2700                     4892.920055209022        2824.928710998248        2502.294445801098
1.07733                  0.927098                 9                        0.11111111111111112      5.292769427143643E-13    5.305585979401542E-13    0.25                     5.0E10                   2700                     4892.920055209022        2824.928710998248        2502.294445801098
1.07733                  0.927098                 9.1                      0.1098901098901099       5.294970603663242E-13    5.30722200028199E-13     0.25                     5.0E10                   2700                     4892.920055209022        2824.928710998248        2502.294445801098
1.07733                  0.927098                 9.2                      0.10869565217391305      5.297158629830163E-13    5.30884892992947E-13     0.25                     5.0E10                   2700                     4892.920055209022        2824.928710998248        2502.294445801098
1.07733                  0.927098                 9.3                      0.10752688172043011      5.300793188658406E-13    5.311691986823676E-13    0.25                     5.0E10                   2700                     4892.920055209022        2824.928710998248        2502.294445801098
1.07733                  0.927098                 9.4                      0.10638297872340426      5.302885718598203E-13    5.313249436940862E-13    0.25                     5.0E10                   2700                     4892.920055209022        2824.928710998248        2502.294445801098
1.07733                  0.927098                 9.5                      0.10526315789473685      5.304958544728462E-13    5.31479290969929E-13     0.25                     5.0E10                   2700                     4892.920055209022        2824.928710998248        2502.294445801098
1.07733                  0.927098                 9.6                      0.10416666666666667      5.307009250769754E-13    5.316320597516079E-13    0.25                     5.0E10                   2700                     4892.920055209022        2824.928710998248        2502.294445801098
1.07733                  0.927098                 9.700000000000001        0.1030927835051546       5.309035647351558E-13    5.31783084685132E-13     0.25                     5.0E10                   2700                     4892.920055209022        2824.928710998248        2502.294445801098
1.07733                  0.927098                 9.8                      0.10204081632653059      5.31103576330049E-13     5.319322154871363E-13    0.25                     5.0E10                   2700                     4892.920055209022        2824.928710998248        2502.294445801098
1.07733                  0.927098                 9.9                      0.101010101010101        5.31300783579223E-13     5.320793164981233E-13    0.25                     5.0E10                   2700                     4892.920055209022        2824.928710998248        2502.294445801098
1.07733                  0.927098                 10                       0.1                      5.314147500070145E-13    5.32149362424169E-13     0.25                     5.0E10                   2700                     4892.920055209022        2824.928710998248        2502.294445801098
