1.62414                  0.904252                 0.1                      10                       5.331389803525524E-13    5.331341575013158E-13    0.25                     5.0E10                   2700                     6007.661774767284        3468.5251428621164       2502.294445801098
1.62414                  0.904252                 0.2                      5                        5.334789236584109E-13    5.331515660186925E-13    0.25                     5.0E10                   2700                     6007.661774767284        3468.5251428621164       2502.294445801098
1.62414                  0.904252                 0.30000000000000004      3.3333333333333326       5.367161532458518E-13    5.363591722291028E-13    0.25                     5.0E10                   2700                     6007.661774767284        3468.5251428621164       2502.294445801098
1.62414                  0.904252                 0.4                      2.5                      5.332038314095695E-13    5.336511621882401E-13    0.25                     5.0E10                   2700                     6007.661774767284        3468.5251428621164       2502.294445801098
1.62414                  0.904252                 0.5                      2                        5.3172612995401E-13      5.348807355092697E-13    0.25                     5.0E10                   2700                     6007.661774767284        3468.5251428621164       2502.294445801098
1.62414                  0.904252                 0.6                      1.6666666666666667       5.341407092134965E-13    5.410376893739277E-13    0.25                     5.0E10                   2700                     6007.661774767284        3468.5251428621164       2502.294445801098
1.62414                  0.904252                 0.7000000000000001       1.4285714285714284       5.348390771761144E-13    5.45572375581099E-13     0.25                     5.0E10                   2700                     6007.661774767284        3468.5251428621164       2502.294445801098
1.62414                  0.904252                 0.8                      1.25                     5.476866637909987E-13    5.482460579848805E-13    0.25                     5.0E10                   2700                     6007.661774767284        3468.5251428621164       2502.294445801098
1.62414                  0.904252                 0.9                      1.1111111111111112       5.643194009101495E-13    5.525205993310953E-13    0.25                     5.0E10                   2700                     6007.661774767284        3468.5251428621164       2502.294445801098
1.62414                  0.904252                 1                        1                        5.889003941697382E-13    5.575679936676332E-13    0.25                     5.0E10                   2700                     6007.661774767284        3468.5251428621164       2502.294445801098
1.62414                  0.904252                 1.1                      0.909090909090909        6.13789217587563E-13     5.703636580283942E-13    0.25                     5.0E10                   2700                     6007.661774767284        3468.5251428621164       2502.294445801098
1.62414                  0.904252                 1.2000000000000002       0.8333333333333331       6.23708511512513E-13     5.65810869394372E-13     0.25                     5.0E10                   2700                     6007.661774767284        3468.5251428621164       2502.294445801098
1.62414                  0.904252                 1.3000000000000003       0.769230769230769        6.441353222804867E-13    5.673724199634658E-13    0.25                     5.0E10                   2700                     6007.661774767284        3468.5251428621164       2502.294445801098
1.62414                  0.904252                 1.4000000000000001       0.7142857142857142       6.739687803802749E-13    5.826264551728359E-13    0.25                     5.0E10                   2700                     6007.661774767284        3468.5251428621164       2502.294445801098
1.62414                  0.904252                 1.5000000000000002       0.6666666666666665       6.814491447306415E-13    5.845594627381563E-13    0.25                     5.0E10                   2700                     6007.661774767284        3468.5251428621164       2502.294445801098
1.62414                  0.904252                 1.6                      0.625                    6.711021189511487E-13    5.729566429823521E-13    0.25                     5.0E10                   2700                     6007.661774767284        3468.5251428621164       2502.294445801098
1.62414                  0.904252                 1.7000000000000002       0.588235294117647        6.651656670575492E-13    5.661669801478162E-13    0.25                     5.0E10                   2700                     6007.661774767284        3468.5251428621164       2502.294445801098
1.62414                  0.904252                 1.8000000000000003       0.5555555555555555       6.585497334103764E-13    5.624546300981159E-13    0.25                     5.0E10                   2700                     6007.661774767284        3468.5251428621164       2502.294445801098
1.62414                  0.904252                 1.9000000000000001       0.5263157894736842       6.455588868898078E-13    5.586574647412741E-13    0.25                     5.0E10                   2700                     6007.661774767284        3468.5251428621164       2502.294445801098
1.62414                  0.904252                 2                        0.5                      6.244022639517936E-13    5.526028738157915E-13    0.25                     5.0E10                   2700                     6007.661774767284        3468.5251428621164       2502.294445801098
1.62414                  0.904252                 2.1                      0.47619047619047616      5.956906943724877E-13    5.422673354796787E-13    0.25                     5.0E10                   2700                     6007.661774767284        3468.5251428621164       2502.294445801098
1.62414                  0.904252                 2.2                      0.4545454545454545       5.643311999816845E-13    5.29030854218041E-13     0.25                     5.0E10                   2700                     6007.661774767284        3468.5251428621164       2502.294445801098
1.62414                  0.904252                 2.3000000000000003       0.43478260869565216      5.372234215849027E-13    5.172807786769897E-13    0.25                     5.0E10                   2700                     6007.661774767284        3468.5251428621164       2502.294445801098
1.62414                  0.904252                 2.4000000000000004       0.4166666666666666       5.186478661169608E-13    5.107106170984036E-13    0.25                     5.0E10                   2700                     6007.661774767284        3468.5251428621164       2502.294445801098
1.62414                  0.904252                 2.5000000000000004       0.3999999999999999       5.094313274566744E-13    5.105150921184341E-13    0.25                     5.0E10                   2700                     6007.661774767284        3468.5251428621164       2502.294445801098
1.62414                  0.904252                 2.6                      0.3846153846153846       5.077666339123862E-13    5.156368847391189E-13    0.25                     5.0E10                   2700                     6007.661774767284        3468.5251428621164       2502.294445801098
1.62414                  0.904252                 2.7                      0.37037037037037035      5.10696474364267E-13     5.237209206036328E-13    0.25                     5.0E10                   2700                     6007.661774767284        3468.5251428621164       2502.294445801098
1.62414                  0.904252                 2.8000000000000003       0.3571428571428571       5.150686974757118E-13    5.320303708461397E-13    0.25                     5.0E10                   2700                     6007.661774767284        3468.5251428621164       2502.294445801098
1.62414                  0.904252                 2.9000000000000004       0.3448275862068965       5.18269767786898E-13     5.382025165692321E-13    0.25                     5.0E10                   2700                     6007.661774767284        3468.5251428621164       2502.294445801098
1.62414                  0.904252                 3.0000000000000004       0.33333333333333326      5.186759350761738E-13    5.407689297256245E-13    0.25                     5.0E10                   2700                     6007.661774767284        3468.5251428621164       2502.294445801098
1.62414                  0.904252                 3.1                      0.32258064516129037      5.158180594713359E-13    5.393826396187218E-13    0.25                     5.0E10                   2700                     6007.661774767284        3468.5251428621164       2502.294445801098
1.62414                  0.904252                 3.2                      0.3125                   5.099044682662976E-13    5.343496245801255E-13    0.25                     5.0E10                   2700                     6007.661774767284        3468.5251428621164       2502.294445801098
1.62414                  0.904252                 3.3000000000000003       0.30303030303030304      5.019075765768707E-13    5.267600929620216E-13    0.25                     5.0E10                   2700                     6007.661774767284        3468.5251428621164       2502.294445801098
1.62414                  0.904252                 3.4000000000000004       0.2941176470588235       4.928112106411372E-13    5.177142868579941E-13    0.25                     5.0E10                   2700                     6007.661774767284        3468.5251428621164       2502.294445801098
1.62414                  0.904252                 3.5000000000000004       0.2857142857142857       4.834900021568824E-13    5.081552714664521E-13    0.25                     5.0E10                   2700                     6007.661774767284        3468.5251428621164       2502.294445801098
1.62414                  0.904252                 3.6                      0.2777777777777778       4.745922300701876E-13    4.988205490429971E-13    0.25                     5.0E10                   2700                     6007.661774767284        3468.5251428621164       2502.294445801098
1.62414                  0.904252                 3.7                      0.2702702702702703       4.665386610828518E-13    4.901908216083216E-13    0.25                     5.0E10                   2700                     6007.661774767284        3468.5251428621164       2502.294445801098
1.62414                  0.904252                 3.8000000000000003       0.2631578947368421       4.595585096472329E-13    4.825401061557228E-13    0.25                     5.0E10                   2700                     6007.661774767284        3468.5251428621164       2502.294445801098
1.62414                  0.904252                 3.9000000000000004       0.2564102564102564       4.5374045043451807E-13   4.759895688853515E-13    0.25                     5.0E10                   2700                     6007.661774767284        3468.5251428621164       2502.294445801098
1.62414                  0.904252                 4                        0.25                     4.4907941566491904E-13   4.705571995021732E-13    0.25                     5.0E10                   2700                     6007.661774767284        3468.5251428621164       2502.294445801098
1.62414                  0.904252                 4.1                      0.24390243902439027      4.4551314399814917E-13   4.661968704979603E-13    0.25                     5.0E10                   2700                     6007.661774767284        3468.5251428621164       2502.294445801098
1.62414                  0.904252                 4.2                      0.23809523809523808      4.4294816839874975E-13   4.628263181436184E-13    0.25                     5.0E10                   2700                     6007.661774767284        3468.5251428621164       2502.294445801098
1.62414                  0.904252                 4.3                      0.23255813953488372      4.4127712577472393E-13   4.603459473701753E-13    0.25                     5.0E10                   2700                     6007.661774767284        3468.5251428621164       2502.294445801098
1.62414                  0.904252                 4.3999999999999995       0.22727272727272732      4.4038980905307937E-13   4.586509244441473E-13    0.25                     5.0E10                   2700                     6007.661774767284        3468.5251428621164       2502.294445801098
1.62414                  0.904252                 4.5                      0.22222222222222224      4.401791481016226E-13    4.576380818712146E-13    0.25                     5.0E10                   2700                     6007.661774767284        3468.5251428621164       2502.294445801098
1.62414                  0.904252                 4.6                      0.2173913043478261       4.4058270480722255E-13   4.572527221618713E-13    0.25                     5.0E10                   2700                     6007.661774767284        3468.5251428621164       2502.294445801098
1.62414                  0.904252                 4.7                      0.2127659574468085       4.4144318517135345E-13   4.573293777958562E-13    0.25                     5.0E10                   2700                     6007.661774767284        3468.5251428621164       2502.294445801098
1.62414                  0.904252                 4.8                      0.20833333333333334      4.4270719911024713E-13   4.578212087304654E-13    0.25                     5.0E10                   2700                     6007.661774767284        3468.5251428621164       2502.294445801098
1.62414                  0.904252                 4.9                      0.20408163265306117      4.4430282289587673E-13   4.586576261536037E-13    0.25                     5.0E10                   2700                     6007.661774767284        3468.5251428621164       2502.294445801098
1.62414                  0.904252                 5                        0.2                      4.4617552544191267E-13   4.597833817376844E-13    0.25                     5.0E10                   2700                     6007.661774767284        3468.5251428621164       2502.294445801098
1.62414                  0.904252                 5.1                      0.19607843137254904      4.4825136375410786E-13   4.611299129096104E-13    0.25                     5.0E10                   2700                     6007.661774767284        3468.5251428621164       2502.294445801098
1.62414                  0.904252                 5.2                      0.1923076923076923       4.504931375245689E-13    4.626581265050944E-13    0.25                     5.0E10                   2700                     6007.661774767284        3468.5251428621164       2502.294445801098
1.62414                  0.904252                 5.3                      0.18867924528301888      4.5286002567616665E-13   4.643278747439674E-13    0.25                     5.0E10                   2700                     6007.661774767284        3468.5251428621164       2502.294445801098
1.62414                  0.904252                 5.4                      0.18518518518518517      4.553173046700298E-13    4.661050153122793E-13    0.25                     5.0E10                   2700                     6007.661774767284        3468.5251428621164       2502.294445801098
1.62414                  0.904252                 5.5                      0.18181818181818182      4.578348355424986E-13    4.679599065327764E-13    0.25                     5.0E10                   2700                     6007.661774767284        3468.5251428621164       2502.294445801098
1.62414                  0.904252                 5.6                      0.17857142857142858      4.60387636540704E-13     4.698679805318374E-13    0.25                     5.0E10                   2700                     6007.661774767284        3468.5251428621164       2502.294445801098
1.62414                  0.904252                 5.7                      0.17543859649122806      4.629545019996006E-13    4.718083684513057E-13    0.25                     5.0E10                   2700                     6007.661774767284        3468.5251428621164       2502.294445801098
1.62414                  0.904252                 5.8                      0.1724137931034483       4.655176836943756E-13    4.737635817271868E-13    0.25                     5.0E10                   2700                     6007.661774767284        3468.5251428621164       2502.294445801098
1.62414                  0.904252                 5.9                      0.1694915254237288       4.680624311470554E-13    4.757190539604096E-13    0.25                     5.0E10                   2700                     6007.661774767284        3468.5251428621164       2502.294445801098
1.62414                  0.904252                 6                        0.16666666666666666      4.705765858314071E-13    4.776627370970053E-13    0.25                     5.0E10                   2700                     6007.661774767284        3468.5251428621164       2502.294445801098
1.62414                  0.904252                 6.1                      0.16393442622950818      4.730502244827335E-13    4.795847473442492E-13    0.25                     5.0E10                   2700                     6007.661774767284        3468.5251428621164       2502.294445801098
1.62414                  0.904252                 6.2                      0.16129032258064518      4.754753468026425E-13    4.814770560687415E-13    0.25                     5.0E10                   2700                     6007.661774767284        3468.5251428621164       2502.294445801098
1.62414                  0.904252                 6.3                      0.15873015873015872      4.778456026452081E-13    4.833332208102306E-13    0.25                     5.0E10                   2700                     6007.661774767284        3468.5251428621164       2502.294445801098
1.62414                  0.904252                 6.4                      0.15625                  4.801560543355154E-13    4.851481519043797E-13    0.25                     5.0E10                   2700                     6007.661774767284        3468.5251428621164       2502.294445801098
1.62414                  0.904252                 6.5                      0.15384615384615383      4.824029699062294E-13    4.869179104299441E-13    0.25                     5.0E10                   2700                     6007.661774767284        3468.5251428621164       2502.294445801098
1.62414                  0.904252                 6.6                      0.15151515151515152      4.84583643540875E-13     4.886395336213409E-13    0.25                     5.0E10                   2700                     6007.661774767284        3468.5251428621164       2502.294445801098
1.62414                  0.904252                 6.7                      0.1492537313432836       4.866962397983818E-13    4.903108842366838E-13    0.25                     5.0E10                   2700                     6007.661774767284        3468.5251428621164       2502.294445801098
1.62414                  0.904252                 6.8                      0.14705882352941177      4.887396586977709E-13    4.919305207990363E-13    0.25                     5.0E10                   2700                     6007.661774767284        3468.5251428621164       2502.294445801098
1.62414                  0.904252                 6.9                      0.14492753623188404      4.907134188752137E-13    4.934975859107459E-13    0.25                     5.0E10                   2700                     6007.661774767284        3468.5251428621164       2502.294445801098
1.62414                  0.904252                 7                        0.14285714285714285      4.926175566307435E-13    4.950117102769198E-13    0.25                     5.0E10                   2700                     6007.661774767284        3468.5251428621164       2502.294445801098
1.62414                  0.904252                 7.1                      0.14084507042253522      4.944525386730804E-13    4.96472930289318E-13     0.25                     5.0E10                   2700                     6007.661774767284        3468.5251428621164       2502.294445801098
1.62414                  0.904252                 7.2                      0.1388888888888889       4.962196901990715E-13    4.978820923424301E-13    0.25                     5.0E10                   2700                     6007.661774767284        3468.5251428621164       2502.294445801098
1.62414                  0.904252                 7.3                      0.13698630136986303      4.979191457355981E-13    4.992389183849053E-13    0.25                     5.0E10                   2700                     6007.661774767284        3468.5251428621164       2502.294445801098
1.62414                  0.904252                 7.4                      0.13513513513513514      4.995527270801677E-13    5.005447265804232E-13    0.25                     5.0E10                   2700                     6007.661774767284        3468.5251428621164       2502.294445801098
1.62414                  0.904252                 7.5                      0.13333333333333333      5.011219674639641E-13    5.018005637214839E-13    0.25                     5.0E10                   2700                     6007.661774767284        3468.5251428621164       2502.294445801098
1.62414                  0.904252                 7.6                      0.13157894736842105      5.026285456557044E-13    5.030076172479353E-13    0.25                     5.0E10                   2700                     6007.661774767284        3468.5251428621164       2502.294445801098
1.62414                  0.904252                 7.7                      0.12987012987012989      5.040742507942148E-13    5.041671831017945E-13    0.25                     5.0E10                   2700                     6007.661774767284        3468.5251428621164       2502.294445801098
1.62414                  0.904252                 7.8                      0.12820512820512822      5.054609524193081E-13    5.052806384433714E-13    0.25                     5.0E10                   2700                     6007.661774767284        3468.5251428621164       2502.294445801098
1.62414                  0.904252                 7.9                      0.12658227848101267      5.067905749811609E-13    5.063494185428297E-13    0.25                     5.0E10                   2700                     6007.661774767284        3468.5251428621164       2502.294445801098
1.62414                  0.904252                 8                        0.125                    5.080650762236832E-13    5.073749972593336E-13    0.25                     5.0E10                   2700                     6007.661774767284        3468.5251428621164       2502.294445801098
1.62414                  0.904252                 8.1                      0.1234567901234568       5.092864290273182E-13    5.083588706633419E-13    0.25                     5.0E10                   2700                     6007.661774767284        3468.5251428621164       2502.294445801098
1.62414                  0.904252                 8.2                      0.12195121951219513      5.10456606063631E-13     5.093025432707873E-13    0.25                     5.0E10                   2700                     6007.661774767284        3468.5251428621164       2502.294445801098
1.62414                  0.904252                 8.3                      0.12048192771084336      5.115775671294005E-13    5.102075166458873E-13    0.25                     5.0E10                   2700                     6007.661774767284        3468.5251428621164       2502.294445801098
1.62414                  0.904252                 8.4                      0.11904761904761904      5.126512485767929E-13    5.110752799351568E-13    0.25                     5.0E10                   2700                     6007.661774767284        3468.5251428621164       2502.294445801098
1.62414                  0.904252                 8.5                      0.11764705882352941      5.136795547105205E-13    5.119073021266048E-13    0.25                     5.0E10                   2700                     6007.661774767284        3468.5251428621164       2502.294445801098
1.62414                  0.904252                 8.6                      0.11627906976744186      5.146643508093744E-13    5.127050257728296E-13    0.25                     5.0E10                   2700                     6007.661774767284        3468.5251428621164       2502.294445801098
1.62414                  0.904252                 8.7                      0.11494252873563218      5.156074575692141E-13    5.13469861958336E-13     0.25                     5.0E10                   2700                     6007.661774767284        3468.5251428621164       2502.294445801098
1.62414                  0.904252                 8.8                      0.11363636363636362      5.165106467515807E-13    5.142031863369487E-13    0.25                     5.0E10                   2700                     6007.661774767284        3468.5251428621164       2502.294445801098
1.62414                  0.904252                 8.9                      0.11235955056179775      5.173756379087971E-13    5.149063360961187E-13    0.25                     5.0E10                   2700                     6007.661774767284        3468.5251428621164       2502.294445801098
1.62414                  0.904252                 9                        0.11111111111111112      5.182040959755445E-13    5.155806076934302E-13    0.25                     5.0E10                   2700                     6007.661774767284        3468.5251428621164       2502.294445801098
1.62414                  0.904252                 9.1                      0.1098901098901099       5.191571341435648E-13    5.163733355933734E-13    0.25                     5.0E10                   2700                     6007.661774767284        3468.5251428621164       2502.294445801098
1.62414                  0.904252                 9.2                      0.10869565217391305      5.199096171845206E-13    5.169871601428084E-13    0.25                     5.0E10                   2700                     6007.661774767284        3468.5251428621164       2502.294445801098
1.62414                  0.904252                 9.3                      0.10752688172043011      5.206305770735381E-13    5.175760422550804E-13    0.25                     5.0E10                   2700                     6007.661774767284        3468.5251428621164       2502.294445801098
1.62414                  0.904252                 9.4                      0.10638297872340426      5.213214417278689E-13    5.1814109575891E-13      0.25                     5.0E10                   2700                     6007.661774767284        3468.5251428621164       2502.294445801098
1.62414                  0.904252                 9.5                      0.10526315789473685      5.219835809816234E-13    5.186833901421138E-13    0.25                     5.0E10                   2700                     6007.661774767284        3468.5251428621164       2502.294445801098
1.62414                  0.904252                 9.6                      0.10416666666666667      5.226183074295867E-13    5.192039510656511E-13    0.25                     5.0E10                   2700                     6007.661774767284        3468.5251428621164       2502.294445801098
1.62414                  0.904252                 9.700000000000001        0.1030927835051546       5.232268775156298E-13    5.197037610818907E-13    0.25                     5.0E10                   2700                     6007.661774767284        3468.5251428621164       2502.294445801098
1.62414                  0.904252                 9.8                      0.10204081632653059      5.238104928385137E-13    5.201837605357223E-13    0.25                     5.0E10                   2700                     6007.661774767284        3468.5251428621164       2502.294445801098
1.62414                  0.904252                 9.9                      0.101010101010101        5.243703015776E-13       5.206448485977259E-13    0.25                     5.0E10                   2700                     6007.661774767284        3468.5251428621164       2502.294445801098
1.62414                  0.904252                 10                       0.1                      5.248386378376939E-13    5.21021910719523E-13     0.25                     5.0E10                   2700                     6007.661774767284        3468.5251428621164       2502.294445801098
