0.970073                 0.541226                 0.1                      10                       5.33149193172516E-13     5.331516735957241E-13    0.25                     5.0E10                   2700                     4642.970792259819        2680.620436750777        2502.294445801098
0.970073                 0.541226                 0.2                      5                        5.33522218422311E-13     5.33179185317496E-13     0.25                     5.0E10                   2700                     4642.970792259819        2680.620436750777        2502.294445801098
0.970073                 0.541226                 0.30000000000000004      3.3333333333333326       5.368282771426802E-13    5.362164174072348E-13    0.25                     5.0E10                   2700                     4642.970792259819        2680.620436750777        2502.294445801098
0.970073                 0.541226                 0.4                      2.5                      5.325429139015581E-13    5.325535586748952E-13    0.25                     5.0E10                   2700                     4642.970792259819        2680.620436750777        2502.294445801098
0.970073                 0.541226                 0.5                      2                        5.309260676133807E-13    5.316612440158395E-13    0.25                     5.0E10                   2700                     4642.970792259819        2680.620436750777        2502.294445801098
0.970073                 0.541226                 0.6                      1.6666666666666667       5.320224527545939E-13    5.337306288435549E-13    0.25                     5.0E10                   2700                     4642.970792259819        2680.620436750777        2502.294445801098
0.970073                 0.541226                 0.7000000000000001       1.4285714285714284       5.307788025824091E-13    5.341942952435692E-13    0.25                     5.0E10                   2700                     4642.970792259819        2680.620436750777        2502.294445801098
0.970073                 0.541226                 0.8                      1.25                     5.252159946254E-13       5.291994009360985E-13    0.25                     5.0E10                   2700                     4642.970792259819        2680.620436750777        2502.294445801098
0.970073                 0.541226                 0.9                      1.1111111111111112       5.216104550786269E-13    5.296577162634725E-13    0.25                     5.0E10                   2700                     4642.970792259819        2680.620436750777        2502.294445801098
0.970073                 0.541226                 1                        1                        5.233495271253587E-13    5.294709133824759E-13    0.25                     5.0E10                   2700                     4642.970792259819        2680.620436750777        2502.294445801098
0.970073                 0.541226                 1.1                      0.909090909090909        5.229082263003672E-13    5.317481178280192E-13    0.25                     5.0E10                   2700                     4642.970792259819        2680.620436750777        2502.294445801098
0.970073                 0.541226                 1.2000000000000002       0.8333333333333331       5.258421357327249E-13    5.350551857275512E-13    0.25                     5.0E10                   2700                     4642.970792259819        2680.620436750777        2502.294445801098
0.970073                 0.541226                 1.3000000000000003       0.769230769230769        5.273406971295466E-13    5.337787224066843E-13    0.25                     5.0E10                   2700                     4642.970792259819        2680.620436750777        2502.294445801098
0.970073                 0.541226                 1.4000000000000001       0.7142857142857142       5.269855141706427E-13    5.323293170333957E-13    0.25                     5.0E10                   2700                     4642.970792259819        2680.620436750777        2502.294445801098
0.970073                 0.541226                 1.5000000000000002       0.6666666666666665       5.2786260090885E-13      5.340686261801716E-13    0.25                     5.0E10                   2700                     4642.970792259819        2680.620436750777        2502.294445801098
0.970073                 0.541226                 1.6                      0.625                    5.273890429775382E-13    5.336755689786254E-13    0.25                     5.0E10                   2700                     4642.970792259819        2680.620436750777        2502.294445801098
0.970073                 0.541226                 1.7000000000000002       0.588235294117647        5.334106486056038E-13    5.380808183433453E-13    0.25                     5.0E10                   2700                     4642.970792259819        2680.620436750777        2502.294445801098
0.970073                 0.541226                 1.8000000000000003       0.5555555555555555       5.382464953319406E-13    5.402704195128075E-13    0.25                     5.0E10                   2700                     4642.970792259819        2680.620436750777        2502.294445801098
0.970073                 0.541226                 1.9000000000000001       0.5263157894736842       5.38329277775618E-13     5.376139654810693E-13    0.25                     5.0E10                   2700                     4642.970792259819        2680.620436750777        2502.294445801098
0.970073                 0.541226                 2                        0.5                      5.384216040863896E-13    5.356645739213144E-13    0.25                     5.0E10                   2700                     4642.970792259819        2680.620436750777        2502.294445801098
0.970073                 0.541226                 2.1                      0.47619047619047616      5.412192321162403E-13    5.373456240750014E-13    0.25                     5.0E10                   2700                     4642.970792259819        2680.620436750777        2502.294445801098
0.970073                 0.541226                 2.2                      0.4545454545454545       5.447315788848835E-13    5.406137522424497E-13    0.25                     5.0E10                   2700                     4642.970792259819        2680.620436750777        2502.294445801098
0.970073                 0.541226                 2.3000000000000003       0.43478260869565216      5.46353474959648E-13     5.425874817142297E-13    0.25                     5.0E10                   2700                     4642.970792259819        2680.620436750777        2502.294445801098
0.970073                 0.541226                 2.4000000000000004       0.4166666666666666       5.454762273287687E-13    5.422907919191743E-13    0.25                     5.0E10                   2700                     4642.970792259819        2680.620436750777        2502.294445801098
0.970073                 0.541226                 2.5000000000000004       0.3999999999999999       5.432226803423854E-13    5.405472529027089E-13    0.25                     5.0E10                   2700                     4642.970792259819        2680.620436750777        2502.294445801098
0.970073                 0.541226                 2.6                      0.3846153846153846       5.410500276117439E-13    5.386605780322774E-13    0.25                     5.0E10                   2700                     4642.970792259819        2680.620436750777        2502.294445801098
0.970073                 0.541226                 2.7                      0.37037037037037035      5.398281864670972E-13    5.374724988535357E-13    0.25                     5.0E10                   2700                     4642.970792259819        2680.620436750777        2502.294445801098
0.970073                 0.541226                 2.8000000000000003       0.3571428571428571       5.397982724439012E-13    5.372581265143334E-13    0.25                     5.0E10                   2700                     4642.970792259819        2680.620436750777        2502.294445801098
0.970073                 0.541226                 2.9000000000000004       0.3448275862068965       5.404679638161634E-13    5.37609039015803E-13     0.25                     5.0E10                   2700                     4642.970792259819        2680.620436750777        2502.294445801098
0.970073                 0.541226                 3.0000000000000004       0.33333333333333326      5.414985169580337E-13    5.382370938022878E-13    0.25                     5.0E10                   2700                     4642.970792259819        2680.620436750777        2502.294445801098
0.970073                 0.541226                 3.1                      0.32258064516129037      5.425152028035914E-13    5.38816557584584E-13     0.25                     5.0E10                   2700                     4642.970792259819        2680.620436750777        2502.294445801098
0.970073                 0.541226                 3.2                      0.3125                   5.432959178284406E-13    5.391603700314501E-13    0.25                     5.0E10                   2700                     4642.970792259819        2680.620436750777        2502.294445801098
0.970073                 0.541226                 3.3000000000000003       0.30303030303030304      5.437715199566488E-13    5.392229021869462E-13    0.25                     5.0E10                   2700                     4642.970792259819        2680.620436750777        2502.294445801098
0.970073                 0.541226                 3.4000000000000004       0.2941176470588235       5.43994077619968E-13     5.390748730957478E-13    0.25                     5.0E10                   2700                     4642.970792259819        2680.620436750777        2502.294445801098
0.970073                 0.541226                 3.5000000000000004       0.2857142857142857       5.440296413173112E-13    5.387840267072907E-13    0.25                     5.0E10                   2700                     4642.970792259819        2680.620436750777        2502.294445801098
0.970073                 0.541226                 3.6                      0.2777777777777778       5.439984365743598E-13    5.384823109236865E-13    0.25                     5.0E10                   2700                     4642.970792259819        2680.620436750777        2502.294445801098
0.970073                 0.541226                 3.7                      0.2702702702702703       5.439881781784703E-13    5.382622403516386E-13    0.25                     5.0E10                   2700                     4642.970792259819        2680.620436750777        2502.294445801098
0.970073                 0.541226                 3.8000000000000003       0.2631578947368421       5.440566663093282E-13    5.38184731330423E-13     0.25                     5.0E10                   2700                     4642.970792259819        2680.620436750777        2502.294445801098
0.970073                 0.541226                 3.9000000000000004       0.2564102564102564       5.442299671819742E-13    5.382774961167911E-13    0.25                     5.0E10                   2700                     4642.970792259819        2680.620436750777        2502.294445801098
0.970073                 0.541226                 4                        0.25                     5.445073678485292E-13    5.385399835769783E-13    0.25                     5.0E10                   2700                     4642.970792259819        2680.620436750777        2502.294445801098
0.970073                 0.541226                 4.1                      0.24390243902439027      5.448688782204161E-13    5.389508703006368E-13    0.25                     5.0E10                   2700                     4642.970792259819        2680.620436750777        2502.294445801098
0.970073                 0.541226                 4.2                      0.23809523809523808      5.452829901729325E-13    5.394758669627898E-13    0.25                     5.0E10                   2700                     4642.970792259819        2680.620436750777        2502.294445801098
0.970073                 0.541226                 4.3                      0.23255813953488372      5.457134121156224E-13    5.400745804599266E-13    0.25                     5.0E10                   2700                     4642.970792259819        2680.620436750777        2502.294445801098
0.970073                 0.541226                 4.3999999999999995       0.22727272727272732      5.461242528759229E-13    5.407058990994703E-13    0.25                     5.0E10                   2700                     4642.970792259819        2680.620436750777        2502.294445801098
0.970073                 0.541226                 4.5                      0.22222222222222224      5.464837914212302E-13    5.413319706486763E-13    0.25                     5.0E10                   2700                     4642.970792259819        2680.620436750777        2502.294445801098
0.970073                 0.541226                 4.6                      0.2173913043478261       5.46765785841556E-13     5.41919976455237E-13     0.25                     5.0E10                   2700                     4642.970792259819        2680.620436750777        2502.294445801098
0.970073                 0.541226                 4.7                      0.2127659574468085       5.469515862545088E-13    5.424442447761187E-13    0.25                     5.0E10                   2700                     4642.970792259819        2680.620436750777        2502.294445801098
0.970073                 0.541226                 4.8                      0.20833333333333334      5.470294395761873E-13    5.42886007013146E-13     0.25                     5.0E10                   2700                     4642.970792259819        2680.620436750777        2502.294445801098
0.970073                 0.541226                 4.9                      0.20408163265306117      5.469941416117247E-13    5.432332299829195E-13    0.25                     5.0E10                   2700                     4642.970792259819        2680.620436750777        2502.294445801098
0.970073                 0.541226                 5                        0.2                      5.468527972687368E-13    5.434725973210901E-13    0.25                     5.0E10                   2700                     4642.970792259819        2680.620436750777        2502.294445801098
0.970073                 0.541226                 5.1                      0.19607843137254904      5.465935795842106E-13    5.436168632126554E-13    0.25                     5.0E10                   2700                     4642.970792259819        2680.620436750777        2502.294445801098
0.970073                 0.541226                 5.2                      0.1923076923076923       5.462350716541867E-13    5.436624970458787E-13    0.25                     5.0E10                   2700                     4642.970792259819        2680.620436750777        2502.294445801098
0.970073                 0.541226                 5.3                      0.18867924528301888      5.457883406726072E-13    5.436158660610979E-13    0.25                     5.0E10                   2700                     4642.970792259819        2680.620436750777        2502.294445801098
0.970073                 0.541226                 5.4                      0.18518518518518517      5.452659401998538E-13    5.434855073949728E-13    0.25                     5.0E10                   2700                     4642.970792259819        2680.620436750777        2502.294445801098
0.970073                 0.541226                 5.5                      0.18181818181818182      5.447755252875213E-13    5.433758116547357E-13    0.25                     5.0E10                   2700                     4642.970792259819        2680.620436750777        2502.294445801098
0.970073                 0.541226                 5.6                      0.17857142857142858      5.44137322652884E-13     5.431029172914904E-13    0.25                     5.0E10                   2700                     4642.970792259819        2680.620436750777        2502.294445801098
0.970073                 0.541226                 5.7                      0.17543859649122806      5.43463351110017E-13     5.427783310813878E-13    0.25                     5.0E10                   2700                     4642.970792259819        2680.620436750777        2502.294445801098
0.970073                 0.541226                 5.8                      0.1724137931034483       5.427655261990053E-13    5.424123798197368E-13    0.25                     5.0E10                   2700                     4642.970792259819        2680.620436750777        2502.294445801098
0.970073                 0.541226                 5.9                      0.1694915254237288       5.420547729365012E-13    5.420148687391859E-13    0.25                     5.0E10                   2700                     4642.970792259819        2680.620436750777        2502.294445801098
0.970073                 0.541226                 6                        0.16666666666666666      5.413414036578967E-13    5.415953933800665E-13    0.25                     5.0E10                   2700                     4642.970792259819        2680.620436750777        2502.294445801098
0.970073                 0.541226                 6.1                      0.16393442622950818      5.406330043152464E-13    5.411611921248748E-13    0.25                     5.0E10                   2700                     4642.970792259819        2680.620436750777        2502.294445801098
0.970073                 0.541226                 6.2                      0.16129032258064518      5.399374411828927E-13    5.407200640692076E-13    0.25                     5.0E10                   2700                     4642.970792259819        2680.620436750777        2502.294445801098
0.970073                 0.541226                 6.3                      0.15873015873015872      5.392609188688895E-13    5.402783964200425E-13    0.25                     5.0E10                   2700                     4642.970792259819        2680.620436750777        2502.294445801098
0.970073                 0.541226                 6.4                      0.15625                  5.386085301829614E-13    5.398416632486807E-13    0.25                     5.0E10                   2700                     4642.970792259819        2680.620436750777        2502.294445801098
0.970073                 0.541226                 6.5                      0.15384615384615383      5.379843398000641E-13    5.394144679771424E-13    0.25                     5.0E10                   2700                     4642.970792259819        2680.620436750777        2502.294445801098
0.970073                 0.541226                 6.6                      0.15151515151515152      5.373914792492152E-13    5.390006022939736E-13    0.25                     5.0E10                   2700                     4642.970792259819        2680.620436750777        2502.294445801098
0.970073                 0.541226                 6.7                      0.1492537313432836       5.368322468251645E-13    5.386031149674308E-13    0.25                     5.0E10                   2700                     4642.970792259819        2680.620436750777        2502.294445801098
0.970073                 0.541226                 6.8                      0.14705882352941177      5.363082077669612E-13    5.382243855142218E-13    0.25                     5.0E10                   2700                     4642.970792259819        2680.620436750777        2502.294445801098
0.970073                 0.541226                 6.9                      0.14492753623188404      5.358202913102435E-13    5.378661989914076E-13    0.25                     5.0E10                   2700                     4642.970792259819        2680.620436750777        2502.294445801098
0.970073                 0.541226                 7                        0.14285714285714285      5.353688823918388E-13    5.375298191986554E-13    0.25                     5.0E10                   2700                     4642.970792259819        2680.620436750777        2502.294445801098
0.970073                 0.541226                 7.1                      0.14084507042253522      5.349539065828254E-13    5.372160584659574E-13    0.25                     5.0E10                   2700                     4642.970792259819        2680.620436750777        2502.294445801098
0.970073                 0.541226                 7.2                      0.1388888888888889       5.345749074761488E-13    5.369253428058352E-13    0.25                     5.0E10                   2700                     4642.970792259819        2680.620436750777        2502.294445801098
0.970073                 0.541226                 7.3                      0.13698630136986303      5.342311162170621E-13    5.366577717308636E-13    0.25                     5.0E10                   2700                     4642.970792259819        2680.620436750777        2502.294445801098
0.970073                 0.541226                 7.4                      0.13513513513513514      5.339215133152246E-13    5.364131724690902E-13    0.25                     5.0E10                   2700                     4642.970792259819        2680.620436750777        2502.294445801098
0.970073                 0.541226                 7.5                      0.13333333333333333      5.336448828505022E-13    5.361911484347795E-13    0.25                     5.0E10                   2700                     4642.970792259819        2680.620436750777        2502.294445801098
0.970073                 0.541226                 7.6                      0.13157894736842105      5.333998597309218E-13    5.359911222224716E-13    0.25                     5.0E10                   2700                     4642.970792259819        2680.620436750777        2502.294445801098
0.970073                 0.541226                 7.7                      0.12987012987012989      5.331849703502363E-13    5.3581237329611E-13      0.25                     5.0E10                   2700                     4642.970792259819        2680.620436750777        2502.294445801098
0.970073                 0.541226                 7.8                      0.12820512820512822      5.329986673211026E-13    5.356540707787169E-13    0.25                     5.0E10                   2700                     4642.970792259819        2680.620436750777        2502.294445801098
0.970073                 0.541226                 7.9                      0.12658227848101267      5.328393588511449E-13    5.355153017259072E-13    0.25                     5.0E10                   2700                     4642.970792259819        2680.620436750777        2502.294445801098
0.970073                 0.541226                 8                        0.125                    5.327054333291716E-13    5.353950953192433E-13    0.25                     5.0E10                   2700                     4642.970792259819        2680.620436750777        2502.294445801098
0.970073                 0.541226                 8.1                      0.1234567901234568       5.325952797282806E-13    5.352924433750767E-13    0.25                     5.0E10                   2700                     4642.970792259819        2680.620436750777        2502.294445801098
0.970073                 0.541226                 8.2                      0.12195121951219513      5.325073042348996E-13    5.352063175611037E-13    0.25                     5.0E10                   2700                     4642.970792259819        2680.620436750777        2502.294445801098
0.970073                 0.541226                 8.3                      0.12048192771084336      5.324399437406308E-13    5.351356837575895E-13    0.25                     5.0E10                   2700                     4642.970792259819        2680.620436750777        2502.294445801098
0.970073                 0.541226                 8.4                      0.11904761904761904      5.323916764872267E-13    5.350795138514531E-13    0.25                     5.0E10                   2700                     4642.970792259819        2680.620436750777        2502.294445801098
0.970073                 0.541226                 8.5                      0.11764705882352941      5.323610303437873E-13    5.350367953321483E-13    0.25                     5.0E10                   2700                     4642.970792259819        2680.620436750777        2502.294445801098
0.970073                 0.541226                 8.6                      0.11627906976744186      5.323465890541785E-13    5.35006538985754E-13     0.25                     5.0E10                   2700                     4642.970792259819        2680.620436750777        2502.294445801098
0.970073                 0.541226                 8.7                      0.11494252873563218      5.323469967359451E-13    5.349877849212385E-13    0.25                     5.0E10                   2700                     4642.970792259819        2680.620436750777        2502.294445801098
0.970073                 0.541226                 8.8                      0.11363636363636362      5.323609609167208E-13    5.349796071987005E-13    0.25                     5.0E10                   2700                     4642.970792259819        2680.620436750777        2502.294445801098
0.970073                 0.541226                 8.9                      0.11235955056179775      5.323872543873457E-13    5.349811172576584E-13    0.25                     5.0E10                   2700                     4642.970792259819        2680.620436750777        2502.294445801098
0.970073                 0.541226                 9                        0.11111111111111112      5.32426439810326E-13     5.349931595828528E-13    0.25                     5.0E10                   2700                     4642.970792259819        2680.620436750777        2502.294445801098
0.970073                 0.541226                 9.1                      0.1098901098901099       5.324740141786856E-13    5.350115821948729E-13    0.25                     5.0E10                   2700                     4642.970792259819        2680.620436750777        2502.294445801098
0.970073                 0.541226                 9.2                      0.10869565217391305      5.325306319532654E-13    5.350372713123821E-13    0.25                     5.0E10                   2700                     4642.970792259819        2680.620436750777        2502.294445801098
0.970073                 0.541226                 9.3                      0.10752688172043011      5.325953277517798E-13    5.350695042888034E-13    0.25                     5.0E10                   2700                     4642.970792259819        2680.620436750777        2502.294445801098
0.970073                 0.541226                 9.4                      0.10638297872340426      5.326671987398473E-13    5.351076007578608E-13    0.25                     5.0E10                   2700                     4642.970792259819        2680.620436750777        2502.294445801098
0.970073                 0.541226                 9.5                      0.10526315789473685      5.327454027060575E-13    5.351509220589597E-13    0.25                     5.0E10                   2700                     4642.970792259819        2680.620436750777        2502.294445801098
0.970073                 0.541226                 9.6                      0.10416666666666667      5.328291558295163E-13    5.351988703262468E-13    0.25                     5.0E10                   2700                     4642.970792259819        2680.620436750777        2502.294445801098
0.970073                 0.541226                 9.700000000000001        0.1030927835051546       5.32917730309181E-13     5.352508873505753E-13    0.25                     5.0E10                   2700                     4642.970792259819        2680.620436750777        2502.294445801098
0.970073                 0.541226                 9.8                      0.10204081632653059      5.330104518795528E-13    5.353064532599385E-13    0.25                     5.0E10                   2700                     4642.970792259819        2680.620436750777        2502.294445801098
0.970073                 0.541226                 9.9                      0.101010101010101        5.331066972036328E-13    5.353650850435574E-13    0.25                     5.0E10                   2700                     4642.970792259819        2680.620436750777        2502.294445801098
0.970073                 0.541226                 10                       0.1                      5.331517597231106E-13    5.353500494352951E-13    0.25                     5.0E10                   2700                     4642.970792259819        2680.620436750777        2502.294445801098
