1.97031                  0.619641                 0.1                      10                       5.331378040237854E-13    5.331381848983151E-13    0.25                     5.0E10                   2700                     6616.99831242737         3820.3257569072416       2502.294445801098
1.97031                  0.619641                 0.2                      5                        5.33519185281907E-13     5.33136972169087E-13     0.25                     5.0E10                   2700                     6616.99831242737         3820.3257569072416       2502.294445801098
1.97031                  0.619641                 0.30000000000000004      3.3333333333333326       5.345795221357831E-13    5.362785724318641E-13    0.25                     5.0E10                   2700                     6616.99831242737         3820.3257569072416       2502.294445801098
1.97031                  0.619641                 0.4                      2.5                      5.324106419917688E-13    5.33765287283279E-13     0.25                     5.0E10                   2700                     6616.99831242737         3820.3257569072416       2502.294445801098
1.97031                  0.619641                 0.5                      2                        5.561600352270275E-13    5.382649457415336E-13    0.25                     5.0E10                   2700                     6616.99831242737         3820.3257569072416       2502.294445801098
1.97031                  0.619641                 0.6                      1.6666666666666667       5.924570478680649E-13    5.485756125006852E-13    0.25                     5.0E10                   2700                     6616.99831242737         3820.3257569072416       2502.294445801098
1.97031                  0.619641                 0.7000000000000001       1.4285714285714284       6.257023135814846E-13    5.56559157873948E-13     0.25                     5.0E10                   2700                     6616.99831242737         3820.3257569072416       2502.294445801098
1.97031                  0.619641                 0.8                      1.25                     6.742298278652545E-13    5.696069617764129E-13    0.25                     5.0E10                   2700                     6616.99831242737         3820.3257569072416       2502.294445801098
1.97031                  0.619641                 0.9                      1.1111111111111112       7.096360094600256E-13    5.764946884811125E-13    0.25                     5.0E10                   2700                     6616.99831242737         3820.3257569072416       2502.294445801098
1.97031                  0.619641                 1                        1                        7.750819294766737E-13    6.075900152660142E-13    0.25                     5.0E10                   2700                     6616.99831242737         3820.3257569072416       2502.294445801098
1.97031                  0.619641                 1.1                      0.909090909090909        7.88692881762404E-13     6.09355500112774E-13     0.25                     5.0E10                   2700                     6616.99831242737         3820.3257569072416       2502.294445801098
1.97031                  0.619641                 1.2000000000000002       0.8333333333333331       7.58416879678205E-13     5.723697758158826E-13    0.25                     5.0E10                   2700                     6616.99831242737         3820.3257569072416       2502.294445801098
1.97031                  0.619641                 1.3000000000000003       0.769230769230769        7.804721724585859E-13    5.8347627401728E-13      0.25                     5.0E10                   2700                     6616.99831242737         3820.3257569072416       2502.294445801098
1.97031                  0.619641                 1.4000000000000001       0.7142857142857142       7.865549605730078E-13    6.050351039992813E-13    0.25                     5.0E10                   2700                     6616.99831242737         3820.3257569072416       2502.294445801098
1.97031                  0.619641                 1.5000000000000002       0.6666666666666665       6.922210906927123E-13    5.62232845528794E-13     0.25                     5.0E10                   2700                     6616.99831242737         3820.3257569072416       2502.294445801098
1.97031                  0.619641                 1.6                      0.625                    6.106223991396734E-13    5.265231188115156E-13    0.25                     5.0E10                   2700                     6616.99831242737         3820.3257569072416       2502.294445801098
1.97031                  0.619641                 1.7000000000000002       0.588235294117647        5.725317937688093E-13    5.235503349224748E-13    0.25                     5.0E10                   2700                     6616.99831242737         3820.3257569072416       2502.294445801098
1.97031                  0.619641                 1.8000000000000003       0.5555555555555555       5.325640612764751E-13    5.154841503565889E-13    0.25                     5.0E10                   2700                     6616.99831242737         3820.3257569072416       2502.294445801098
1.97031                  0.619641                 1.9000000000000001       0.5263157894736842       4.75730858155891E-13     4.848322562332008E-13    0.25                     5.0E10                   2700                     6616.99831242737         3820.3257569072416       2502.294445801098
1.97031                  0.619641                 2                        0.5                      4.2262841811185013E-13   4.494193894067157E-13    0.25                     5.0E10                   2700                     6616.99831242737         3820.3257569072416       2502.294445801098
1.97031                  0.619641                 2.1                      0.47619047619047616      3.877521473497984E-13    4.257554829822396E-13    0.25                     5.0E10                   2700                     6616.99831242737         3820.3257569072416       2502.294445801098
1.97031                  0.619641                 2.2                      0.4545454545454545       3.7177447226078686E-13   4.174217350050678E-13    0.25                     5.0E10                   2700                     6616.99831242737         3820.3257569072416       2502.294445801098
1.97031                  0.619641                 2.3000000000000003       0.43478260869565216      3.7035952619138093E-13   4.218363295903897E-13    0.25                     5.0E10                   2700                     6616.99831242737         3820.3257569072416       2502.294445801098
1.97031                  0.619641                 2.4000000000000004       0.4166666666666666       3.787459747886189E-13    4.3501407170140467E-13   0.25                     5.0E10                   2700                     6616.99831242737         3820.3257569072416       2502.294445801098
1.97031                  0.619641                 2.5000000000000004       0.3999999999999999       3.926751876085922E-13    4.528884815098318E-13    0.25                     5.0E10                   2700                     6616.99831242737         3820.3257569072416       2502.294445801098
1.97031                  0.619641                 2.6                      0.3846153846153846       4.0834690057209455E-13   4.716281201867238E-13    0.25                     5.0E10                   2700                     6616.99831242737         3820.3257569072416       2502.294445801098
1.97031                  0.619641                 2.7                      0.37037037037037035      4.226499420799013E-13    4.87967941772468E-13     0.25                     5.0E10                   2700                     6616.99831242737         3820.3257569072416       2502.294445801098
1.97031                  0.619641                 2.8000000000000003       0.3571428571428571       4.3337302423273104E-13   4.99603979691727E-13     0.25                     5.0E10                   2700                     6616.99831242737         3820.3257569072416       2502.294445801098
1.97031                  0.619641                 2.9000000000000004       0.3448275862068965       4.39445413240239E-13     5.054859134203067E-13    0.25                     5.0E10                   2700                     6616.99831242737         3820.3257569072416       2502.294445801098
1.97031                  0.619641                 3.0000000000000004       0.33333333333333326      4.408970763330402E-13    5.057820257255956E-13    0.25                     5.0E10                   2700                     6616.99831242737         3820.3257569072416       2502.294445801098
1.97031                  0.619641                 3.1                      0.32258064516129037      4.384925318221414E-13    5.014365841787864E-13    0.25                     5.0E10                   2700                     6616.99831242737         3820.3257569072416       2502.294445801098
1.97031                  0.619641                 3.2                      0.3125                   4.334876299546841E-13    4.94013658672441E-13     0.25                     5.0E10                   2700                     6616.99831242737         3820.3257569072416       2502.294445801098
1.97031                  0.619641                 3.3000000000000003       0.30303030303030304      4.270805884313514E-13    4.84888492075276E-13     0.25                     5.0E10                   2700                     6616.99831242737         3820.3257569072416       2502.294445801098
1.97031                  0.619641                 3.4000000000000004       0.2941176470588235       4.2024610616121533E-13   4.752067829337387E-13    0.25                     5.0E10                   2700                     6616.99831242737         3820.3257569072416       2502.294445801098
1.97031                  0.619641                 3.5000000000000004       0.2857142857142857       4.1371109740092944E-13   4.657970838053115E-13    0.25                     5.0E10                   2700                     6616.99831242737         3820.3257569072416       2502.294445801098
1.97031                  0.619641                 3.6                      0.2777777777777778       4.079231977148679E-13    4.571891942553003E-13    0.25                     5.0E10                   2700                     6616.99831242737         3820.3257569072416       2502.294445801098
1.97031                  0.619641                 3.7                      0.2702702702702703       4.031333686505247E-13    4.4967612556662255E-13   0.25                     5.0E10                   2700                     6616.99831242737         3820.3257569072416       2502.294445801098
1.97031                  0.619641                 3.8000000000000003       0.2631578947368421       3.9944638060393333E-13   4.4338288257390426E-13   0.25                     5.0E10                   2700                     6616.99831242737         3820.3257569072416       2502.294445801098
1.97031                  0.619641                 3.9000000000000004       0.2564102564102564       3.9686980820405627E-13   4.383236297516267E-13    0.25                     5.0E10                   2700                     6616.99831242737         3820.3257569072416       2502.294445801098
1.97031                  0.619641                 4                        0.25                     3.95352175631757E-13     4.3444524156997384E-13   0.25                     5.0E10                   2700                     6616.99831242737         3820.3257569072416       2502.294445801098
1.97031                  0.619641                 4.1                      0.24390243902439027      3.948084913787161E-13    4.3165685511651296E-13   0.25                     5.0E10                   2700                     6616.99831242737         3820.3257569072416       2502.294445801098
1.97031                  0.619641                 4.2                      0.23809523809523808      3.951375819665917E-13    4.298495597899113E-13    0.25                     5.0E10                   2700                     6616.99831242737         3820.3257569072416       2502.294445801098
1.97031                  0.619641                 4.3                      0.23255813953488372      3.9623297791930564E-13   4.2890871755384464E-13   0.25                     5.0E10                   2700                     6616.99831242737         3820.3257569072416       2502.294445801098
1.97031                  0.619641                 4.3999999999999995       0.22727272727272732      3.979895158406499E-13    4.287213612423442E-13    0.25                     5.0E10                   2700                     6616.99831242737         3820.3257569072416       2502.294445801098
1.97031                  0.619641                 4.5                      0.22222222222222224      4.0030714474907323E-13   4.291803942882177E-13    0.25                     5.0E10                   2700                     6616.99831242737         3820.3257569072416       2502.294445801098
1.97031                  0.619641                 4.6                      0.2173913043478261       4.0309295785413807E-13   4.301867710000884E-13    0.25                     5.0E10                   2700                     6616.99831242737         3820.3257569072416       2502.294445801098
1.97031                  0.619641                 4.7                      0.2127659574468085       4.062624131038171E-13    4.316506750297794E-13    0.25                     5.0E10                   2700                     6616.99831242737         3820.3257569072416       2502.294445801098
1.97031                  0.619641                 4.8                      0.20833333333333334      4.097384544782966E-13    4.3349076224535286E-13   0.25                     5.0E10                   2700                     6616.99831242737         3820.3257569072416       2502.294445801098
1.97031                  0.619641                 4.9                      0.20408163265306117      4.134530722651599E-13    4.356353249153177E-13    0.25                     5.0E10                   2700                     6616.99831242737         3820.3257569072416       2502.294445801098
1.97031                  0.619641                 5                        0.2                      4.1734623825947053E-13   4.380188870147842E-13    0.25                     5.0E10                   2700                     6616.99831242737         3820.3257569072416       2502.294445801098
1.97031                  0.619641                 5.1                      0.19607843137254904      4.2136264710133517E-13   4.4058976488733666E-13   0.25                     5.0E10                   2700                     6616.99831242737         3820.3257569072416       2502.294445801098
1.97031                  0.619641                 5.2                      0.1923076923076923       4.25457572797347E-13     4.4329721808750133E-13   0.25                     5.0E10                   2700                     6616.99831242737         3820.3257569072416       2502.294445801098
1.97031                  0.619641                 5.3                      0.18867924528301888      4.2959117389504206E-13   4.4609953720325534E-13   0.25                     5.0E10                   2700                     6616.99831242737         3820.3257569072416       2502.294445801098
1.97031                  0.619641                 5.4                      0.18518518518518517      4.337293200961839E-13    4.4896093556213304E-13   0.25                     5.0E10                   2700                     6616.99831242737         3820.3257569072416       2502.294445801098
1.97031                  0.619641                 5.5                      0.18181818181818182      4.3784304925434714E-13   4.5185093975215505E-13   0.25                     5.0E10                   2700                     6616.99831242737         3820.3257569072416       2502.294445801098
1.97031                  0.619641                 5.6                      0.17857142857142858      4.419080482034756E-13    4.547438175896577E-13    0.25                     5.0E10                   2700                     6616.99831242737         3820.3257569072416       2502.294445801098
1.97031                  0.619641                 5.7                      0.17543859649122806      4.4590416185748426E-13   4.576180466221471E-13    0.25                     5.0E10                   2700                     6616.99831242737         3820.3257569072416       2502.294445801098
1.97031                  0.619641                 5.8                      0.1724137931034483       4.4981493311878634E-13   4.604558240237834E-13    0.25                     5.0E10                   2700                     6616.99831242737         3820.3257569072416       2502.294445801098
1.97031                  0.619641                 5.9                      0.1694915254237288       4.536271747702309E-13    4.632426174757829E-13    0.25                     5.0E10                   2700                     6616.99831242737         3820.3257569072416       2502.294445801098
1.97031                  0.619641                 6                        0.16666666666666666      4.573305737637626E-13    4.659667558214848E-13    0.25                     5.0E10                   2700                     6616.99831242737         3820.3257569072416       2502.294445801098
1.97031                  0.619641                 6.1                      0.16393442622950818      4.609173276566938E-13    4.686190578297312E-13    0.25                     5.0E10                   2700                     6616.99831242737         3820.3257569072416       2502.294445801098
1.97031                  0.619641                 6.2                      0.16129032258064518      4.645558113634892E-13    4.713796746574527E-13    0.25                     5.0E10                   2700                     6616.99831242737         3820.3257569072416       2502.294445801098
1.97031                  0.619641                 6.3                      0.15873015873015872      4.678894340807806E-13    4.738632929286914E-13    0.25                     5.0E10                   2700                     6616.99831242737         3820.3257569072416       2502.294445801098
1.97031                  0.619641                 6.4                      0.15625                  4.710940484815317E-13    4.762586805405642E-13    0.25                     5.0E10                   2700                     6616.99831242737         3820.3257569072416       2502.294445801098
1.97031                  0.619641                 6.5                      0.15384615384615383      4.741694582600944E-13    4.785640959645351E-13    0.25                     5.0E10                   2700                     6616.99831242737         3820.3257569072416       2502.294445801098
1.97031                  0.619641                 6.6                      0.15151515151515152      4.771160869185917E-13    4.8077847566418E-13      0.25                     5.0E10                   2700                     6616.99831242737         3820.3257569072416       2502.294445801098
1.97031                  0.619641                 6.7                      0.1492537313432836       4.799353037921239E-13    4.829016986047679E-13    0.25                     5.0E10                   2700                     6616.99831242737         3820.3257569072416       2502.294445801098
1.97031                  0.619641                 6.8                      0.14705882352941177      4.826292528282466E-13    4.849344223149595E-13    0.25                     5.0E10                   2700                     6616.99831242737         3820.3257569072416       2502.294445801098
1.97031                  0.619641                 6.9                      0.14492753623188404      4.852007022867445E-13    4.868779396654213E-13    0.25                     5.0E10                   2700                     6616.99831242737         3820.3257569072416       2502.294445801098
1.97031                  0.619641                 7                        0.14285714285714285      4.87652913753704E-13     4.887340544309087E-13    0.25                     5.0E10                   2700                     6616.99831242737         3820.3257569072416       2502.294445801098
1.97031                  0.619641                 7.1                      0.14084507042253522      4.899895285582701E-13    4.905049737247454E-13    0.25                     5.0E10                   2700                     6616.99831242737         3820.3257569072416       2502.294445801098
1.97031                  0.619641                 7.2                      0.1388888888888889       4.922144701033459E-13    4.921932156104414E-13    0.25                     5.0E10                   2700                     6616.99831242737         3820.3257569072416       2502.294445801098
1.97031                  0.619641                 7.3                      0.13698630136986303      4.943318602679919E-13    4.938015301349724E-13    0.25                     5.0E10                   2700                     6616.99831242737         3820.3257569072416       2502.294445801098
1.97031                  0.619641                 7.4                      0.13513513513513514      4.963459486232633E-13    4.95332832372892E-13     0.25                     5.0E10                   2700                     6616.99831242737         3820.3257569072416       2502.294445801098
1.97031                  0.619641                 7.5                      0.13333333333333333      4.982610527307364E-13    4.967901459309793E-13    0.25                     5.0E10                   2700                     6616.99831242737         3820.3257569072416       2502.294445801098
1.97031                  0.619641                 7.6                      0.13157894736842105      5.000815084642659E-13    4.981765557472797E-13    0.25                     5.0E10                   2700                     6616.99831242737         3820.3257569072416       2502.294445801098
1.97031                  0.619641                 7.7                      0.12987012987012989      5.018116289577024E-13    4.994951689165481E-13    0.25                     5.0E10                   2700                     6616.99831242737         3820.3257569072416       2502.294445801098
1.97031                  0.619641                 7.8                      0.12820512820512822      5.034556711325642E-13    5.007490825281982E-13    0.25                     5.0E10                   2700                     6616.99831242737         3820.3257569072416       2502.294445801098
1.97031                  0.619641                 7.9                      0.12658227848101267      5.050178087934911E-13    5.019413575499804E-13    0.25                     5.0E10                   2700                     6616.99831242737         3820.3257569072416       2502.294445801098
1.97031                  0.619641                 8                        0.125                    5.065021113927452E-13    5.030749979379894E-13    0.25                     5.0E10                   2700                     6616.99831242737         3820.3257569072416       2502.294445801098
1.97031                  0.619641                 8.1                      0.1234567901234568       5.079125276359567E-13    5.041529341791102E-13    0.25                     5.0E10                   2700                     6616.99831242737         3820.3257569072416       2502.294445801098
1.97031                  0.619641                 8.2                      0.12195121951219513      5.092528731997583E-13    5.051780106264287E-13    0.25                     5.0E10                   2700                     6616.99831242737         3820.3257569072416       2502.294445801098
1.97031                  0.619641                 8.3                      0.12048192771084336      5.105268220028573E-13    5.061529760706981E-13    0.25                     5.0E10                   2700                     6616.99831242737         3820.3257569072416       2502.294445801098
1.97031                  0.619641                 8.4                      0.11904761904761904      5.117379003543731E-13    5.070804769787775E-13    0.25                     5.0E10                   2700                     6616.99831242737         3820.3257569072416       2502.294445801098
1.97031                  0.619641                 8.5                      0.11764705882352941      5.128894835977097E-13    5.079630530105767E-13    0.25                     5.0E10                   2700                     6616.99831242737         3820.3257569072416       2502.294445801098
1.97031                  0.619641                 8.6                      0.11627906976744186      5.139847947777147E-13    5.08803134413365E-13     0.25                     5.0E10                   2700                     6616.99831242737         3820.3257569072416       2502.294445801098
1.97031                  0.619641                 8.7                      0.11494252873563218      5.150269049659392E-13    5.096030409471887E-13    0.25                     5.0E10                   2700                     6616.99831242737         3820.3257569072416       2502.294445801098
1.97031                  0.619641                 8.8                      0.11363636363636362      5.160187349186853E-13    5.103649820674865E-13    0.25                     5.0E10                   2700                     6616.99831242737         3820.3257569072416       2502.294445801098
1.97031                  0.619641                 8.9                      0.11235955056179775      5.169630578701863E-13    5.110910581450425E-13    0.25                     5.0E10                   2700                     6616.99831242737         3820.3257569072416       2502.294445801098
1.97031                  0.619641                 9                        0.11111111111111112      5.178625030994631E-13    5.117832624652883E-13    0.25                     5.0E10                   2700                     6616.99831242737         3820.3257569072416       2502.294445801098
1.97031                  0.619641                 9.1                      0.1098901098901099       5.187195601989023E-13    5.124434838741942E-13    0.25                     5.0E10                   2700                     6616.99831242737         3820.3257569072416       2502.294445801098
1.97031                  0.619641                 9.2                      0.10869565217391305      5.195365838005929E-13    5.130735098968483E-13    0.25                     5.0E10                   2700                     6616.99831242737         3820.3257569072416       2502.294445801098
1.97031                  0.619641                 9.3                      0.10752688172043011      5.203157986835978E-13    5.136750302381195E-13    0.25                     5.0E10                   2700                     6616.99831242737         3820.3257569072416       2502.294445801098
1.97031                  0.619641                 9.4                      0.10638297872340426      5.210609386317427E-13    5.14251160953843E-13     0.25                     5.0E10                   2700                     6616.99831242737         3820.3257569072416       2502.294445801098
1.97031                  0.619641                 9.5                      0.10526315789473685      5.217707538012134E-13    5.148004034977953E-13    0.25                     5.0E10                   2700                     6616.99831242737         3820.3257569072416       2502.294445801098
1.97031                  0.619641                 9.6                      0.10416666666666667      5.224487092047722E-13    5.15325660676331E-13     0.25                     5.0E10                   2700                     6616.99831242737         3820.3257569072416       2502.294445801098
1.97031                  0.619641                 9.700000000000001        0.1030927835051546       5.230965642800451E-13    5.158282695484218E-13    0.25                     5.0E10                   2700                     6616.99831242737         3820.3257569072416       2502.294445801098
1.97031                  0.619641                 9.8                      0.10204081632653059      5.237159758149857E-13    5.163094890405527E-13    0.25                     5.0E10                   2700                     6616.99831242737         3820.3257569072416       2502.294445801098
1.97031                  0.619641                 9.9                      0.101010101010101        5.243085032554673E-13    5.16770503918846E-13     0.25                     5.0E10                   2700                     6616.99831242737         3820.3257569072416       2502.294445801098
1.97031                  0.619641                 10                       0.1                      5.248313880196809E-13    5.171515633589997E-13    0.25                     5.0E10                   2700                     6616.99831242737         3820.3257569072416       2502.294445801098
