1.42785                  0.880368                 0.1                      10                       5.331508249255832E-13    5.331421441904234E-13    0.25                     5.0E10                   2700                     5632.938842203064        3252.178756874638        2502.294445801098
1.42785                  0.880368                 0.2                      5                        5.334855676418747E-13    5.331588037780186E-13    0.25                     5.0E10                   2700                     5632.938842203064        3252.178756874638        2502.294445801098
1.42785                  0.880368                 0.30000000000000004      3.3333333333333326       5.367215205418991E-13    5.363564755189675E-13    0.25                     5.0E10                   2700                     5632.938842203064        3252.178756874638        2502.294445801098
1.42785                  0.880368                 0.4                      2.5                      5.33054301440371E-13     5.33664893701991E-13     0.25                     5.0E10                   2700                     5632.938842203064        3252.178756874638        2502.294445801098
1.42785                  0.880368                 0.5                      2                        5.31874055504472E-13     5.347876525488983E-13    0.25                     5.0E10                   2700                     5632.938842203064        3252.178756874638        2502.294445801098
1.42785                  0.880368                 0.6                      1.6666666666666667       5.348317045606677E-13    5.407011269718629E-13    0.25                     5.0E10                   2700                     5632.938842203064        3252.178756874638        2502.294445801098
1.42785                  0.880368                 0.7000000000000001       1.4285714285714284       5.360303327311782E-13    5.446850019060185E-13    0.25                     5.0E10                   2700                     5632.938842203064        3252.178756874638        2502.294445801098
1.42785                  0.880368                 0.8                      1.25                     5.459849745056401E-13    5.465277349871594E-13    0.25                     5.0E10                   2700                     5632.938842203064        3252.178756874638        2502.294445801098
1.42785                  0.880368                 0.9                      1.1111111111111112       5.590658450849531E-13    5.503026514568546E-13    0.25                     5.0E10                   2700                     5632.938842203064        3252.178756874638        2502.294445801098
1.42785                  0.880368                 1                        1                        5.794489439389648E-13    5.540831786758118E-13    0.25                     5.0E10                   2700                     5632.938842203064        3252.178756874638        2502.294445801098
1.42785                  0.880368                 1.1                      0.909090909090909        6.001246979343535E-13    5.648846895549904E-13    0.25                     5.0E10                   2700                     5632.938842203064        3252.178756874638        2502.294445801098
1.42785                  0.880368                 1.2000000000000002       0.8333333333333331       6.076939228001182E-13    5.60759968658755E-13     0.25                     5.0E10                   2700                     5632.938842203064        3252.178756874638        2502.294445801098
1.42785                  0.880368                 1.3000000000000003       0.769230769230769        6.227818643763259E-13    5.605677568316231E-13    0.25                     5.0E10                   2700                     5632.938842203064        3252.178756874638        2502.294445801098
1.42785                  0.880368                 1.4000000000000001       0.7142857142857142       6.460136018698716E-13    5.733414117606352E-13    0.25                     5.0E10                   2700                     5632.938842203064        3252.178756874638        2502.294445801098
1.42785                  0.880368                 1.5000000000000002       0.6666666666666665       6.487708251712822E-13    5.740165905450827E-13    0.25                     5.0E10                   2700                     5632.938842203064        3252.178756874638        2502.294445801098
1.42785                  0.880368                 1.6                      0.625                    6.357605243569421E-13    5.623255314612169E-13    0.25                     5.0E10                   2700                     5632.938842203064        3252.178756874638        2502.294445801098
1.42785                  0.880368                 1.7000000000000002       0.588235294117647        6.298552701408012E-13    5.570901207011302E-13    0.25                     5.0E10                   2700                     5632.938842203064        3252.178756874638        2502.294445801098
1.42785                  0.880368                 1.8000000000000003       0.5555555555555555       6.254994783149319E-13    5.552327526146481E-13    0.25                     5.0E10                   2700                     5632.938842203064        3252.178756874638        2502.294445801098
1.42785                  0.880368                 1.9000000000000001       0.5263157894736842       6.156443719533376E-13    5.519541108957498E-13    0.25                     5.0E10                   2700                     5632.938842203064        3252.178756874638        2502.294445801098
1.42785                  0.880368                 2                        0.5                      6.003195316701396E-13    5.471359530644157E-13    0.25                     5.0E10                   2700                     5632.938842203064        3252.178756874638        2502.294445801098
1.42785                  0.880368                 2.1                      0.47619047619047616      5.804044758752312E-13    5.400897149365592E-13    0.25                     5.0E10                   2700                     5632.938842203064        3252.178756874638        2502.294445801098
1.42785                  0.880368                 2.2                      0.4545454545454545       5.583181528159856E-13    5.310911149632665E-13    0.25                     5.0E10                   2700                     5632.938842203064        3252.178756874638        2502.294445801098
1.42785                  0.880368                 2.3000000000000003       0.43478260869565216      5.381538403567984E-13    5.224963302036568E-13    0.25                     5.0E10                   2700                     5632.938842203064        3252.178756874638        2502.294445801098
1.42785                  0.880368                 2.4000000000000004       0.4166666666666666       5.232864101791722E-13    5.169803445956249E-13    0.25                     5.0E10                   2700                     5632.938842203064        3252.178756874638        2502.294445801098
1.42785                  0.880368                 2.5000000000000004       0.3999999999999999       5.150488411274821E-13    5.159194894112767E-13    0.25                     5.0E10                   2700                     5632.938842203064        3252.178756874638        2502.294445801098
1.42785                  0.880368                 2.6                      0.3846153846153846       5.126883347574266E-13    5.189910291526488E-13    0.25                     5.0E10                   2700                     5632.938842203064        3252.178756874638        2502.294445801098
1.42785                  0.880368                 2.7                      0.37037037037037035      5.142899887769605E-13    5.246978402423984E-13    0.25                     5.0E10                   2700                     5632.938842203064        3252.178756874638        2502.294445801098
1.42785                  0.880368                 2.8000000000000003       0.3571428571428571       5.175515670142719E-13    5.310713146023355E-13    0.25                     5.0E10                   2700                     5632.938842203064        3252.178756874638        2502.294445801098
1.42785                  0.880368                 2.9000000000000004       0.3448275862068965       5.204203153289066E-13    5.362833635888471E-13    0.25                     5.0E10                   2700                     5632.938842203064        3252.178756874638        2502.294445801098
1.42785                  0.880368                 3.0000000000000004       0.33333333333333326      5.215826986404428E-13    5.391543361006526E-13    0.25                     5.0E10                   2700                     5632.938842203064        3252.178756874638        2502.294445801098
1.42785                  0.880368                 3.1                      0.32258064516129037      5.201965242824427E-13    5.389682438432442E-13    0.25                     5.0E10                   2700                     5632.938842203064        3252.178756874638        2502.294445801098
1.42785                  0.880368                 3.2                      0.3125                   5.164723731119874E-13    5.360063217586075E-13    0.25                     5.0E10                   2700                     5632.938842203064        3252.178756874638        2502.294445801098
1.42785                  0.880368                 3.3000000000000003       0.30303030303030304      5.109279665363556E-13    5.308619518261839E-13    0.25                     5.0E10                   2700                     5632.938842203064        3252.178756874638        2502.294445801098
1.42785                  0.880368                 3.4000000000000004       0.2941176470588235       5.042616685802641E-13    5.243150660691704E-13    0.25                     5.0E10                   2700                     5632.938842203064        3252.178756874638        2502.294445801098
1.42785                  0.880368                 3.5000000000000004       0.2857142857142857       4.971542472502001E-13    5.170873380023909E-13    0.25                     5.0E10                   2700                     5632.938842203064        3252.178756874638        2502.294445801098
1.42785                  0.880368                 3.6                      0.2777777777777778       4.901613573785364E-13    5.098014562014123E-13    0.25                     5.0E10                   2700                     5632.938842203064        3252.178756874638        2502.294445801098
1.42785                  0.880368                 3.7                      0.2702702702702703       4.836769915930286E-13    5.028970783228256E-13    0.25                     5.0E10                   2700                     5632.938842203064        3252.178756874638        2502.294445801098
1.42785                  0.880368                 3.8000000000000003       0.2631578947368421       4.779442538376394E-13    4.96653571467109E-13     0.25                     5.0E10                   2700                     5632.938842203064        3252.178756874638        2502.294445801098
1.42785                  0.880368                 3.9000000000000004       0.2564102564102564       4.73085094564795E-13     4.912208605039961E-13    0.25                     5.0E10                   2700                     5632.938842203064        3252.178756874638        2502.294445801098
1.42785                  0.880368                 4                        0.25                     4.691336925833288E-13    4.866542478584811E-13    0.25                     5.0E10                   2700                     5632.938842203064        3252.178756874638        2502.294445801098
1.42785                  0.880368                 4.1                      0.24390243902439027      4.660657955634607E-13    4.829451927841663E-13    0.25                     5.0E10                   2700                     5632.938842203064        3252.178756874638        2502.294445801098
1.42785                  0.880368                 4.2                      0.23809523809523808      4.638215504912235E-13    4.800454097639359E-13    0.25                     5.0E10                   2700                     5632.938842203064        3252.178756874638        2502.294445801098
1.42785                  0.880368                 4.3                      0.23255813953488372      4.62322061061632E-13     4.778844239783108E-13    0.25                     5.0E10                   2700                     5632.938842203064        3252.178756874638        2502.294445801098
1.42785                  0.880368                 4.3999999999999995       0.22727272727272732      4.614801770112141E-13    4.763813314988026E-13    0.25                     5.0E10                   2700                     5632.938842203064        3252.178756874638        2502.294445801098
1.42785                  0.880368                 4.5                      0.22222222222222224      4.612290800540537E-13    4.754623195616781E-13    0.25                     5.0E10                   2700                     5632.938842203064        3252.178756874638        2502.294445801098
1.42785                  0.880368                 4.6                      0.2173913043478261       4.614497838521239E-13    4.750337137686448E-13    0.25                     5.0E10                   2700                     5632.938842203064        3252.178756874638        2502.294445801098
1.42785                  0.880368                 4.7                      0.2127659574468085       4.620780585149593E-13    4.750228570185779E-13    0.25                     5.0E10                   2700                     5632.938842203064        3252.178756874638        2502.294445801098
1.42785                  0.880368                 4.8                      0.20833333333333334      4.630436488276476E-13    4.75361327657023E-13     0.25                     5.0E10                   2700                     5632.938842203064        3252.178756874638        2502.294445801098
1.42785                  0.880368                 4.9                      0.20408163265306117      4.64284093519841E-13     4.759879997023723E-13    0.25                     5.0E10                   2700                     5632.938842203064        3252.178756874638        2502.294445801098
1.42785                  0.880368                 5                        0.2                      4.657544892590435E-13    4.768554538650858E-13    0.25                     5.0E10                   2700                     5632.938842203064        3252.178756874638        2502.294445801098
1.42785                  0.880368                 5.1                      0.19607843137254904      4.673855331897497E-13    4.779030073780171E-13    0.25                     5.0E10                   2700                     5632.938842203064        3252.178756874638        2502.294445801098
1.42785                  0.880368                 5.2                      0.1923076923076923       4.691481914357479E-13    4.790976144195473E-13    0.25                     5.0E10                   2700                     5632.938842203064        3252.178756874638        2502.294445801098
1.42785                  0.880368                 5.3                      0.18867924528301888      4.710077618461767E-13    4.804048834644737E-13    0.25                     5.0E10                   2700                     5632.938842203064        3252.178756874638        2502.294445801098
1.42785                  0.880368                 5.4                      0.18518518518518517      4.729351101952341E-13    4.817958699980236E-13    0.25                     5.0E10                   2700                     5632.938842203064        3252.178756874638        2502.294445801098
1.42785                  0.880368                 5.5                      0.18181818181818182      4.749052638208492E-13    4.832456951977383E-13    0.25                     5.0E10                   2700                     5632.938842203064        3252.178756874638        2502.294445801098
1.42785                  0.880368                 5.6                      0.17857142857142858      4.768979278555931E-13    4.847340787827729E-13    0.25                     5.0E10                   2700                     5632.938842203064        3252.178756874638        2502.294445801098
1.42785                  0.880368                 5.7                      0.17543859649122806      4.788961829030995E-13    4.862440539828579E-13    0.25                     5.0E10                   2700                     5632.938842203064        3252.178756874638        2502.294445801098
1.42785                  0.880368                 5.8                      0.1724137931034483       4.808861667740576E-13    4.877616581508236E-13    0.25                     5.0E10                   2700                     5632.938842203064        3252.178756874638        2502.294445801098
1.42785                  0.880368                 5.9                      0.1694915254237288       4.828566278265432E-13    4.892754940759909E-13    0.25                     5.0E10                   2700                     5632.938842203064        3252.178756874638        2502.294445801098
1.42785                  0.880368                 6                        0.16666666666666666      4.847985322978379E-13    4.907763435816758E-13    0.25                     5.0E10                   2700                     5632.938842203064        3252.178756874638        2502.294445801098
1.42785                  0.880368                 6.1                      0.16393442622950818      4.867047219568842E-13    4.922568303321561E-13    0.25                     5.0E10                   2700                     5632.938842203064        3252.178756874638        2502.294445801098
1.42785                  0.880368                 6.2                      0.16129032258064518      4.885696178833373E-13    4.937111278935895E-13    0.25                     5.0E10                   2700                     5632.938842203064        3252.178756874638        2502.294445801098
1.42785                  0.880368                 6.3                      0.15873015873015872      4.903889654829002E-13    4.951347085397561E-13    0.25                     5.0E10                   2700                     5632.938842203064        3252.178756874638        2502.294445801098
1.42785                  0.880368                 6.4                      0.15625                  4.921596162640317E-13    4.965241283532761E-13    0.25                     5.0E10                   2700                     5632.938842203064        3252.178756874638        2502.294445801098
1.42785                  0.880368                 6.5                      0.15384615384615383      4.938793417286879E-13    4.978768441866822E-13    0.25                     5.0E10                   2700                     5632.938842203064        3252.178756874638        2502.294445801098
1.42785                  0.880368                 6.6                      0.15151515151515152      4.955466753052911E-13    4.991910584257129E-13    0.25                     5.0E10                   2700                     5632.938842203064        3252.178756874638        2502.294445801098
1.42785                  0.880368                 6.7                      0.1492537313432836       4.971607784797536E-13    5.004655877765434E-13    0.25                     5.0E10                   2700                     5632.938842203064        3252.178756874638        2502.294445801098
1.42785                  0.880368                 6.8                      0.14705882352941177      4.987213277738581E-13    5.016997527127784E-13    0.25                     5.0E10                   2700                     5632.938842203064        3252.178756874638        2502.294445801098
1.42785                  0.880368                 6.9                      0.14492753623188404      5.002284194751857E-13    5.028932845656382E-13    0.25                     5.0E10                   2700                     5632.938842203064        3252.178756874638        2502.294445801098
1.42785                  0.880368                 7                        0.14285714285714285      5.016824896021218E-13    5.040462476513724E-13    0.25                     5.0E10                   2700                     5632.938842203064        3252.178756874638        2502.294445801098
1.42785                  0.880368                 7.1                      0.14084507042253522      5.030842466985704E-13    5.051589741357039E-13    0.25                     5.0E10                   2700                     5632.938842203064        3252.178756874638        2502.294445801098
1.42785                  0.880368                 7.2                      0.1388888888888889       5.04435129412074E-13     5.062324927426502E-13    0.25                     5.0E10                   2700                     5632.938842203064        3252.178756874638        2502.294445801098
1.42785                  0.880368                 7.3                      0.13698630136986303      5.05735235329627E-13     5.072665790385789E-13    0.25                     5.0E10                   2700                     5632.938842203064        3252.178756874638        2502.294445801098
1.42785                  0.880368                 7.4                      0.13513513513513514      5.06986272020963E-13     5.082625335719586E-13    0.25                     5.0E10                   2700                     5632.938842203064        3252.178756874638        2502.294445801098
1.42785                  0.880368                 7.5                      0.13333333333333333      5.081895608894069E-13    5.092213001473545E-13    0.25                     5.0E10                   2700                     5632.938842203064        3252.178756874638        2502.294445801098
1.42785                  0.880368                 7.6                      0.13157894736842105      5.093464935924557E-13    5.101438961508157E-13    0.25                     5.0E10                   2700                     5632.938842203064        3252.178756874638        2502.294445801098
1.42785                  0.880368                 7.7                      0.12987012987012989      5.104585095481135E-13    5.110313912321658E-13    0.25                     5.0E10                   2700                     5632.938842203064        3252.178756874638        2502.294445801098
1.42785                  0.880368                 7.8                      0.12820512820512822      5.115270773723622E-13    5.118848897730152E-13    0.25                     5.0E10                   2700                     5632.938842203064        3252.178756874638        2502.294445801098
1.42785                  0.880368                 7.9                      0.12658227848101267      5.125536795992925E-13    5.127055165046822E-13    0.25                     5.0E10                   2700                     5632.938842203064        3252.178756874638        2502.294445801098
1.42785                  0.880368                 8                        0.125                    5.135398001466576E-13    5.13494404762867E-13     0.25                     5.0E10                   2700                     5632.938842203064        3252.178756874638        2502.294445801098
1.42785                  0.880368                 8.1                      0.1234567901234568       5.144869141586996E-13    5.142526869718891E-13    0.25                     5.0E10                   2700                     5632.938842203064        3252.178756874638        2502.294445801098
1.42785                  0.880368                 8.2                      0.12195121951219513      5.153964797109105E-13    5.14981486914195E-13     0.25                     5.0E10                   2700                     5632.938842203064        3252.178756874638        2502.294445801098
1.42785                  0.880368                 8.3                      0.12048192771084336      5.162699312316086E-13    5.156819135879771E-13    0.25                     5.0E10                   2700                     5632.938842203064        3252.178756874638        2502.294445801098
1.42785                  0.880368                 8.4                      0.11904761904761904      5.171086742507944E-13    5.163550563136923E-13    0.25                     5.0E10                   2700                     5632.938842203064        3252.178756874638        2502.294445801098
1.42785                  0.880368                 8.5                      0.11764705882352941      5.179140813094301E-13    5.170019809064735E-13    0.25                     5.0E10                   2700                     5632.938842203064        3252.178756874638        2502.294445801098
1.42785                  0.880368                 8.6                      0.11627906976744186      5.186874888436712E-13    5.176237267500972E-13    0.25                     5.0E10                   2700                     5632.938842203064        3252.178756874638        2502.294445801098
1.42785                  0.880368                 8.7                      0.11494252873563218      5.194301948634465E-13    5.182213045927696E-13    0.25                     5.0E10                   2700                     5632.938842203064        3252.178756874638        2502.294445801098
1.42785                  0.880368                 8.8                      0.11363636363636362      5.201434573006431E-13    5.187956949568422E-13    0.25                     5.0E10                   2700                     5632.938842203064        3252.178756874638        2502.294445801098
1.42785                  0.880368                 8.9                      0.11235955056179775      5.20982188083778E-13     5.194984821495481E-13    0.25                     5.0E10                   2700                     5632.938842203064        3252.178756874638        2502.294445801098
1.42785                  0.880368                 9                        0.11111111111111112      5.216329456200921E-13    5.200231192586095E-13    0.25                     5.0E10                   2700                     5632.938842203064        3252.178756874638        2502.294445801098
1.42785                  0.880368                 9.1                      0.1098901098901099       5.222580926430514E-13    5.205275836167094E-13    0.25                     5.0E10                   2700                     5632.938842203064        3252.178756874638        2502.294445801098
1.42785                  0.880368                 9.2                      0.10869565217391305      5.22858716512876E-13     5.210127227309246E-13    0.25                     5.0E10                   2700                     5632.938842203064        3252.178756874638        2502.294445801098
1.42785                  0.880368                 9.3                      0.10752688172043011      5.23435861927304E-13     5.214793513523516E-13    0.25                     5.0E10                   2700                     5632.938842203064        3252.178756874638        2502.294445801098
1.42785                  0.880368                 9.4                      0.10638297872340426      5.239905315847968E-13    5.219282519165588E-13    0.25                     5.0E10                   2700                     5632.938842203064        3252.178756874638        2502.294445801098
1.42785                  0.880368                 9.5                      0.10526315789473685      5.245236871004412E-13    5.223601751601142E-13    0.25                     5.0E10                   2700                     5632.938842203064        3252.178756874638        2502.294445801098
1.42785                  0.880368                 9.6                      0.10416666666666667      5.250362499555966E-13    5.227758408310678E-13    0.25                     5.0E10                   2700                     5632.938842203064        3252.178756874638        2502.294445801098
1.42785                  0.880368                 9.700000000000001        0.1030927835051546       5.255291025960865E-13    5.23175938482838E-13     0.25                     5.0E10                   2700                     5632.938842203064        3252.178756874638        2502.294445801098
1.42785                  0.880368                 9.8                      0.10204081632653059      5.260030896452017E-13    5.235611283783294E-13    0.25                     5.0E10                   2700                     5632.938842203064        3252.178756874638        2502.294445801098
1.42785                  0.880368                 9.9                      0.101010101010101        5.264590190527304E-13    5.239320423675503E-13    0.25                     5.0E10                   2700                     5632.938842203064        3252.178756874638        2502.294445801098
1.42785                  0.880368                 10                       0.1                      5.268249383153738E-13    5.242195448275592E-13    0.25                     5.0E10                   2700                     5632.938842203064        3252.178756874638        2502.294445801098
