0.524726                 0.466541                 0.1                      10                       5.331305458611388E-13    5.331337610211407E-13    0.25                     5.0E10                   2700                     3414.7588169265746       1971.5119221702057       2502.294445801098
0.524726                 0.466541                 0.2                      5                        5.345271341341765E-13    5.327205959699583E-13    0.25                     5.0E10                   2700                     3414.7588169265746       1971.5119221702057       2502.294445801098
0.524726                 0.466541                 0.30000000000000004      3.3333333333333326       5.352157658170437E-13    5.236864308711842E-13    0.25                     5.0E10                   2700                     3414.7588169265746       1971.5119221702057       2502.294445801098
0.524726                 0.466541                 0.4                      2.5                      5.136142620403661E-13    4.942613762365819E-13    0.25                     5.0E10                   2700                     3414.7588169265746       1971.5119221702057       2502.294445801098
0.524726                 0.466541                 0.5                      2                        4.3124381971887964E-13   4.340263848860988E-13    0.25                     5.0E10                   2700                     3414.7588169265746       1971.5119221702057       2502.294445801098
0.524726                 0.466541                 0.6                      1.6666666666666667       3.973702104620531E-13    4.2672868067228834E-13   0.25                     5.0E10                   2700                     3414.7588169265746       1971.5119221702057       2502.294445801098
0.524726                 0.466541                 0.7000000000000001       1.4285714285714284       3.39078909077669E-13     4.1030482845015346E-13   0.25                     5.0E10                   2700                     3414.7588169265746       1971.5119221702057       2502.294445801098
0.524726                 0.466541                 0.8                      1.25                     3.344992496878266E-13    4.164727419400529E-13    0.25                     5.0E10                   2700                     3414.7588169265746       1971.5119221702057       2502.294445801098
0.524726                 0.466541                 0.9                      1.1111111111111112       3.661188445847208E-13    4.564541700939262E-13    0.25                     5.0E10                   2700                     3414.7588169265746       1971.5119221702057       2502.294445801098
0.524726                 0.466541                 1                        1                        3.1488361460622275E-13   3.9050757397463666E-13   0.25                     5.0E10                   2700                     3414.7588169265746       1971.5119221702057       2502.294445801098
0.524726                 0.466541                 1.1                      0.909090909090909        3.7367587903998446E-13   4.720460583605563E-13    0.25                     5.0E10                   2700                     3414.7588169265746       1971.5119221702057       2502.294445801098
0.524726                 0.466541                 1.2000000000000002       0.8333333333333331       3.3392342736843096E-13   4.3912238565866977E-13   0.25                     5.0E10                   2700                     3414.7588169265746       1971.5119221702057       2502.294445801098
0.524726                 0.466541                 1.3000000000000003       0.769230769230769        3.7466269029855434E-13   5.146683150427348E-13    0.25                     5.0E10                   2700                     3414.7588169265746       1971.5119221702057       2502.294445801098
0.524726                 0.466541                 1.4000000000000001       0.7142857142857142       3.390800775505717E-13    4.794001754185402E-13    0.25                     5.0E10                   2700                     3414.7588169265746       1971.5119221702057       2502.294445801098
0.524726                 0.466541                 1.5000000000000002       0.6666666666666665       3.131257479291631E-13    4.314613311642581E-13    0.25                     5.0E10                   2700                     3414.7588169265746       1971.5119221702057       2502.294445801098
0.524726                 0.466541                 1.6                      0.625                    3.6526043748044756E-13   4.690497417405571E-13    0.25                     5.0E10                   2700                     3414.7588169265746       1971.5119221702057       2502.294445801098
0.524726                 0.466541                 1.7000000000000002       0.588235294117647        4.740318807121272E-13    5.609736149431098E-13    0.25                     5.0E10                   2700                     3414.7588169265746       1971.5119221702057       2502.294445801098
0.524726                 0.466541                 1.8000000000000003       0.5555555555555555       5.734007228487291E-13    6.30164310264483E-13     0.25                     5.0E10                   2700                     3414.7588169265746       1971.5119221702057       2502.294445801098
0.524726                 0.466541                 1.9000000000000001       0.5263157894736842       5.979814088292221E-13    6.177571897760403E-13    0.25                     5.0E10                   2700                     3414.7588169265746       1971.5119221702057       2502.294445801098
0.524726                 0.466541                 2                        0.5                      5.78412761087256E-13     5.675614970045372E-13    0.25                     5.0E10                   2700                     3414.7588169265746       1971.5119221702057       2502.294445801098
0.524726                 0.466541                 2.1                      0.47619047619047616      5.671526606118025E-13    5.32789370689802E-13     0.25                     5.0E10                   2700                     3414.7588169265746       1971.5119221702057       2502.294445801098
0.524726                 0.466541                 2.2                      0.4545454545454545       5.81417438528361E-13     5.262886624747792E-13    0.25                     5.0E10                   2700                     3414.7588169265746       1971.5119221702057       2502.294445801098
0.524726                 0.466541                 2.3000000000000003       0.43478260869565216      6.184583328705267E-13    5.425742023321529E-13    0.25                     5.0E10                   2700                     3414.7588169265746       1971.5119221702057       2502.294445801098
0.524726                 0.466541                 2.4000000000000004       0.4166666666666666       6.684504278610053E-13    5.714231318760729E-13    0.25                     5.0E10                   2700                     3414.7588169265746       1971.5119221702057       2502.294445801098
0.524726                 0.466541                 2.5000000000000004       0.3999999999999999       7.180609223351813E-13    6.011191178744155E-13    0.25                     5.0E10                   2700                     3414.7588169265746       1971.5119221702057       2502.294445801098
0.524726                 0.466541                 2.6                      0.3846153846153846       7.553763579239992E-13    6.219341556722885E-13    0.25                     5.0E10                   2700                     3414.7588169265746       1971.5119221702057       2502.294445801098
0.524726                 0.466541                 2.7                      0.37037037037037035      7.739460713829609E-13    6.28993364376814E-13     0.25                     5.0E10                   2700                     3414.7588169265746       1971.5119221702057       2502.294445801098
0.524726                 0.466541                 2.8000000000000003       0.3571428571428571       7.744610158314226E-13    6.231408406470164E-13    0.25                     5.0E10                   2700                     3414.7588169265746       1971.5119221702057       2502.294445801098
0.524726                 0.466541                 2.9000000000000004       0.3448275862068965       7.624365087724992E-13    6.088439446868466E-13    0.25                     5.0E10                   2700                     3414.7588169265746       1971.5119221702057       2502.294445801098
0.524726                 0.466541                 3.0000000000000004       0.33333333333333326      7.44487416234734E-13     5.912347352393235E-13    0.25                     5.0E10                   2700                     3414.7588169265746       1971.5119221702057       2502.294445801098
0.524726                 0.466541                 3.1                      0.32258064516129037      7.259264946916226E-13    5.743167419983347E-13    0.25                     5.0E10                   2700                     3414.7588169265746       1971.5119221702057       2502.294445801098
0.524726                 0.466541                 3.2                      0.3125                   7.101116228541432E-13    5.605495084942815E-13    0.25                     5.0E10                   2700                     3414.7588169265746       1971.5119221702057       2502.294445801098
0.524726                 0.466541                 3.3000000000000003       0.30303030303030304      6.987519656275125E-13    5.511397081366126E-13    0.25                     5.0E10                   2700                     3414.7588169265746       1971.5119221702057       2502.294445801098
0.524726                 0.466541                 3.4000000000000004       0.2941176470588235       6.924767261972963E-13    5.464960504561438E-13    0.25                     5.0E10                   2700                     3414.7588169265746       1971.5119221702057       2502.294445801098
0.524726                 0.466541                 3.5000000000000004       0.2857142857142857       6.911552835605572E-13    5.464897543986267E-13    0.25                     5.0E10                   2700                     3414.7588169265746       1971.5119221702057       2502.294445801098
0.524726                 0.466541                 3.6                      0.2777777777777778       6.943642541379597E-13    5.507837714180187E-13    0.25                     5.0E10                   2700                     3414.7588169265746       1971.5119221702057       2502.294445801098
0.524726                 0.466541                 3.7                      0.2702702702702703       7.014434076762588E-13    5.588752076919109E-13    0.25                     5.0E10                   2700                     3414.7588169265746       1971.5119221702057       2502.294445801098
0.524726                 0.466541                 3.8000000000000003       0.2631578947368421       7.116083122553732E-13    5.701660038320251E-13    0.25                     5.0E10                   2700                     3414.7588169265746       1971.5119221702057       2502.294445801098
0.524726                 0.466541                 3.9000000000000004       0.2564102564102564       7.239999219187923E-13    5.839886722319612E-13    0.25                     5.0E10                   2700                     3414.7588169265746       1971.5119221702057       2502.294445801098
0.524726                 0.466541                 4                        0.25                     7.377195416763627E-13    5.996228340695982E-13    0.25                     5.0E10                   2700                     3414.7588169265746       1971.5119221702057       2502.294445801098
0.524726                 0.466541                 4.1                      0.24390243902439027      7.518632764496728E-13    6.163142876920136E-13    0.25                     5.0E10                   2700                     3414.7588169265746       1971.5119221702057       2502.294445801098
0.524726                 0.466541                 4.2                      0.23809523809523808      7.655617331698404E-13    6.33302040540408E-13     0.25                     5.0E10                   2700                     3414.7588169265746       1971.5119221702057       2502.294445801098
0.524726                 0.466541                 4.3                      0.23255813953488372      7.780245513025016E-13    6.498536663631606E-13    0.25                     5.0E10                   2700                     3414.7588169265746       1971.5119221702057       2502.294445801098
0.524726                 0.466541                 4.3999999999999995       0.22727272727272732      7.885843193759053E-13    6.653051164685276E-13    0.25                     5.0E10                   2700                     3414.7588169265746       1971.5119221702057       2502.294445801098
0.524726                 0.466541                 4.5                      0.22222222222222224      7.967338239745441E-13    6.790989626118404E-13    0.25                     5.0E10                   2700                     3414.7588169265746       1971.5119221702057       2502.294445801098
0.524726                 0.466541                 4.6                      0.2173913043478261       8.021487888577561E-13    6.908143237632773E-13    0.25                     5.0E10                   2700                     3414.7588169265746       1971.5119221702057       2502.294445801098
0.524726                 0.466541                 4.7                      0.2127659574468085       8.052287305992443E-13    7.006893503280164E-13    0.25                     5.0E10                   2700                     3414.7588169265746       1971.5119221702057       2502.294445801098
0.524726                 0.466541                 4.8                      0.20833333333333334      8.048480167702219E-13    7.07517631370139E-13     0.25                     5.0E10                   2700                     3414.7588169265746       1971.5119221702057       2502.294445801098
0.524726                 0.466541                 4.9                      0.20408163265306117      8.018225883250469E-13    7.119119780603825E-13    0.25                     5.0E10                   2700                     3414.7588169265746       1971.5119221702057       2502.294445801098
0.524726                 0.466541                 5                        0.2                      7.964477426631107E-13    7.139888034124641E-13    0.25                     5.0E10                   2700                     3414.7588169265746       1971.5119221702057       2502.294445801098
0.524726                 0.466541                 5.1                      0.19607843137254904      7.890585038456143E-13    7.140044347340796E-13    0.25                     5.0E10                   2700                     3414.7588169265746       1971.5119221702057       2502.294445801098
0.524726                 0.466541                 5.2                      0.1923076923076923       7.800659221729258E-13    7.122231694357909E-13    0.25                     5.0E10                   2700                     3414.7588169265746       1971.5119221702057       2502.294445801098
0.524726                 0.466541                 5.3                      0.18867924528301888      7.698551950852421E-13    7.089402855148608E-13    0.25                     5.0E10                   2700                     3414.7588169265746       1971.5119221702057       2502.294445801098
0.524726                 0.466541                 5.4                      0.18518518518518517      7.587869090697184E-13    7.044508961424563E-13    0.25                     5.0E10                   2700                     3414.7588169265746       1971.5119221702057       2502.294445801098
0.524726                 0.466541                 5.5                      0.18181818181818182      7.47182777515425E-13     6.990336138839313E-13    0.25                     5.0E10                   2700                     3414.7588169265746       1971.5119221702057       2502.294445801098
0.524726                 0.466541                 5.6                      0.17857142857142858      7.353184246659696E-13    6.929401661892814E-13    0.25                     5.0E10                   2700                     3414.7588169265746       1971.5119221702057       2502.294445801098
0.524726                 0.466541                 5.7                      0.17543859649122806      7.23421590253059E-13     6.863900021352288E-13    0.25                     5.0E10                   2700                     3414.7588169265746       1971.5119221702057       2502.294445801098
0.524726                 0.466541                 5.8                      0.1724137931034483       7.11675336187389E-13     6.795702331113116E-13    0.25                     5.0E10                   2700                     3414.7588169265746       1971.5119221702057       2502.294445801098
0.524726                 0.466541                 5.9                      0.1694915254237288       7.002172718718564E-13    6.72630514727741E-13     0.25                     5.0E10                   2700                     3414.7588169265746       1971.5119221702057       2502.294445801098
0.524726                 0.466541                 6                        0.16666666666666666      6.891523962861417E-13    6.656947848516205E-13    0.25                     5.0E10                   2700                     3414.7588169265746       1971.5119221702057       2502.294445801098
0.524726                 0.466541                 6.1                      0.16393442622950818      6.785538383526838E-13    6.58858715400394E-13     0.25                     5.0E10                   2700                     3414.7588169265746       1971.5119221702057       2502.294445801098
0.524726                 0.466541                 6.2                      0.16129032258064518      6.684695869833984E-13    6.52194966311159E-13     0.25                     5.0E10                   2700                     3414.7588169265746       1971.5119221702057       2502.294445801098
0.524726                 0.466541                 6.3                      0.15873015873015872      6.589274941705438E-13    6.457568887659429E-13    0.25                     5.0E10                   2700                     3414.7588169265746       1971.5119221702057       2502.294445801098
0.524726                 0.466541                 6.4                      0.15625                  6.499396422265475E-13    6.395819548565731E-13    0.25                     5.0E10                   2700                     3414.7588169265746       1971.5119221702057       2502.294445801098
0.524726                 0.466541                 6.5                      0.15384615384615383      6.415060401945926E-13    6.336948068038596E-13    0.25                     5.0E10                   2700                     3414.7588169265746       1971.5119221702057       2502.294445801098
0.524726                 0.466541                 6.6                      0.15151515151515152      6.336176780172667E-13    6.281098888418366E-13    0.25                     5.0E10                   2700                     3414.7588169265746       1971.5119221702057       2502.294445801098
0.524726                 0.466541                 6.7                      0.1492537313432836       6.262590007246506E-13    6.228336683685762E-13    0.25                     5.0E10                   2700                     3414.7588169265746       1971.5119221702057       2502.294445801098
0.524726                 0.466541                 6.8                      0.14705882352941177      6.194098792582991E-13    6.178664774805934E-13    0.25                     5.0E10                   2700                     3414.7588169265746       1971.5119221702057       2502.294445801098
0.524726                 0.466541                 6.9                      0.14492753623188404      6.1304715660243E-13      6.132040177628205E-13    0.25                     5.0E10                   2700                     3414.7588169265746       1971.5119221702057       2502.294445801098
0.524726                 0.466541                 7                        0.14285714285714285      6.071458433817855E-13    6.08838574883156E-13     0.25                     5.0E10                   2700                     3414.7588169265746       1971.5119221702057       2502.294445801098
0.524726                 0.466541                 7.1                      0.14084507042253522      6.016800287704601E-13    6.047599883068262E-13    0.25                     5.0E10                   2700                     3414.7588169265746       1971.5119221702057       2502.294445801098
0.524726                 0.466541                 7.2                      0.1388888888888889       5.966235636362804E-13    6.009564177295618E-13    0.25                     5.0E10                   2700                     3414.7588169265746       1971.5119221702057       2502.294445801098
0.524726                 0.466541                 7.3                      0.13698630136986303      5.919505633161636E-13    5.97414942859769E-13     0.25                     5.0E10                   2700                     3414.7588169265746       1971.5119221702057       2502.294445801098
0.524726                 0.466541                 7.4                      0.13513513513513514      5.876357692043387E-13    5.941220279876267E-13    0.25                     5.0E10                   2700                     3414.7588169265746       1971.5119221702057       2502.294445801098
0.524726                 0.466541                 7.5                      0.13333333333333333      5.836548008001391E-13    5.910638777719974E-13    0.25                     5.0E10                   2700                     3414.7588169265746       1971.5119221702057       2502.294445801098
0.524726                 0.466541                 7.6                      0.13157894736842105      5.799843236145595E-13    5.882267061900774E-13    0.25                     5.0E10                   2700                     3414.7588169265746       1971.5119221702057       2502.294445801098
0.524726                 0.466541                 7.7                      0.12987012987012989      5.766021530304872E-13    5.855969365496981E-13    0.25                     5.0E10                   2700                     3414.7588169265746       1971.5119221702057       2502.294445801098
0.524726                 0.466541                 7.8                      0.12820512820512822      5.734873099523692E-13    5.831613471773508E-13    0.25                     5.0E10                   2700                     3414.7588169265746       1971.5119221702057       2502.294445801098
0.524726                 0.466541                 7.9                      0.12658227848101267      5.706200406654645E-13    5.809071745373166E-13    0.25                     5.0E10                   2700                     3414.7588169265746       1971.5119221702057       2502.294445801098
0.524726                 0.466541                 8                        0.125                    5.679818103914543E-13    5.788221831547301E-13    0.25                     5.0E10                   2700                     3414.7588169265746       1971.5119221702057       2502.294445801098
0.524726                 0.466541                 8.1                      0.1234567901234568       5.655552781738892E-13    5.768947099652207E-13    0.25                     5.0E10                   2700                     3414.7588169265746       1971.5119221702057       2502.294445801098
0.524726                 0.466541                 8.2                      0.12195121951219513      5.633242584625546E-13    5.751136889011335E-13    0.25                     5.0E10                   2700                     3414.7588169265746       1971.5119221702057       2502.294445801098
0.524726                 0.466541                 8.3                      0.12048192771084336      5.612736740122395E-13    5.734686605824655E-13    0.25                     5.0E10                   2700                     3414.7588169265746       1971.5119221702057       2502.294445801098
0.524726                 0.466541                 8.4                      0.11904761904761904      5.593895031732255E-13    5.719497707358026E-13    0.25                     5.0E10                   2700                     3414.7588169265746       1971.5119221702057       2502.294445801098
0.524726                 0.466541                 8.5                      0.11764705882352941      5.576587241372594E-13    5.705477603195052E-13    0.25                     5.0E10                   2700                     3414.7588169265746       1971.5119221702057       2502.294445801098
0.524726                 0.466541                 8.6                      0.11627906976744186      5.56070521486055E-13     5.692560899643234E-13    0.25                     5.0E10                   2700                     3414.7588169265746       1971.5119221702057       2502.294445801098
0.524726                 0.466541                 8.7                      0.11494252873563218      5.54611178701753E-13     5.680623821173288E-13    0.25                     5.0E10                   2700                     3414.7588169265746       1971.5119221702057       2502.294445801098
0.524726                 0.466541                 8.8                      0.11363636363636362      5.532715925371384E-13    5.669611695986683E-13    0.25                     5.0E10                   2700                     3414.7588169265746       1971.5119221702057       2502.294445801098
0.524726                 0.466541                 8.9                      0.11235955056179775      5.520421748851729E-13    5.659453792261783E-13    0.25                     5.0E10                   2700                     3414.7588169265746       1971.5119221702057       2502.294445801098
0.524726                 0.466541                 9                        0.11111111111111112      5.509140608176607E-13    5.650084232474377E-13    0.25                     5.0E10                   2700                     3414.7588169265746       1971.5119221702057       2502.294445801098
0.524726                 0.466541                 9.1                      0.1098901098901099       5.498790587466052E-13    5.641441731186789E-13    0.25                     5.0E10                   2700                     3414.7588169265746       1971.5119221702057       2502.294445801098
0.524726                 0.466541                 9.2                      0.10869565217391305      5.489296031514633E-13    5.633469333839657E-13    0.25                     5.0E10                   2700                     3414.7588169265746       1971.5119221702057       2502.294445801098
0.524726                 0.466541                 9.3                      0.10752688172043011      5.480587100113037E-13    5.626114160127291E-13    0.25                     5.0E10                   2700                     3414.7588169265746       1971.5119221702057       2502.294445801098
0.524726                 0.466541                 9.4                      0.10638297872340426      5.472599348094427E-13    5.619327153816442E-13    0.25                     5.0E10                   2700                     3414.7588169265746       1971.5119221702057       2502.294445801098
0.524726                 0.466541                 9.5                      0.10526315789473685      5.46527333205216E-13     5.613062841439683E-13    0.25                     5.0E10                   2700                     3414.7588169265746       1971.5119221702057       2502.294445801098
0.524726                 0.466541                 9.6                      0.10416666666666667      5.458554242341585E-13    5.607279100764221E-13    0.25                     5.0E10                   2700                     3414.7588169265746       1971.5119221702057       2502.294445801098
0.524726                 0.466541                 9.700000000000001        0.1030927835051546       5.452391559423463E-13    5.601936939649731E-13    0.25                     5.0E10                   2700                     3414.7588169265746       1971.5119221702057       2502.294445801098
0.524726                 0.466541                 9.8                      0.10204081632653059      5.446738734061612E-13    5.597000286237658E-13    0.25                     5.0E10                   2700                     3414.7588169265746       1971.5119221702057       2502.294445801098
0.524726                 0.466541                 9.9                      0.101010101010101        5.441552889034924E-13    5.592435789761954E-13    0.25                     5.0E10                   2700                     3414.7588169265746       1971.5119221702057       2502.294445801098
0.524726                 0.466541                 10                       0.1                      5.436597478753715E-13    5.587370187987854E-13    0.25                     5.0E10                   2700                     3414.7588169265746       1971.5119221702057       2502.294445801098
