1.87336                  0.895568                 0.1                      10                       5.331433076662179E-13    5.331345184931178E-13    0.25                     5.0E10                   2700                     6452.148651590586        3725.149760847306        2502.294445801098
1.87336                  0.895568                 0.2                      5                        5.334936057763738E-13    5.33157085857306E-13     0.25                     5.0E10                   2700                     6452.148651590586        3725.149760847306        2502.294445801098
1.87336                  0.895568                 0.30000000000000004      3.3333333333333326       5.367277958932443E-13    5.363335355442115E-13    0.25                     5.0E10                   2700                     6452.148651590586        3725.149760847306        2502.294445801098
1.87336                  0.895568                 0.4                      2.5                      5.331766002729107E-13    5.337011045643427E-13    0.25                     5.0E10                   2700                     6452.148651590586        3725.149760847306        2502.294445801098
1.87336                  0.895568                 0.5                      2                        5.310948774551446E-13    5.350369333732036E-13    0.25                     5.0E10                   2700                     6452.148651590586        3725.149760847306        2502.294445801098
1.87336                  0.895568                 0.6                      1.6666666666666667       5.338495258582265E-13    5.417590848297089E-13    0.25                     5.0E10                   2700                     6452.148651590586        3725.149760847306        2502.294445801098
1.87336                  0.895568                 0.7000000000000001       1.4285714285714284       5.3706166677421E-13      5.470076801034239E-13    0.25                     5.0E10                   2700                     6452.148651590586        3725.149760847306        2502.294445801098
1.87336                  0.895568                 0.8                      1.25                     5.567784003063459E-13    5.505220221227978E-13    0.25                     5.0E10                   2700                     6452.148651590586        3725.149760847306        2502.294445801098
1.87336                  0.895568                 0.9                      1.1111111111111112       5.7760310000179E-13      5.549519621370988E-13    0.25                     5.0E10                   2700                     6452.148651590586        3725.149760847306        2502.294445801098
1.87336                  0.895568                 1                        1                        6.075576166097388E-13    5.621054488136589E-13    0.25                     5.0E10                   2700                     6452.148651590586        3725.149760847306        2502.294445801098
1.87336                  0.895568                 1.1                      0.909090909090909        6.36648387893172E-13     5.771047674932005E-13    0.25                     5.0E10                   2700                     6452.148651590586        3725.149760847306        2502.294445801098
1.87336                  0.895568                 1.2000000000000002       0.8333333333333331       6.478244660732674E-13    5.714524327843885E-13    0.25                     5.0E10                   2700                     6452.148651590586        3725.149760847306        2502.294445801098
1.87336                  0.895568                 1.3000000000000003       0.769230769230769        6.743642465054101E-13    5.753213665880206E-13    0.25                     5.0E10                   2700                     6452.148651590586        3725.149760847306        2502.294445801098
1.87336                  0.895568                 1.4000000000000001       0.7142857142857142       7.125102307111355E-13    5.941446069255454E-13    0.25                     5.0E10                   2700                     6452.148651590586        3725.149760847306        2502.294445801098
1.87336                  0.895568                 1.5000000000000002       0.6666666666666665       7.246676497412579E-13    5.970559452232246E-13    0.25                     5.0E10                   2700                     6452.148651590586        3725.149760847306        2502.294445801098
1.87336                  0.895568                 1.6                      0.625                    7.138360610030873E-13    5.834984526560857E-13    0.25                     5.0E10                   2700                     6452.148651590586        3725.149760847306        2502.294445801098
1.87336                  0.895568                 1.7000000000000002       0.588235294117647        7.03096520835177E-13     5.730899431200948E-13    0.25                     5.0E10                   2700                     6452.148651590586        3725.149760847306        2502.294445801098
1.87336                  0.895568                 1.8000000000000003       0.5555555555555555       6.907022283534625E-13    5.675844574251861E-13    0.25                     5.0E10                   2700                     6452.148651590586        3725.149760847306        2502.294445801098
1.87336                  0.895568                 1.9000000000000001       0.5263157894736842       6.701197921164372E-13    5.62968436456919E-13     0.25                     5.0E10                   2700                     6452.148651590586        3725.149760847306        2502.294445801098
1.87336                  0.895568                 2                        0.5                      6.371846123872666E-13    5.536534931637691E-13    0.25                     5.0E10                   2700                     6452.148651590586        3725.149760847306        2502.294445801098
1.87336                  0.895568                 2.1                      0.47619047619047616      5.941841614877942E-13    5.369609128655536E-13    0.25                     5.0E10                   2700                     6452.148651590586        3725.149760847306        2502.294445801098
1.87336                  0.895568                 2.2                      0.4545454545454545       5.51328679363924E-13     5.177064741161215E-13    0.25                     5.0E10                   2700                     6452.148651590586        3725.149760847306        2502.294445801098
1.87336                  0.895568                 2.3000000000000003       0.43478260869565216      5.183185826323185E-13    5.031028832464012E-13    0.25                     5.0E10                   2700                     6452.148651590586        3725.149760847306        2502.294445801098
1.87336                  0.895568                 2.4000000000000004       0.4166666666666666       4.987560150154772E-13    4.970560305850414E-13    0.25                     5.0E10                   2700                     6452.148651590586        3725.149760847306        2502.294445801098
1.87336                  0.895568                 2.5000000000000004       0.3999999999999999       4.91540529250844E-13     4.996716426182702E-13    0.25                     5.0E10                   2700                     6452.148651590586        3725.149760847306        2502.294445801098
1.87336                  0.895568                 2.6                      0.3846153846153846       4.931054042951625E-13    5.085560807278384E-13    0.25                     5.0E10                   2700                     6452.148651590586        3725.149760847306        2502.294445801098
1.87336                  0.895568                 2.7                      0.37037037037037035      4.991677083022328E-13    5.201658131078825E-13    0.25                     5.0E10                   2700                     6452.148651590586        3725.149760847306        2502.294445801098
1.87336                  0.895568                 2.8000000000000003       0.3571428571428571       5.056612781171906E-13    5.308523542364732E-13    0.25                     5.0E10                   2700                     6452.148651590586        3725.149760847306        2502.294445801098
1.87336                  0.895568                 2.9000000000000004       0.3448275862068965       5.095157462545411E-13    5.377625839207149E-13    0.25                     5.0E10                   2700                     6452.148651590586        3725.149760847306        2502.294445801098
1.87336                  0.895568                 3.0000000000000004       0.33333333333333326      5.092052542004692E-13    5.394959022758617E-13    0.25                     5.0E10                   2700                     6452.148651590586        3725.149760847306        2502.294445801098
1.87336                  0.895568                 3.1                      0.32258064516129037      5.043864899173339E-13    5.358770690656981E-13    0.25                     5.0E10                   2700                     6452.148651590586        3725.149760847306        2502.294445801098
1.87336                  0.895568                 3.2                      0.3125                   4.961081633088881E-13    5.280981735518478E-13    0.25                     5.0E10                   2700                     6452.148651590586        3725.149760847306        2502.294445801098
1.87336                  0.895568                 3.3000000000000003       0.30303030303030304      4.856995438364797E-13    5.176521383714211E-13    0.25                     5.0E10                   2700                     6452.148651590586        3725.149760847306        2502.294445801098
1.87336                  0.895568                 3.4000000000000004       0.2941176470588235       4.744485351770743E-13    5.059889809442221E-13    0.25                     5.0E10                   2700                     6452.148651590586        3725.149760847306        2502.294445801098
1.87336                  0.895568                 3.5000000000000004       0.2857142857142857       4.633780890258157E-13    4.942303311703428E-13    0.25                     5.0E10                   2700                     6452.148651590586        3725.149760847306        2502.294445801098
1.87336                  0.895568                 3.6                      0.2777777777777778       4.5316082094388587E-13   4.831558180659162E-13    0.25                     5.0E10                   2700                     6452.148651590586        3725.149760847306        2502.294445801098
1.87336                  0.895568                 3.7                      0.2702702702702703       4.4418043612529856E-13   4.732160529211171E-13    0.25                     5.0E10                   2700                     6452.148651590586        3725.149760847306        2502.294445801098
1.87336                  0.895568                 3.8000000000000003       0.2631578947368421       4.3660367422181194E-13   4.646230308337737E-13    0.25                     5.0E10                   2700                     6452.148651590586        3725.149760847306        2502.294445801098
1.87336                  0.895568                 3.9000000000000004       0.2564102564102564       4.304537569395027E-13    4.574294508755755E-13    0.25                     5.0E10                   2700                     6452.148651590586        3725.149760847306        2502.294445801098
1.87336                  0.895568                 4                        0.25                     4.2566765194017707E-13   4.515908241972994E-13    0.25                     5.0E10                   2700                     6452.148651590586        3725.149760847306        2502.294445801098
1.87336                  0.895568                 4.1                      0.24390243902439027      4.2213596144216893E-13   4.470090406466143E-13    0.25                     5.0E10                   2700                     6452.148651590586        3725.149760847306        2502.294445801098
1.87336                  0.895568                 4.2                      0.23809523809523808      4.197287010148232E-13    4.4356075531945484E-13   0.25                     5.0E10                   2700                     6452.148651590586        3725.149760847306        2502.294445801098
1.87336                  0.895568                 4.3                      0.23255813953488372      4.183111221594221E-13    4.411149361344541E-13    0.25                     5.0E10                   2700                     6452.148651590586        3725.149760847306        2502.294445801098
1.87336                  0.895568                 4.3999999999999995       0.22727272727272732      4.177521253607497E-13    4.395426338827648E-13    0.25                     5.0E10                   2700                     6452.148651590586        3725.149760847306        2502.294445801098
1.87336                  0.895568                 4.5                      0.22222222222222224      4.179407928705629E-13    4.3872180080636413E-13   0.25                     5.0E10                   2700                     6452.148651590586        3725.149760847306        2502.294445801098
1.87336                  0.895568                 4.6                      0.2173913043478261       4.187554999046539E-13    4.385554007006621E-13    0.25                     5.0E10                   2700                     6452.148651590586        3725.149760847306        2502.294445801098
1.87336                  0.895568                 4.7                      0.2127659574468085       4.2009436467508523E-13   4.3892982987116957E-13   0.25                     5.0E10                   2700                     6452.148651590586        3725.149760847306        2502.294445801098
1.87336                  0.895568                 4.8                      0.20833333333333334      4.2186920472518427E-13   4.397573487072309E-13    0.25                     5.0E10                   2700                     6452.148651590586        3725.149760847306        2502.294445801098
1.87336                  0.895568                 4.9                      0.20408163265306117      4.2400238092695964E-13   4.4096075754650393E-13   0.25                     5.0E10                   2700                     6452.148651590586        3725.149760847306        2502.294445801098
1.87336                  0.895568                 5                        0.2                      4.2643215605217177E-13   4.424786093372454E-13    0.25                     5.0E10                   2700                     6452.148651590586        3725.149760847306        2502.294445801098
1.87336                  0.895568                 5.1                      0.19607843137254904      4.2908510201807234E-13   4.4423911526419105E-13   0.25                     5.0E10                   2700                     6452.148651590586        3725.149760847306        2502.294445801098
1.87336                  0.895568                 5.2                      0.1923076923076923       4.319176359209307E-13    4.461982689652744E-13    0.25                     5.0E10                   2700                     6452.148651590586        3725.149760847306        2502.294445801098
1.87336                  0.895568                 5.3                      0.18867924528301888      4.3488535908397063E-13   4.483122393777209E-13    0.25                     5.0E10                   2700                     6452.148651590586        3725.149760847306        2502.294445801098
1.87336                  0.895568                 5.4                      0.18518518518518517      4.3795025507610375E-13   4.50543575675732E-13     0.25                     5.0E10                   2700                     6452.148651590586        3725.149760847306        2502.294445801098
1.87336                  0.895568                 5.5                      0.18181818181818182      4.410790197195406E-13    4.528595372039558E-13    0.25                     5.0E10                   2700                     6452.148651590586        3725.149760847306        2502.294445801098
1.87336                  0.895568                 5.6                      0.17857142857142858      4.442438151004317E-13    4.552327975725747E-13    0.25                     5.0E10                   2700                     6452.148651590586        3725.149760847306        2502.294445801098
1.87336                  0.895568                 5.7                      0.17543859649122806      4.474207597529525E-13    4.576399414548374E-13    0.25                     5.0E10                   2700                     6452.148651590586        3725.149760847306        2502.294445801098
1.87336                  0.895568                 5.8                      0.1724137931034483       4.5058964484108727E-13   4.600611620315506E-13    0.25                     5.0E10                   2700                     6452.148651590586        3725.149760847306        2502.294445801098
1.87336                  0.895568                 5.9                      0.1694915254237288       4.5373347862207084E-13   4.62479795942607E-13     0.25                     5.0E10                   2700                     6452.148651590586        3725.149760847306        2502.294445801098
1.87336                  0.895568                 6                        0.16666666666666666      4.568380837486956E-13    4.648819141406746E-13    0.25                     5.0E10                   2700                     6452.148651590586        3725.149760847306        2502.294445801098
1.87336                  0.895568                 6.1                      0.16393442622950818      4.598917415084306E-13    4.672559625171151E-13    0.25                     5.0E10                   2700                     6452.148651590586        3725.149760847306        2502.294445801098
1.87336                  0.895568                 6.2                      0.16129032258064518      4.628848777004829E-13    4.695924466145498E-13    0.25                     5.0E10                   2700                     6452.148651590586        3725.149760847306        2502.294445801098
1.87336                  0.895568                 6.3                      0.15873015873015872      4.658097852673483E-13    4.718836552190996E-13    0.25                     5.0E10                   2700                     6452.148651590586        3725.149760847306        2502.294445801098
1.87336                  0.895568                 6.4                      0.15625                  4.686603794416372E-13    4.741234181666111E-13    0.25                     5.0E10                   2700                     6452.148651590586        3725.149760847306        2502.294445801098
1.87336                  0.895568                 6.5                      0.15384615384615383      4.714319815551981E-13    4.763068942067672E-13    0.25                     5.0E10                   2700                     6452.148651590586        3725.149760847306        2502.294445801098
1.87336                  0.895568                 6.6                      0.15151515151515152      4.741211282288662E-13    4.78430385270303E-13     0.25                     5.0E10                   2700                     6452.148651590586        3725.149760847306        2502.294445801098
1.87336                  0.895568                 6.7                      0.1492537313432836       4.767254029483921E-13    4.804911738937752E-13    0.25                     5.0E10                   2700                     6452.148651590586        3725.149760847306        2502.294445801098
1.87336                  0.895568                 6.8                      0.14705882352941177      4.792432875613195E-13    4.824873810027502E-13    0.25                     5.0E10                   2700                     6452.148651590586        3725.149760847306        2502.294445801098
1.87336                  0.895568                 6.9                      0.14492753623188404      4.816740312762538E-13    4.84417841528859E-13     0.25                     5.0E10                   2700                     6452.148651590586        3725.149760847306        2502.294445801098
1.87336                  0.895568                 7                        0.14285714285714285      4.840175353513363E-13    4.862819957317065E-13    0.25                     5.0E10                   2700                     6452.148651590586        3725.149760847306        2502.294445801098
1.87336                  0.895568                 7.1                      0.14084507042253522      4.862742515596049E-13    4.880797942899429E-13    0.25                     5.0E10                   2700                     6452.148651590586        3725.149760847306        2502.294445801098
1.87336                  0.895568                 7.2                      0.1388888888888889       4.884456264627217E-13    4.89812116367131E-13     0.25                     5.0E10                   2700                     6452.148651590586        3725.149760847306        2502.294445801098
1.87336                  0.895568                 7.3                      0.13698630136986303      4.905319173193455E-13    4.914787197940085E-13    0.25                     5.0E10                   2700                     6452.148651590586        3725.149760847306        2502.294445801098
1.87336                  0.895568                 7.4                      0.13513513513513514      4.925352411453359E-13    4.930811072058256E-13    0.25                     5.0E10                   2700                     6452.148651590586        3725.149760847306        2502.294445801098
1.87336                  0.895568                 7.5                      0.13333333333333333      4.944574634441376E-13    4.946205435652688E-13    0.25                     5.0E10                   2700                     6452.148651590586        3725.149760847306        2502.294445801098
1.87336                  0.895568                 7.6                      0.13157894736842105      4.963006523281022E-13    4.960984849948611E-13    0.25                     5.0E10                   2700                     6452.148651590586        3725.149760847306        2502.294445801098
1.87336                  0.895568                 7.7                      0.12987012987012989      4.980670331817382E-13    4.975165379650839E-13    0.25                     5.0E10                   2700                     6452.148651590586        3725.149760847306        2502.294445801098
1.87336                  0.895568                 7.8                      0.12820512820512822      4.997589494245172E-13    4.988764241325536E-13    0.25                     5.0E10                   2700                     6452.148651590586        3725.149760847306        2502.294445801098
1.87336                  0.895568                 7.9                      0.12658227848101267      5.01378828635438E-13     5.001799501050337E-13    0.25                     5.0E10                   2700                     6452.148651590586        3725.149760847306        2502.294445801098
1.87336                  0.895568                 8                        0.125                    5.029291534788397E-13    5.014289815826312E-13    0.25                     5.0E10                   2700                     6452.148651590586        3725.149760847306        2502.294445801098
1.87336                  0.895568                 8.1                      0.1234567901234568       5.044124368595147E-13    5.026254213092144E-13    0.25                     5.0E10                   2700                     6452.148651590586        3725.149760847306        2502.294445801098
1.87336                  0.895568                 8.2                      0.12195121951219513      5.058312007560055E-13    5.037711903469078E-13    0.25                     5.0E10                   2700                     6452.148651590586        3725.149760847306        2502.294445801098
1.87336                  0.895568                 8.3                      0.12048192771084336      5.071879584343551E-13    5.048682123344816E-13    0.25                     5.0E10                   2700                     6452.148651590586        3725.149760847306        2502.294445801098
1.87336                  0.895568                 8.4                      0.11904761904761904      5.0848519946423E-13      5.059184002547628E-13    0.25                     5.0E10                   2700                     6452.148651590586        3725.149760847306        2502.294445801098
1.87336                  0.895568                 8.5                      0.11764705882352941      5.097253773495917E-13    5.069236454797277E-13    0.25                     5.0E10                   2700                     6452.148651590586        3725.149760847306        2502.294445801098
1.87336                  0.895568                 8.6                      0.11627906976744186      5.109108993510393E-13    5.078858087507109E-13    0.25                     5.0E10                   2700                     6452.148651590586        3725.149760847306        2502.294445801098
1.87336                  0.895568                 8.7                      0.11494252873563218      5.120441182572894E-13    5.088067128503048E-13    0.25                     5.0E10                   2700                     6452.148651590586        3725.149760847306        2502.294445801098
1.87336                  0.895568                 8.8                      0.11363636363636362      5.131273258390386E-13    5.096881367394298E-13    0.25                     5.0E10                   2700                     6452.148651590586        3725.149760847306        2502.294445801098
1.87336                  0.895568                 8.9                      0.11235955056179775      5.141627477967593E-13    5.105318109751787E-13    0.25                     5.0E10                   2700                     6452.148651590586        3725.149760847306        2502.294445801098
1.87336                  0.895568                 9                        0.11111111111111112      5.153182623958191E-13    5.115053865667495E-13    0.25                     5.0E10                   2700                     6452.148651590586        3725.149760847306        2502.294445801098
1.87336                  0.895568                 9.1                      0.1098901098901099       5.162562997291587E-13    5.12271298476659E-13     0.25                     5.0E10                   2700                     6452.148651590586        3725.149760847306        2502.294445801098
1.87336                  0.895568                 9.2                      0.10869565217391305      5.171531874691121E-13    5.130046773040043E-13    0.25                     5.0E10                   2700                     6452.148651590586        3725.149760847306        2502.294445801098
1.87336                  0.895568                 9.3                      0.10752688172043011      5.180108495115291E-13    5.137070227694322E-13    0.25                     5.0E10                   2700                     6452.148651590586        3725.149760847306        2502.294445801098
1.87336                  0.895568                 9.4                      0.10638297872340426      5.188311333093916E-13    5.143797764815713E-13    0.25                     5.0E10                   2700                     6452.148651590586        3725.149760847306        2502.294445801098
1.87336                  0.895568                 9.5                      0.10526315789473685      5.196158103008494E-13    5.150243220131559E-13    0.25                     5.0E10                   2700                     6452.148651590586        3725.149760847306        2502.294445801098
1.87336                  0.895568                 9.6                      0.10416666666666667      5.203665767898556E-13    5.156419853864053E-13    0.25                     5.0E10                   2700                     6452.148651590586        3725.149760847306        2502.294445801098
1.87336                  0.895568                 9.700000000000001        0.1030927835051546       5.210850551256467E-13    5.162340358207591E-13    0.25                     5.0E10                   2700                     6452.148651590586        3725.149760847306        2502.294445801098
1.87336                  0.895568                 9.8                      0.10204081632653059      5.217727953275825E-13    5.168016868325935E-13    0.25                     5.0E10                   2700                     6452.148651590586        3725.149760847306        2502.294445801098
1.87336                  0.895568                 9.9                      0.101010101010101        5.224312768036886E-13    5.173460974677247E-13    0.25                     5.0E10                   2700                     6452.148651590586        3725.149760847306        2502.294445801098
1.87336                  0.895568                 10                       0.1                      5.229987982120414E-13    5.178059885655032E-13    0.25                     5.0E10                   2700                     6452.148651590586        3725.149760847306        2502.294445801098
