1.80347                  0.207914                 0.1                      10                       5.341858420025452E-13    5.333016674092633E-13    0.25                     5.0E10                   2700                     6330.648553751117        3655.0016466531224       2502.294445801098
1.80347                  0.207914                 0.2                      5                        5.899576913184516E-13    5.389813709447922E-13    0.25                     5.0E10                   2700                     6330.648553751117        3655.0016466531224       2502.294445801098
1.80347                  0.207914                 0.30000000000000004      3.3333333333333326       7.383969469347136E-13    5.806037425934271E-13    0.25                     5.0E10                   2700                     6330.648553751117        3655.0016466531224       2502.294445801098
1.80347                  0.207914                 0.4                      2.5                      7.407029058842017E-13    5.651670112082066E-13    0.25                     5.0E10                   2700                     6330.648553751117        3655.0016466531224       2502.294445801098
1.80347                  0.207914                 0.5                      2                        7.805469503905312E-13    6.232271931725413E-13    0.25                     5.0E10                   2700                     6330.648553751117        3655.0016466531224       2502.294445801098
1.80347                  0.207914                 0.6                      1.6666666666666667       6.229154195429921E-13    5.546426124628098E-13    0.25                     5.0E10                   2700                     6330.648553751117        3655.0016466531224       2502.294445801098
1.80347                  0.207914                 0.7000000000000001       1.4285714285714284       5.219366056180825E-13    5.112521982444975E-13    0.25                     5.0E10                   2700                     6330.648553751117        3655.0016466531224       2502.294445801098
1.80347                  0.207914                 0.8                      1.25                     4.746541544188957E-13    4.798513283282447E-13    0.25                     5.0E10                   2700                     6330.648553751117        3655.0016466531224       2502.294445801098
1.80347                  0.207914                 0.9                      1.1111111111111112       4.073397447514459E-13    4.3547532032699505E-13   0.25                     5.0E10                   2700                     6330.648553751117        3655.0016466531224       2502.294445801098
1.80347                  0.207914                 1                        1                        4.615820342125851E-13    5.142822765858024E-13    0.25                     5.0E10                   2700                     6330.648553751117        3655.0016466531224       2502.294445801098
1.80347                  0.207914                 1.1                      0.909090909090909        3.6185814755132216E-13   4.318223034381796E-13    0.25                     5.0E10                   2700                     6330.648553751117        3655.0016466531224       2502.294445801098
1.80347                  0.207914                 1.2000000000000002       0.8333333333333331       2.996407359406611E-13    3.7935685863165237E-13   0.25                     5.0E10                   2700                     6330.648553751117        3655.0016466531224       2502.294445801098
1.80347                  0.207914                 1.3000000000000003       0.769230769230769        3.0613941006849387E-13   4.0937174875271014E-13   0.25                     5.0E10                   2700                     6330.648553751117        3655.0016466531224       2502.294445801098
1.80347                  0.207914                 1.4000000000000001       0.7142857142857142       3.166000891977491E-13    4.4422737912879697E-13   0.25                     5.0E10                   2700                     6330.648553751117        3655.0016466531224       2502.294445801098
1.80347                  0.207914                 1.5000000000000002       0.6666666666666665       3.105059307225456E-13    4.4991566626485403E-13   0.25                     5.0E10                   2700                     6330.648553751117        3655.0016466531224       2502.294445801098
1.80347                  0.207914                 1.6                      0.625                    2.9655731308643406E-13   4.367474404678894E-13    0.25                     5.0E10                   2700                     6330.648553751117        3655.0016466531224       2502.294445801098
1.80347                  0.207914                 1.7000000000000002       0.588235294117647        2.794753277003346E-13    4.1356430894866016E-13   0.25                     5.0E10                   2700                     6330.648553751117        3655.0016466531224       2502.294445801098
1.80347                  0.207914                 1.8000000000000003       0.5555555555555555       2.6499584268681745E-13   3.908433358377384E-13    0.25                     5.0E10                   2700                     6330.648553751117        3655.0016466531224       2502.294445801098
1.80347                  0.207914                 1.9000000000000001       0.5263157894736842       2.585375689742878E-13    3.779724362412473E-13    0.25                     5.0E10                   2700                     6330.648553751117        3655.0016466531224       2502.294445801098
1.80347                  0.207914                 2                        0.5                      2.609536232807316E-13    3.768557699062126E-13    0.25                     5.0E10                   2700                     6330.648553751117        3655.0016466531224       2502.294445801098
1.80347                  0.207914                 2.1                      0.47619047619047616      2.702486922610847E-13    3.8484178307932777E-13   0.25                     5.0E10                   2700                     6330.648553751117        3655.0016466531224       2502.294445801098
1.80347                  0.207914                 2.2                      0.4545454545454545       2.835895596506219E-13    3.9771735006110845E-13   0.25                     5.0E10                   2700                     6330.648553751117        3655.0016466531224       2502.294445801098
1.80347                  0.207914                 2.3000000000000003       0.43478260869565216      2.991195043886742E-13    4.128400493066883E-13    0.25                     5.0E10                   2700                     6330.648553751117        3655.0016466531224       2502.294445801098
1.80347                  0.207914                 2.4000000000000004       0.4166666666666666       3.1567138542951614E-13   4.2858574417946795E-13   0.25                     5.0E10                   2700                     6330.648553751117        3655.0016466531224       2502.294445801098
1.80347                  0.207914                 2.5000000000000004       0.3999999999999999       3.3254732755228603E-13   4.440625422104937E-13    0.25                     5.0E10                   2700                     6330.648553751117        3655.0016466531224       2502.294445801098
1.80347                  0.207914                 2.6                      0.3846153846153846       3.4898822810779874E-13   4.584466700249261E-13    0.25                     5.0E10                   2700                     6330.648553751117        3655.0016466531224       2502.294445801098
1.80347                  0.207914                 2.7                      0.37037037037037035      3.642487908496726E-13    4.709347832810458E-13    0.25                     5.0E10                   2700                     6330.648553751117        3655.0016466531224       2502.294445801098
1.80347                  0.207914                 2.8000000000000003       0.3571428571428571       3.7755216092517426E-13   4.807298369970921E-13    0.25                     5.0E10                   2700                     6330.648553751117        3655.0016466531224       2502.294445801098
1.80347                  0.207914                 2.9000000000000004       0.3448275862068965       3.883283449027173E-13    4.873040293188701E-13    0.25                     5.0E10                   2700                     6330.648553751117        3655.0016466531224       2502.294445801098
1.80347                  0.207914                 3.0000000000000004       0.33333333333333326      3.9636864574079183E-13   4.905657908388904E-13    0.25                     5.0E10                   2700                     6330.648553751117        3655.0016466531224       2502.294445801098
1.80347                  0.207914                 3.1                      0.32258064516129037      4.018490267530578E-13    4.908652390839331E-13    0.25                     5.0E10                   2700                     6330.648553751117        3655.0016466531224       2502.294445801098
1.80347                  0.207914                 3.2                      0.3125                   4.052343989386468E-13    4.888618898483968E-13    0.25                     5.0E10                   2700                     6330.648553751117        3655.0016466531224       2502.294445801098
1.80347                  0.207914                 3.3000000000000003       0.30303030303030304      4.0712753610504537E-13   4.853381695292038E-13    0.25                     5.0E10                   2700                     6330.648553751117        3655.0016466531224       2502.294445801098
1.80347                  0.207914                 3.4000000000000004       0.2941176470588235       4.0813329081343833E-13   4.81020576305874E-13     0.25                     5.0E10                   2700                     6330.648553751117        3655.0016466531224       2502.294445801098
1.80347                  0.207914                 3.5000000000000004       0.2857142857142857       4.0876002021752744E-13   4.765553548439908E-13    0.25                     5.0E10                   2700                     6330.648553751117        3655.0016466531224       2502.294445801098
1.80347                  0.207914                 3.6                      0.2777777777777778       4.09408204897016E-13     4.723835428109915E-13    0.25                     5.0E10                   2700                     6330.648553751117        3655.0016466531224       2502.294445801098
1.80347                  0.207914                 3.7                      0.2702702702702703       4.1034254629063264E-13   4.687963941617706E-13    0.25                     5.0E10                   2700                     6330.648553751117        3655.0016466531224       2502.294445801098
1.80347                  0.207914                 3.8000000000000003       0.2631578947368421       4.117177524477085E-13    4.659534820224476E-13    0.25                     5.0E10                   2700                     6330.648553751117        3655.0016466531224       2502.294445801098
1.80347                  0.207914                 3.9000000000000004       0.2564102564102564       4.1360465228102277E-13   4.63916926961621E-13     0.25                     5.0E10                   2700                     6330.648553751117        3655.0016466531224       2502.294445801098
1.80347                  0.207914                 4                        0.25                     4.1601281169564E-13      4.626802433961417E-13    0.25                     5.0E10                   2700                     6330.648553751117        3655.0016466531224       2502.294445801098
1.80347                  0.207914                 4.1                      0.24390243902439027      4.1891080215698213E-13   4.62192728731579E-13     0.25                     5.0E10                   2700                     6330.648553751117        3655.0016466531224       2502.294445801098
1.80347                  0.207914                 4.2                      0.23809523809523808      4.2224174379250223E-13   4.623775692620064E-13    0.25                     5.0E10                   2700                     6330.648553751117        3655.0016466531224       2502.294445801098
1.80347                  0.207914                 4.3                      0.23255813953488372      4.2593479208983606E-13   4.631447667284972E-13    0.25                     5.0E10                   2700                     6330.648553751117        3655.0016466531224       2502.294445801098
1.80347                  0.207914                 4.3999999999999995       0.22727272727272732      4.299133246209337E-13    4.644000238549617E-13    0.25                     5.0E10                   2700                     6330.648553751117        3655.0016466531224       2502.294445801098
1.80347                  0.207914                 4.5                      0.22222222222222224      4.3410059667979035E-13   4.660506414666146E-13    0.25                     5.0E10                   2700                     6330.648553751117        3655.0016466531224       2502.294445801098
1.80347                  0.207914                 4.6                      0.2173913043478261       4.3842351501525563E-13   4.680092722476224E-13    0.25                     5.0E10                   2700                     6330.648553751117        3655.0016466531224       2502.294445801098
1.80347                  0.207914                 4.7                      0.2127659574468085       4.428150335539412E-13    4.701961630162916E-13    0.25                     5.0E10                   2700                     6330.648553751117        3655.0016466531224       2502.294445801098
1.80347                  0.207914                 4.8                      0.20833333333333334      4.4721554676690833E-13   4.725403406756823E-13    0.25                     5.0E10                   2700                     6330.648553751117        3655.0016466531224       2502.294445801098
1.80347                  0.207914                 4.9                      0.20408163265306117      4.515741351797986E-13    4.749805552747481E-13    0.25                     5.0E10                   2700                     6330.648553751117        3655.0016466531224       2502.294445801098
1.80347                  0.207914                 5                        0.2                      4.558469179659303E-13    4.77460133866864E-13     0.25                     5.0E10                   2700                     6330.648553751117        3655.0016466531224       2502.294445801098
1.80347                  0.207914                 5.1                      0.19607843137254904      4.599940323721394E-13    4.799405186592546E-13    0.25                     5.0E10                   2700                     6330.648553751117        3655.0016466531224       2502.294445801098
1.80347                  0.207914                 5.2                      0.1923076923076923       4.639923327066155E-13    4.823838274188248E-13    0.25                     5.0E10                   2700                     6330.648553751117        3655.0016466531224       2502.294445801098
1.80347                  0.207914                 5.3                      0.18867924528301888      4.678212940941398E-13    4.847621850892705E-13    0.25                     5.0E10                   2700                     6330.648553751117        3655.0016466531224       2502.294445801098
1.80347                  0.207914                 5.4                      0.18518518518518517      4.714664966595062E-13    4.870542666529258E-13    0.25                     5.0E10                   2700                     6330.648553751117        3655.0016466531224       2502.294445801098
1.80347                  0.207914                 5.5                      0.18181818181818182      4.749188455621186E-13    4.89244462450679E-13     0.25                     5.0E10                   2700                     6330.648553751117        3655.0016466531224       2502.294445801098
1.80347                  0.207914                 5.6                      0.17857142857142858      4.781737915357694E-13    4.913220612808889E-13    0.25                     5.0E10                   2700                     6330.648553751117        3655.0016466531224       2502.294445801098
1.80347                  0.207914                 5.7                      0.17543859649122806      4.812305809334064E-13    4.932804757253719E-13    0.25                     5.0E10                   2700                     6330.648553751117        3655.0016466531224       2502.294445801098
1.80347                  0.207914                 5.8                      0.1724137931034483       4.840915554686915E-13    4.951165259397302E-13    0.25                     5.0E10                   2700                     6330.648553751117        3655.0016466531224       2502.294445801098
1.80347                  0.207914                 5.9                      0.1694915254237288       4.867615146368737E-13    4.968297917477287E-13    0.25                     5.0E10                   2700                     6330.648553751117        3655.0016466531224       2502.294445801098
1.80347                  0.207914                 6                        0.16666666666666666      4.892471479165957E-13    4.984220376316886E-13    0.25                     5.0E10                   2700                     6330.648553751117        3655.0016466531224       2502.294445801098
1.80347                  0.207914                 6.1                      0.16393442622950818      4.915565391593735E-13    4.99896711349479E-13     0.25                     5.0E10                   2700                     6330.648553751117        3655.0016466531224       2502.294445801098
1.80347                  0.207914                 6.2                      0.16129032258064518      4.936987422090718E-13    5.012585139273515E-13    0.25                     5.0E10                   2700                     6330.648553751117        3655.0016466531224       2502.294445801098
1.80347                  0.207914                 6.3                      0.15873015873015872      4.956834242363297E-13    5.025130367692722E-13    0.25                     5.0E10                   2700                     6330.648553751117        3655.0016466531224       2502.294445801098
1.80347                  0.207914                 6.4                      0.15625                  4.975205716291869E-13    5.036664603090345E-13    0.25                     5.0E10                   2700                     6330.648553751117        3655.0016466531224       2502.294445801098
1.80347                  0.207914                 6.5                      0.15384615384615383      4.992202522715609E-13    5.047253078915014E-13    0.25                     5.0E10                   2700                     6330.648553751117        3655.0016466531224       2502.294445801098
1.80347                  0.207914                 6.6                      0.15151515151515152      5.007924276750876E-13    5.056962483212101E-13    0.25                     5.0E10                   2700                     6330.648553751117        3655.0016466531224       2502.294445801098
1.80347                  0.207914                 6.7                      0.1492537313432836       5.022468083166624E-13    5.065859406101224E-13    0.25                     5.0E10                   2700                     6330.648553751117        3655.0016466531224       2502.294445801098
1.80347                  0.207914                 6.8                      0.14705882352941177      5.0359274582816E-13      5.074009147031447E-13    0.25                     5.0E10                   2700                     6330.648553751117        3655.0016466531224       2502.294445801098
1.80347                  0.207914                 6.9                      0.14492753623188404      5.048391560581549E-13    5.081474824958135E-13    0.25                     5.0E10                   2700                     6330.648553751117        3655.0016466531224       2502.294445801098
1.80347                  0.207914                 7                        0.14285714285714285      5.059944676843618E-13    5.088316739612532E-13    0.25                     5.0E10                   2700                     6330.648553751117        3655.0016466531224       2502.294445801098
1.80347                  0.207914                 7.1                      0.14084507042253522      5.070665914725358E-13    5.094591938107501E-13    0.25                     5.0E10                   2700                     6330.648553751117        3655.0016466531224       2502.294445801098
1.80347                  0.207914                 7.2                      0.1388888888888889       5.080629061563599E-13    5.100353947282795E-13    0.25                     5.0E10                   2700                     6330.648553751117        3655.0016466531224       2502.294445801098
1.80347                  0.207914                 7.3                      0.13698630136986303      5.089921304122787E-13    5.105669454764373E-13    0.25                     5.0E10                   2700                     6330.648553751117        3655.0016466531224       2502.294445801098
1.80347                  0.207914                 7.4                      0.13513513513513514      5.098568979432303E-13    5.110551593062662E-13    0.25                     5.0E10                   2700                     6330.648553751117        3655.0016466531224       2502.294445801098
1.80347                  0.207914                 7.5                      0.13333333333333333      5.106648334891281E-13    5.115059111707578E-13    0.25                     5.0E10                   2700                     6330.648553751117        3655.0016466531224       2502.294445801098
1.80347                  0.207914                 7.6                      0.13157894736842105      5.11421262187722E-13     5.119230995985557E-13    0.25                     5.0E10                   2700                     6330.648553751117        3655.0016466531224       2502.294445801098
1.80347                  0.207914                 7.7                      0.12987012987012989      5.121310469797671E-13    5.123102829247525E-13    0.25                     5.0E10                   2700                     6330.648553751117        3655.0016466531224       2502.294445801098
1.80347                  0.207914                 7.8                      0.12820512820512822      5.127986158428369E-13    5.126706965204452E-13    0.25                     5.0E10                   2700                     6330.648553751117        3655.0016466531224       2502.294445801098
1.80347                  0.207914                 7.9                      0.12658227848101267      5.134279901872156E-13    5.130072717966686E-13    0.25                     5.0E10                   2700                     6330.648553751117        3655.0016466531224       2502.294445801098
1.80347                  0.207914                 8                        0.125                    5.140228136230566E-13    5.133226562288383E-13    0.25                     5.0E10                   2700                     6330.648553751117        3655.0016466531224       2502.294445801098
1.80347                  0.207914                 8.1                      0.1234567901234568       5.145863804825357E-13    5.136192337167238E-13    0.25                     5.0E10                   2700                     6330.648553751117        3655.0016466531224       2502.294445801098
1.80347                  0.207914                 8.2                      0.12195121951219513      5.151216635295994E-13    5.138991447962082E-13    0.25                     5.0E10                   2700                     6330.648553751117        3655.0016466531224       2502.294445801098
1.80347                  0.207914                 8.3                      0.12048192771084336      5.156313407165437E-13    5.14164306413922E-13     0.25                     5.0E10                   2700                     6330.648553751117        3655.0016466531224       2502.294445801098
1.80347                  0.207914                 8.4                      0.11904761904761904      5.161178205100825E-13    5.144164308971832E-13    0.25                     5.0E10                   2700                     6330.648553751117        3655.0016466531224       2502.294445801098
1.80347                  0.207914                 8.5                      0.11764705882352941      5.165832658795775E-13    5.146570440515034E-13    0.25                     5.0E10                   2700                     6330.648553751117        3655.0016466531224       2502.294445801098
1.80347                  0.207914                 8.6                      0.11627906976744186      5.170296167003239E-13    5.14887502216628E-13     0.25                     5.0E10                   2700                     6330.648553751117        3655.0016466531224       2502.294445801098
1.80347                  0.207914                 8.7                      0.11494252873563218      5.174586106322059E-13    5.1510900822962E-13      0.25                     5.0E10                   2700                     6330.648553751117        3655.0016466531224       2502.294445801098
1.80347                  0.207914                 8.8                      0.11363636363636362      5.178718023904809E-13    5.153226262485733E-13    0.25                     5.0E10                   2700                     6330.648553751117        3655.0016466531224       2502.294445801098
1.80347                  0.207914                 8.9                      0.11235955056179775      5.182705815947193E-13    5.155292955036068E-13    0.25                     5.0E10                   2700                     6330.648553751117        3655.0016466531224       2502.294445801098
1.80347                  0.207914                 9                        0.11111111111111112      5.186561890760862E-13    5.157298429215448E-13    0.25                     5.0E10                   2700                     6330.648553751117        3655.0016466531224       2502.294445801098
1.80347                  0.207914                 9.1                      0.1098901098901099       5.190297318361362E-13    5.159249947176511E-13    0.25                     5.0E10                   2700                     6330.648553751117        3655.0016466531224       2502.294445801098
1.80347                  0.207914                 9.2                      0.10869565217391305      5.193921966759736E-13    5.16115386976107E-13     0.25                     5.0E10                   2700                     6330.648553751117        3655.0016466531224       2502.294445801098
1.80347                  0.207914                 9.3                      0.10752688172043011      5.197444626024802E-13    5.163015752859062E-13    0.25                     5.0E10                   2700                     6330.648553751117        3655.0016466531224       2502.294445801098
1.80347                  0.207914                 9.4                      0.10638297872340426      5.200873120826607E-13    5.164840434993457E-13    0.25                     5.0E10                   2700                     6330.648553751117        3655.0016466531224       2502.294445801098
1.80347                  0.207914                 9.5                      0.10526315789473685      5.20421441246414E-13     5.166632116489902E-13    0.25                     5.0E10                   2700                     6330.648553751117        3655.0016466531224       2502.294445801098
1.80347                  0.207914                 9.6                      0.10416666666666667      5.207474690969164E-13    5.168394431202905E-13    0.25                     5.0E10                   2700                     6330.648553751117        3655.0016466531224       2502.294445801098
1.80347                  0.207914                 9.700000000000001        0.1030927835051546       5.210659458143441E-13    5.170130510937348E-13    0.25                     5.0E10                   2700                     6330.648553751117        3655.0016466531224       2502.294445801098
1.80347                  0.207914                 9.8                      0.10204081632653059      5.21377360276209E-13     5.171843043716131E-13    0.25                     5.0E10                   2700                     6330.648553751117        3655.0016466531224       2502.294445801098
1.80347                  0.207914                 9.9                      0.101010101010101        5.216821467632432E-13    5.173534325858305E-13    0.25                     5.0E10                   2700                     6330.648553751117        3655.0016466531224       2502.294445801098
1.80347                  0.207914                 10                       0.1                      5.220011553424574E-13    5.174811837875084E-13    0.25                     5.0E10                   2700                     6330.648553751117        3655.0016466531224       2502.294445801098
