1.40702                  0.785406                 0.1                      10                       5.331218411891967E-13    5.331341031735245E-13    0.25                     5.0E10                   2700                     5591.700198607854        3228.3696148939284       2502.294445801098
1.40702                  0.785406                 0.2                      5                        5.335136591409538E-13    5.331768574726656E-13    0.25                     5.0E10                   2700                     5591.700198607854        3228.3696148939284       2502.294445801098
1.40702                  0.785406                 0.30000000000000004      3.3333333333333326       5.368100664978677E-13    5.363876622648362E-13    0.25                     5.0E10                   2700                     5591.700198607854        3228.3696148939284       2502.294445801098
1.40702                  0.785406                 0.4                      2.5                      5.320772284731685E-13    5.33894608069915E-13     0.25                     5.0E10                   2700                     5591.700198607854        3228.3696148939284       2502.294445801098
1.40702                  0.785406                 0.5                      2                        5.318118337513328E-13    5.358266420896739E-13    0.25                     5.0E10                   2700                     5591.700198607854        3228.3696148939284       2502.294445801098
1.40702                  0.785406                 0.6                      1.6666666666666667       5.382415482300122E-13    5.427984635755434E-13    0.25                     5.0E10                   2700                     5591.700198607854        3228.3696148939284       2502.294445801098
1.40702                  0.785406                 0.7000000000000001       1.4285714285714284       5.458952004774873E-13    5.471346755440858E-13    0.25                     5.0E10                   2700                     5591.700198607854        3228.3696148939284       2502.294445801098
1.40702                  0.785406                 0.8                      1.25                     5.624191105688949E-13    5.499426333428838E-13    0.25                     5.0E10                   2700                     5591.700198607854        3228.3696148939284       2502.294445801098
1.40702                  0.785406                 0.9                      1.1111111111111112       5.790289846974468E-13    5.542924379261623E-13    0.25                     5.0E10                   2700                     5591.700198607854        3228.3696148939284       2502.294445801098
1.40702                  0.785406                 1                        1                        6.025643549715894E-13    5.592815135028437E-13    0.25                     5.0E10                   2700                     5591.700198607854        3228.3696148939284       2502.294445801098
1.40702                  0.785406                 1.1                      0.909090909090909        6.231944503882059E-13    5.699048191032511E-13    0.25                     5.0E10                   2700                     5591.700198607854        3228.3696148939284       2502.294445801098
1.40702                  0.785406                 1.2000000000000002       0.8333333333333331       6.252731908477208E-13    5.615663291090533E-13    0.25                     5.0E10                   2700                     5591.700198607854        3228.3696148939284       2502.294445801098
1.40702                  0.785406                 1.3000000000000003       0.769230769230769        6.390652378516455E-13    5.616861169201786E-13    0.25                     5.0E10                   2700                     5591.700198607854        3228.3696148939284       2502.294445801098
1.40702                  0.785406                 1.4000000000000001       0.7142857142857142       6.616818026066748E-13    5.767115078724698E-13    0.25                     5.0E10                   2700                     5591.700198607854        3228.3696148939284       2502.294445801098
1.40702                  0.785406                 1.5000000000000002       0.6666666666666665       6.553937177680264E-13    5.737278113897542E-13    0.25                     5.0E10                   2700                     5591.700198607854        3228.3696148939284       2502.294445801098
1.40702                  0.785406                 1.6                      0.625                    6.310818379930914E-13    5.567089779833616E-13    0.25                     5.0E10                   2700                     5591.700198607854        3228.3696148939284       2502.294445801098
1.40702                  0.785406                 1.7000000000000002       0.588235294117647        6.176471702684955E-13    5.493732152268886E-13    0.25                     5.0E10                   2700                     5591.700198607854        3228.3696148939284       2502.294445801098
1.40702                  0.785406                 1.8000000000000003       0.5555555555555555       6.085109321930214E-13    5.476084181584343E-13    0.25                     5.0E10                   2700                     5591.700198607854        3228.3696148939284       2502.294445801098
1.40702                  0.785406                 1.9000000000000001       0.5263157894736842       5.942248716774738E-13    5.438756990581038E-13    0.25                     5.0E10                   2700                     5591.700198607854        3228.3696148939284       2502.294445801098
1.40702                  0.785406                 2                        0.5                      5.740152338337917E-13    5.366783039889917E-13    0.25                     5.0E10                   2700                     5591.700198607854        3228.3696148939284       2502.294445801098
1.40702                  0.785406                 2.1                      0.47619047619047616      5.506454279594709E-13    5.26861096332463E-13     0.25                     5.0E10                   2700                     5591.700198607854        3228.3696148939284       2502.294445801098
1.40702                  0.785406                 2.2                      0.4545454545454545       5.281660382034636E-13    5.166713829600401E-13    0.25                     5.0E10                   2700                     5591.700198607854        3228.3696148939284       2502.294445801098
1.40702                  0.785406                 2.3000000000000003       0.43478260869565216      5.101917723694381E-13    5.087671631701042E-13    0.25                     5.0E10                   2700                     5591.700198607854        3228.3696148939284       2502.294445801098
1.40702                  0.785406                 2.4000000000000004       0.4166666666666666       4.987552485949673E-13    5.050724133605591E-13    0.25                     5.0E10                   2700                     5591.700198607854        3228.3696148939284       2502.294445801098
1.40702                  0.785406                 2.5000000000000004       0.3999999999999999       4.939772479310589E-13    5.060531474153383E-13    0.25                     5.0E10                   2700                     5591.700198607854        3228.3696148939284       2502.294445801098
1.40702                  0.785406                 2.6                      0.3846153846153846       4.945008508053719E-13    5.108372820396159E-13    0.25                     5.0E10                   2700                     5591.700198607854        3228.3696148939284       2502.294445801098
1.40702                  0.785406                 2.7                      0.37037037037037035      4.984033310892994E-13    5.178774306061597E-13    0.25                     5.0E10                   2700                     5591.700198607854        3228.3696148939284       2502.294445801098
1.40702                  0.785406                 2.8000000000000003       0.3571428571428571       5.031390926974179E-13    5.248994162975133E-13    0.25                     5.0E10                   2700                     5591.700198607854        3228.3696148939284       2502.294445801098
1.40702                  0.785406                 2.9000000000000004       0.3448275862068965       5.070322499388904E-13    5.303996193889352E-13    0.25                     5.0E10                   2700                     5591.700198607854        3228.3696148939284       2502.294445801098
1.40702                  0.785406                 3.0000000000000004       0.33333333333333326      5.08894316429573E-13     5.333048583898668E-13    0.25                     5.0E10                   2700                     5591.700198607854        3228.3696148939284       2502.294445801098
1.40702                  0.785406                 3.1                      0.32258064516129037      5.0827692477812E-13      5.33255188690754E-13     0.25                     5.0E10                   2700                     5591.700198607854        3228.3696148939284       2502.294445801098
1.40702                  0.785406                 3.2                      0.3125                   5.053487956248328E-13    5.304989100942834E-13    0.25                     5.0E10                   2700                     5591.700198607854        3228.3696148939284       2502.294445801098
1.40702                  0.785406                 3.3000000000000003       0.30303030303030304      5.006599183398915E-13    5.256622412159501E-13    0.25                     5.0E10                   2700                     5591.700198607854        3228.3696148939284       2502.294445801098
1.40702                  0.785406                 3.4000000000000004       0.2941176470588235       4.948992011252476E-13    5.19515871060257E-13     0.25                     5.0E10                   2700                     5591.700198607854        3228.3696148939284       2502.294445801098
1.40702                  0.785406                 3.5000000000000004       0.2857142857142857       4.887206600445348E-13    5.127555393946099E-13    0.25                     5.0E10                   2700                     5591.700198607854        3228.3696148939284       2502.294445801098
1.40702                  0.785406                 3.6                      0.2777777777777778       4.826503995527257E-13    5.059723802747849E-13    0.25                     5.0E10                   2700                     5591.700198607854        3228.3696148939284       2502.294445801098
1.40702                  0.785406                 3.7                      0.2702702702702703       4.770588719712018E-13    4.995797215060501E-13    0.25                     5.0E10                   2700                     5591.700198607854        3228.3696148939284       2502.294445801098
1.40702                  0.785406                 3.8000000000000003       0.2631578947368421       4.721736243551541E-13    4.938380617846089E-13    0.25                     5.0E10                   2700                     5591.700198607854        3228.3696148939284       2502.294445801098
1.40702                  0.785406                 3.9000000000000004       0.2564102564102564       4.681081903261755E-13    4.888854899837959E-13    0.25                     5.0E10                   2700                     5591.700198607854        3228.3696148939284       2502.294445801098
1.40702                  0.785406                 4                        0.25                     4.648741006574339E-13    4.847510563125389E-13    0.25                     5.0E10                   2700                     5591.700198607854        3228.3696148939284       2502.294445801098
1.40702                  0.785406                 4.1                      0.24390243902439027      4.624951552537327E-13    4.814729977115611E-13    0.25                     5.0E10                   2700                     5591.700198607854        3228.3696148939284       2502.294445801098
1.40702                  0.785406                 4.2                      0.23809523809523808      4.608845929946671E-13    4.789716596212078E-13    0.25                     5.0E10                   2700                     5591.700198607854        3228.3696148939284       2502.294445801098
1.40702                  0.785406                 4.3                      0.23255813953488372      4.599662944266775E-13    4.771772417337835E-13    0.25                     5.0E10                   2700                     5591.700198607854        3228.3696148939284       2502.294445801098
1.40702                  0.785406                 4.3999999999999995       0.22727272727272732      4.596564896687084E-13    4.760103330660696E-13    0.25                     5.0E10                   2700                     5591.700198607854        3228.3696148939284       2502.294445801098
1.40702                  0.785406                 4.5                      0.22222222222222224      4.598706759020417E-13    4.753893544777223E-13    0.25                     5.0E10                   2700                     5591.700198607854        3228.3696148939284       2502.294445801098
1.40702                  0.785406                 4.6                      0.2173913043478261       4.605278540597038E-13    4.752352047262863E-13    0.25                     5.0E10                   2700                     5591.700198607854        3228.3696148939284       2502.294445801098
1.40702                  0.785406                 4.7                      0.2127659574468085       4.615529647782178E-13    4.75473989287505E-13     0.25                     5.0E10                   2700                     5591.700198607854        3228.3696148939284       2502.294445801098
1.40702                  0.785406                 4.8                      0.20833333333333334      4.628781143066447E-13    4.760384545417201E-13    0.25                     5.0E10                   2700                     5591.700198607854        3228.3696148939284       2502.294445801098
1.40702                  0.785406                 4.9                      0.20408163265306117      4.644430091431484E-13    4.768685701994764E-13    0.25                     5.0E10                   2700                     5591.700198607854        3228.3696148939284       2502.294445801098
1.40702                  0.785406                 5                        0.2                      4.662027793402466E-13    4.779148867125285E-13    0.25                     5.0E10                   2700                     5591.700198607854        3228.3696148939284       2502.294445801098
1.40702                  0.785406                 5.1                      0.19607843137254904      4.680942547369465E-13    4.791243233535445E-13    0.25                     5.0E10                   2700                     5591.700198607854        3228.3696148939284       2502.294445801098
1.40702                  0.785406                 5.2                      0.1923076923076923       4.700877612506189E-13    4.80461080588449E-13     0.25                     5.0E10                   2700                     5591.700198607854        3228.3696148939284       2502.294445801098
1.40702                  0.785406                 5.3                      0.18867924528301888      4.721505783171526E-13    4.81891958973576E-13     0.25                     5.0E10                   2700                     5591.700198607854        3228.3696148939284       2502.294445801098
1.40702                  0.785406                 5.4                      0.18518518518518517      4.742551360219092E-13    4.833888508627738E-13    0.25                     5.0E10                   2700                     5591.700198607854        3228.3696148939284       2502.294445801098
1.40702                  0.785406                 5.5                      0.18181818181818182      4.763785604862508E-13    4.849282922268638E-13    0.25                     5.0E10                   2700                     5591.700198607854        3228.3696148939284       2502.294445801098
1.40702                  0.785406                 5.6                      0.17857142857142858      4.785020662863739E-13    4.864908703649752E-13    0.25                     5.0E10                   2700                     5591.700198607854        3228.3696148939284       2502.294445801098
1.40702                  0.785406                 5.7                      0.17543859649122806      4.806103957955408E-13    4.880606747601389E-13    0.25                     5.0E10                   2700                     5591.700198607854        3228.3696148939284       2502.294445801098
1.40702                  0.785406                 5.8                      0.1724137931034483       4.826913113828326E-13    4.896247980972941E-13    0.25                     5.0E10                   2700                     5591.700198607854        3228.3696148939284       2502.294445801098
1.40702                  0.785406                 5.9                      0.1694915254237288       4.847351422293873E-13    4.911728899156132E-13    0.25                     5.0E10                   2700                     5591.700198607854        3228.3696148939284       2502.294445801098
1.40702                  0.785406                 6                        0.16666666666666666      4.867343846053811E-13    4.926967622426361E-13    0.25                     5.0E10                   2700                     5591.700198607854        3228.3696148939284       2502.294445801098
1.40702                  0.785406                 6.1                      0.16393442622950818      4.8868335268274E-13      4.941900447079982E-13    0.25                     5.0E10                   2700                     5591.700198607854        3228.3696148939284       2502.294445801098
1.40702                  0.785406                 6.2                      0.16129032258064518      4.905778761208932E-13    4.956478855711484E-13    0.25                     5.0E10                   2700                     5591.700198607854        3228.3696148939284       2502.294445801098
1.40702                  0.785406                 6.3                      0.15873015873015872      4.92415039930258E-13     4.970666944120403E-13    0.25                     5.0E10                   2700                     5591.700198607854        3228.3696148939284       2502.294445801098
1.40702                  0.785406                 6.4                      0.15625                  4.941929622126563E-13    4.984439221752846E-13    0.25                     5.0E10                   2700                     5591.700198607854        3228.3696148939284       2502.294445801098
1.40702                  0.785406                 6.5                      0.15384615384615383      4.959106052547711E-13    4.997778741877399E-13    0.25                     5.0E10                   2700                     5591.700198607854        3228.3696148939284       2502.294445801098
1.40702                  0.785406                 6.6                      0.15151515151515152      4.975676158382433E-13    5.010675520524018E-13    0.25                     5.0E10                   2700                     5591.700198607854        3228.3696148939284       2502.294445801098
1.40702                  0.785406                 6.7                      0.1492537313432836       4.991641908954196E-13    5.023125206183405E-13    0.25                     5.0E10                   2700                     5591.700198607854        3228.3696148939284       2502.294445801098
1.40702                  0.785406                 6.8                      0.14705882352941177      5.007014556458591E-13    5.03513250894219E-13     0.25                     5.0E10                   2700                     5591.700198607854        3228.3696148939284       2502.294445801098
1.40702                  0.785406                 6.9                      0.14492753623188404      5.021794391396364E-13    5.046692378061598E-13    0.25                     5.0E10                   2700                     5591.700198607854        3228.3696148939284       2502.294445801098
1.40702                  0.785406                 7                        0.14285714285714285      5.035998448735277E-13    5.057815654039003E-13    0.25                     5.0E10                   2700                     5591.700198607854        3228.3696148939284       2502.294445801098
1.40702                  0.785406                 7.1                      0.14084507042253522      5.049641178627374E-13    5.068511080499734E-13    0.25                     5.0E10                   2700                     5591.700198607854        3228.3696148939284       2502.294445801098
1.40702                  0.785406                 7.2                      0.1388888888888889       5.062738512333893E-13    5.078789049844481E-13    0.25                     5.0E10                   2700                     5591.700198607854        3228.3696148939284       2502.294445801098
1.40702                  0.785406                 7.3                      0.13698630136986303      5.075307426123448E-13    5.088661170503011E-13    0.25                     5.0E10                   2700                     5591.700198607854        3228.3696148939284       2502.294445801098
1.40702                  0.785406                 7.4                      0.13513513513513514      5.087365586448543E-13    5.098139913822112E-13    0.25                     5.0E10                   2700                     5591.700198607854        3228.3696148939284       2502.294445801098
1.40702                  0.785406                 7.5                      0.13333333333333333      5.098931061022405E-13    5.107238326509265E-13    0.25                     5.0E10                   2700                     5591.700198607854        3228.3696148939284       2502.294445801098
1.40702                  0.785406                 7.6                      0.13157894736842105      5.110022086790884E-13    5.11596979859961E-13     0.25                     5.0E10                   2700                     5591.700198607854        3228.3696148939284       2502.294445801098
1.40702                  0.785406                 7.7                      0.12987012987012989      5.12065688364767E-13     5.124347876667284E-13    0.25                     5.0E10                   2700                     5591.700198607854        3228.3696148939284       2502.294445801098
1.40702                  0.785406                 7.8                      0.12820512820512822      5.130853507055197E-13    5.132386115154378E-13    0.25                     5.0E10                   2700                     5591.700198607854        3228.3696148939284       2502.294445801098
1.40702                  0.785406                 7.9                      0.12658227848101267      5.142237248712615E-13    5.141599877813183E-13    0.25                     5.0E10                   2700                     5591.700198607854        3228.3696148939284       2502.294445801098
1.40702                  0.785406                 8                        0.125                    5.151533277046012E-13    5.148932113471532E-13    0.25                     5.0E10                   2700                     5591.700198607854        3228.3696148939284       2502.294445801098
1.40702                  0.785406                 8.1                      0.1234567901234568       5.160445652063763E-13    5.155966443478661E-13    0.25                     5.0E10                   2700                     5591.700198607854        3228.3696148939284       2502.294445801098
1.40702                  0.785406                 8.2                      0.12195121951219513      5.168990972532632E-13    5.162715556673163E-13    0.25                     5.0E10                   2700                     5591.700198607854        3228.3696148939284       2502.294445801098
1.40702                  0.785406                 8.3                      0.12048192771084336      5.177185289805117E-13    5.16919176378687E-13     0.25                     5.0E10                   2700                     5591.700198607854        3228.3696148939284       2502.294445801098
1.40702                  0.785406                 8.4                      0.11904761904761904      5.185044084707088E-13    5.175406969688459E-13    0.25                     5.0E10                   2700                     5591.700198607854        3228.3696148939284       2502.294445801098
1.40702                  0.785406                 8.5                      0.11764705882352941      5.192582254720125E-13    5.181372655472644E-13    0.25                     5.0E10                   2700                     5591.700198607854        3228.3696148939284       2502.294445801098
1.40702                  0.785406                 8.6                      0.11627906976744186      5.199814108865254E-13    5.187099868199581E-13    0.25                     5.0E10                   2700                     5591.700198607854        3228.3696148939284       2502.294445801098
1.40702                  0.785406                 8.7                      0.11494252873563218      5.206753368981241E-13    5.19259921680727E-13     0.25                     5.0E10                   2700                     5591.700198607854        3228.3696148939284       2502.294445801098
1.40702                  0.785406                 8.8                      0.11363636363636362      5.213413175771922E-13    5.197880872829454E-13    0.25                     5.0E10                   2700                     5591.700198607854        3228.3696148939284       2502.294445801098
1.40702                  0.785406                 8.9                      0.11235955056179775      5.219806099060172E-13    5.202954575114904E-13    0.25                     5.0E10                   2700                     5591.700198607854        3228.3696148939284       2502.294445801098
1.40702                  0.785406                 9                        0.11111111111111112      5.225944150908529E-13    5.207829637558236E-13    0.25                     5.0E10                   2700                     5591.700198607854        3228.3696148939284       2502.294445801098
1.40702                  0.785406                 9.1                      0.1098901098901099       5.231838800604425E-13    5.212514958770277E-13    0.25                     5.0E10                   2700                     5591.700198607854        3228.3696148939284       2502.294445801098
1.40702                  0.785406                 9.2                      0.10869565217391305      5.237500991757379E-13    5.217019033812301E-13    0.25                     5.0E10                   2700                     5591.700198607854        3228.3696148939284       2502.294445801098
1.40702                  0.785406                 9.3                      0.10752688172043011      5.242941160289047E-13    5.221349966961683E-13    0.25                     5.0E10                   2700                     5591.700198607854        3228.3696148939284       2502.294445801098
1.40702                  0.785406                 9.4                      0.10638297872340426      5.248169253117517E-13    5.225515485368157E-13    0.25                     5.0E10                   2700                     5591.700198607854        3228.3696148939284       2502.294445801098
1.40702                  0.785406                 9.5                      0.10526315789473685      5.253194747218349E-13    5.229522953078451E-13    0.25                     5.0E10                   2700                     5591.700198607854        3228.3696148939284       2502.294445801098
1.40702                  0.785406                 9.6                      0.10416666666666667      5.258026669158357E-13    5.233379385706024E-13    0.25                     5.0E10                   2700                     5591.700198607854        3228.3696148939284       2502.294445801098
1.40702                  0.785406                 9.700000000000001        0.1030927835051546       5.262673613855147E-13    5.237091464678198E-13    0.25                     5.0E10                   2700                     5591.700198607854        3228.3696148939284       2502.294445801098
1.40702                  0.785406                 9.8                      0.10204081632653059      5.267143764155899E-13    5.240665552000617E-13    0.25                     5.0E10                   2700                     5591.700198607854        3228.3696148939284       2502.294445801098
1.40702                  0.785406                 9.9                      0.101010101010101        5.271444908883465E-13    5.244107704194041E-13    0.25                     5.0E10                   2700                     5591.700198607854        3228.3696148939284       2502.294445801098
1.40702                  0.785406                 10                       0.1                      5.274886582983161E-13    5.246708775140725E-13    0.25                     5.0E10                   2700                     5591.700198607854        3228.3696148939284       2502.294445801098
