0.91011                  0.276212                 0.1                      10                       5.331169300697832E-13    5.331430850679251E-13    0.25                     5.0E10                   2700                     4497.184304280476        2596.4505686716925       2502.294445801098
0.91011                  0.276212                 0.2                      5                        5.274681267627007E-13    5.317487306221596E-13    0.25                     5.0E10                   2700                     4497.184304280476        2596.4505686716925       2502.294445801098
0.91011                  0.276212                 0.30000000000000004      3.3333333333333326       5.12569044933763E-13     5.274726798343792E-13    0.25                     5.0E10                   2700                     4497.184304280476        2596.4505686716925       2502.294445801098
0.91011                  0.276212                 0.4                      2.5                      4.984570851479169E-13    5.197138136082018E-13    0.25                     5.0E10                   2700                     4497.184304280476        2596.4505686716925       2502.294445801098
0.91011                  0.276212                 0.5                      2                        4.999210344607729E-13    5.199546888692792E-13    0.25                     5.0E10                   2700                     4497.184304280476        2596.4505686716925       2502.294445801098
0.91011                  0.276212                 0.6                      1.6666666666666667       4.986510057625252E-13    5.175528703402328E-13    0.25                     5.0E10                   2700                     4497.184304280476        2596.4505686716925       2502.294445801098
0.91011                  0.276212                 0.7000000000000001       1.4285714285714284       5.121224776892931E-13    5.285662443640295E-13    0.25                     5.0E10                   2700                     4497.184304280476        2596.4505686716925       2502.294445801098
0.91011                  0.276212                 0.8                      1.25                     5.119059171179745E-13    5.237376398600962E-13    0.25                     5.0E10                   2700                     4497.184304280476        2596.4505686716925       2502.294445801098
0.91011                  0.276212                 0.9                      1.1111111111111112       5.122338661854731E-13    5.258986843441942E-13    0.25                     5.0E10                   2700                     4497.184304280476        2596.4505686716925       2502.294445801098
0.91011                  0.276212                 1                        1                        5.212336682173006E-13    5.311994879628913E-13    0.25                     5.0E10                   2700                     4497.184304280476        2596.4505686716925       2502.294445801098
0.91011                  0.276212                 1.1                      0.909090909090909        5.224483496207447E-13    5.319703001585419E-13    0.25                     5.0E10                   2700                     4497.184304280476        2596.4505686716925       2502.294445801098
0.91011                  0.276212                 1.2000000000000002       0.8333333333333331       5.440413522465494E-13    5.500442978379551E-13    0.25                     5.0E10                   2700                     4497.184304280476        2596.4505686716925       2502.294445801098
0.91011                  0.276212                 1.3000000000000003       0.769230769230769        5.506422293170894E-13    5.497186408127379E-13    0.25                     5.0E10                   2700                     4497.184304280476        2596.4505686716925       2502.294445801098
0.91011                  0.276212                 1.4000000000000001       0.7142857142857142       5.377281287746956E-13    5.312923916520444E-13    0.25                     5.0E10                   2700                     4497.184304280476        2596.4505686716925       2502.294445801098
0.91011                  0.276212                 1.5000000000000002       0.6666666666666665       5.447623378860639E-13    5.344416923662755E-13    0.25                     5.0E10                   2700                     4497.184304280476        2596.4505686716925       2502.294445801098
0.91011                  0.276212                 1.6                      0.625                    5.607368687938501E-13    5.465589288036637E-13    0.25                     5.0E10                   2700                     4497.184304280476        2596.4505686716925       2502.294445801098
0.91011                  0.276212                 1.7000000000000002       0.588235294117647        5.777925466902961E-13    5.588963571914904E-13    0.25                     5.0E10                   2700                     4497.184304280476        2596.4505686716925       2502.294445801098
0.91011                  0.276212                 1.8000000000000003       0.5555555555555555       5.846336209657792E-13    5.608611143996869E-13    0.25                     5.0E10                   2700                     4497.184304280476        2596.4505686716925       2502.294445801098
0.91011                  0.276212                 1.9000000000000001       0.5263157894736842       5.818356505922134E-13    5.539488825769949E-13    0.25                     5.0E10                   2700                     4497.184304280476        2596.4505686716925       2502.294445801098
0.91011                  0.276212                 2                        0.5                      5.800197600988578E-13    5.48991487485494E-13     0.25                     5.0E10                   2700                     4497.184304280476        2596.4505686716925       2502.294445801098
0.91011                  0.276212                 2.1                      0.47619047619047616      5.838813990420671E-13    5.508194518286505E-13    0.25                     5.0E10                   2700                     4497.184304280476        2596.4505686716925       2502.294445801098
0.91011                  0.276212                 2.2                      0.4545454545454545       5.903902633263432E-13    5.565691932999852E-13    0.25                     5.0E10                   2700                     4497.184304280476        2596.4505686716925       2502.294445801098
0.91011                  0.276212                 2.3000000000000003       0.43478260869565216      5.946205318357368E-13    5.613135686013132E-13    0.25                     5.0E10                   2700                     4497.184304280476        2596.4505686716925       2502.294445801098
0.91011                  0.276212                 2.4000000000000004       0.4166666666666666       5.942155689144008E-13    5.623602474873006E-13    0.25                     5.0E10                   2700                     4497.184304280476        2596.4505686716925       2502.294445801098
0.91011                  0.276212                 2.5000000000000004       0.3999999999999999       5.899602482222009E-13    5.599878129337513E-13    0.25                     5.0E10                   2700                     4497.184304280476        2596.4505686716925       2502.294445801098
0.91011                  0.276212                 2.6                      0.3846153846153846       5.84018723794054E-13     5.559265097928241E-13    0.25                     5.0E10                   2700                     4497.184304280476        2596.4505686716925       2502.294445801098
0.91011                  0.276212                 2.7                      0.37037037037037035      5.782520589726857E-13    5.51809940018302E-13     0.25                     5.0E10                   2700                     4497.184304280476        2596.4505686716925       2502.294445801098
0.91011                  0.276212                 2.8000000000000003       0.3571428571428571       5.737765175946786E-13    5.486820209765337E-13    0.25                     5.0E10                   2700                     4497.184304280476        2596.4505686716925       2502.294445801098
0.91011                  0.276212                 2.9000000000000004       0.3448275862068965       5.70498605852881E-13     5.464772888457383E-13    0.25                     5.0E10                   2700                     4497.184304280476        2596.4505686716925       2502.294445801098
0.91011                  0.276212                 3.0000000000000004       0.33333333333333326      5.683266180470289E-13    5.451828503802022E-13    0.25                     5.0E10                   2700                     4497.184304280476        2596.4505686716925       2502.294445801098
0.91011                  0.276212                 3.1                      0.32258064516129037      5.669388233529347E-13    5.445415277154546E-13    0.25                     5.0E10                   2700                     4497.184304280476        2596.4505686716925       2502.294445801098
0.91011                  0.276212                 3.2                      0.3125                   5.660483960925047E-13    5.443193102335744E-13    0.25                     5.0E10                   2700                     4497.184304280476        2596.4505686716925       2502.294445801098
0.91011                  0.276212                 3.3000000000000003       0.30303030303030304      5.654577479838414E-13    5.443573791246626E-13    0.25                     5.0E10                   2700                     4497.184304280476        2596.4505686716925       2502.294445801098
0.91011                  0.276212                 3.4000000000000004       0.2941176470588235       5.650893858246843E-13    5.445924394800734E-13    0.25                     5.0E10                   2700                     4497.184304280476        2596.4505686716925       2502.294445801098
0.91011                  0.276212                 3.5000000000000004       0.2857142857142857       5.648141794577729E-13    5.4493661426695E-13      0.25                     5.0E10                   2700                     4497.184304280476        2596.4505686716925       2502.294445801098
0.91011                  0.276212                 3.6                      0.2777777777777778       5.646512764389509E-13    5.454115354870151E-13    0.25                     5.0E10                   2700                     4497.184304280476        2596.4505686716925       2502.294445801098
0.91011                  0.276212                 3.7                      0.2702702702702703       5.64588080678051E-13     5.460130029137208E-13    0.25                     5.0E10                   2700                     4497.184304280476        2596.4505686716925       2502.294445801098
0.91011                  0.276212                 3.8000000000000003       0.2631578947368421       5.646079615581945E-13    5.467297983860617E-13    0.25                     5.0E10                   2700                     4497.184304280476        2596.4505686716925       2502.294445801098
0.91011                  0.276212                 3.9000000000000004       0.2564102564102564       5.646861196317359E-13    5.475400082146622E-13    0.25                     5.0E10                   2700                     4497.184304280476        2596.4505686716925       2502.294445801098
0.91011                  0.276212                 4                        0.25                     5.64789610827458E-13     5.484114817522658E-13    0.25                     5.0E10                   2700                     4497.184304280476        2596.4505686716925       2502.294445801098
0.91011                  0.276212                 4.1                      0.24390243902439027      5.648817794563623E-13    5.493061649136996E-13    0.25                     5.0E10                   2700                     4497.184304280476        2596.4505686716925       2502.294445801098
0.91011                  0.276212                 4.2                      0.23809523809523808      5.649255626449195E-13    5.501837984301132E-13    0.25                     5.0E10                   2700                     4497.184304280476        2596.4505686716925       2502.294445801098
0.91011                  0.276212                 4.3                      0.23255813953488372      5.648872753852565E-13    5.510059411255881E-13    0.25                     5.0E10                   2700                     4497.184304280476        2596.4505686716925       2502.294445801098
0.91011                  0.276212                 4.3999999999999995       0.22727272727272732      5.647392604062003E-13    5.517389660632397E-13    0.25                     5.0E10                   2700                     4497.184304280476        2596.4505686716925       2502.294445801098
0.91011                  0.276212                 4.5                      0.22222222222222224      5.64461434821529E-13     5.523559905653796E-13    0.25                     5.0E10                   2700                     4497.184304280476        2596.4505686716925       2502.294445801098
0.91011                  0.276212                 4.6                      0.2173913043478261       5.640418207701521E-13    5.528377943843322E-13    0.25                     5.0E10                   2700                     4497.184304280476        2596.4505686716925       2502.294445801098
0.91011                  0.276212                 4.7                      0.2127659574468085       5.634762632470035E-13    5.531728991030705E-13    0.25                     5.0E10                   2700                     4497.184304280476        2596.4505686716925       2502.294445801098
0.91011                  0.276212                 4.8                      0.20833333333333334      5.627675759166729E-13    5.533570269174208E-13    0.25                     5.0E10                   2700                     4497.184304280476        2596.4505686716925       2502.294445801098
0.91011                  0.276212                 4.9                      0.20408163265306117      5.619243452743425E-13    5.533921559145261E-13    0.25                     5.0E10                   2700                     4497.184304280476        2596.4505686716925       2502.294445801098
0.91011                  0.276212                 5                        0.2                      5.60967342935539E-13     5.532785867175695E-13    0.25                     5.0E10                   2700                     4497.184304280476        2596.4505686716925       2502.294445801098
0.91011                  0.276212                 5.1                      0.19607843137254904      5.598910741084439E-13    5.530389777994954E-13    0.25                     5.0E10                   2700                     4497.184304280476        2596.4505686716925       2502.294445801098
0.91011                  0.276212                 5.2                      0.1923076923076923       5.587270505375734E-13    5.526811423667452E-13    0.25                     5.0E10                   2700                     4497.184304280476        2596.4505686716925       2502.294445801098
0.91011                  0.276212                 5.3                      0.18867924528301888      5.57494690970719E-13     5.522210716671195E-13    0.25                     5.0E10                   2700                     4497.184304280476        2596.4505686716925       2502.294445801098
0.91011                  0.276212                 5.4                      0.18518518518518517      5.562128183577371E-13    5.516750051806658E-13    0.25                     5.0E10                   2700                     4497.184304280476        2596.4505686716925       2502.294445801098
0.91011                  0.276212                 5.5                      0.18181818181818182      5.548994534823825E-13    5.510591637329668E-13    0.25                     5.0E10                   2700                     4497.184304280476        2596.4505686716925       2502.294445801098
0.91011                  0.276212                 5.6                      0.17857142857142858      5.535713310767326E-13    5.503891896897196E-13    0.25                     5.0E10                   2700                     4497.184304280476        2596.4505686716925       2502.294445801098
0.91011                  0.276212                 5.7                      0.17543859649122806      5.522435829304161E-13    5.496797444708244E-13    0.25                     5.0E10                   2700                     4497.184304280476        2596.4505686716925       2502.294445801098
0.91011                  0.276212                 5.8                      0.1724137931034483       5.509295600795178E-13    5.489442418831512E-13    0.25                     5.0E10                   2700                     4497.184304280476        2596.4505686716925       2502.294445801098
0.91011                  0.276212                 5.9                      0.1694915254237288       5.496407657331546E-13    5.481946936836985E-13    0.25                     5.0E10                   2700                     4497.184304280476        2596.4505686716925       2502.294445801098
0.91011                  0.276212                 6                        0.16666666666666666      5.483868724164133E-13    5.474416441402921E-13    0.25                     5.0E10                   2700                     4497.184304280476        2596.4505686716925       2502.294445801098
0.91011                  0.276212                 6.1                      0.16393442622950818      5.47175799834989E-13     5.466941723072087E-13    0.25                     5.0E10                   2700                     4497.184304280476        2596.4505686716925       2502.294445801098
0.91011                  0.276212                 6.2                      0.16129032258064518      5.460138339068359E-13    5.459599434978129E-13    0.25                     5.0E10                   2700                     4497.184304280476        2596.4505686716925       2502.294445801098
0.91011                  0.276212                 6.3                      0.15873015873015872      5.449057709456333E-13    5.452452944317677E-13    0.25                     5.0E10                   2700                     4497.184304280476        2596.4505686716925       2502.294445801098
0.91011                  0.276212                 6.4                      0.15625                  5.438550746964913E-13    5.445553396352092E-13    0.25                     5.0E10                   2700                     4497.184304280476        2596.4505686716925       2502.294445801098
0.91011                  0.276212                 6.5                      0.15384615384615383      5.428640368343233E-13    5.438940892933346E-13    0.25                     5.0E10                   2700                     4497.184304280476        2596.4505686716925       2502.294445801098
0.91011                  0.276212                 6.6                      0.15151515151515152      5.419339342670101E-13    5.432645712355298E-13    0.25                     5.0E10                   2700                     4497.184304280476        2596.4505686716925       2502.294445801098
0.91011                  0.276212                 6.7                      0.1492537313432836       5.410651786824313E-13    5.426689517434729E-13    0.25                     5.0E10                   2700                     4497.184304280476        2596.4505686716925       2502.294445801098
0.91011                  0.276212                 6.8                      0.14705882352941177      5.402574553867885E-13    5.421086514232183E-13    0.25                     5.0E10                   2700                     4497.184304280476        2596.4505686716925       2502.294445801098
0.91011                  0.276212                 6.9                      0.14492753623188404      5.395098497988247E-13    5.415844537603191E-13    0.25                     5.0E10                   2700                     4497.184304280476        2596.4505686716925       2502.294445801098
0.91011                  0.276212                 7                        0.14285714285714285      5.388209609430066E-13    5.410966048933068E-13    0.25                     5.0E10                   2700                     4497.184304280476        2596.4505686716925       2502.294445801098
0.91011                  0.276212                 7.1                      0.14084507042253522      5.38189001844568E-13     5.406449039282945E-13    0.25                     5.0E10                   2700                     4497.184304280476        2596.4505686716925       2502.294445801098
0.91011                  0.276212                 7.2                      0.1388888888888889       5.376118873966312E-13    5.402287836465255E-13    0.25                     5.0E10                   2700                     4497.184304280476        2596.4505686716925       2502.294445801098
0.91011                  0.276212                 7.3                      0.13698630136986303      5.370873102770154E-13    5.39847381752407E-13     0.25                     5.0E10                   2700                     4497.184304280476        2596.4505686716925       2502.294445801098
0.91011                  0.276212                 7.4                      0.13513513513513514      5.366128060104167E-13    5.394996032176542E-13    0.25                     5.0E10                   2700                     4497.184304280476        2596.4505686716925       2502.294445801098
0.91011                  0.276212                 7.5                      0.13333333333333333      5.361858080329812E-13    5.391841742378295E-13    0.25                     5.0E10                   2700                     4497.184304280476        2596.4505686716925       2502.294445801098
0.91011                  0.276212                 7.6                      0.13157894736842105      5.358036939265891E-13    5.388996885961976E-13    0.25                     5.0E10                   2700                     4497.184304280476        2596.4505686716925       2502.294445801098
0.91011                  0.276212                 7.7                      0.12987012987012989      5.354657154370851E-13    5.386465082643565E-13    0.25                     5.0E10                   2700                     4497.184304280476        2596.4505686716925       2502.294445801098
0.91011                  0.276212                 7.8                      0.12820512820512822      5.351655152670869E-13    5.384194067668836E-13    0.25                     5.0E10                   2700                     4497.184304280476        2596.4505686716925       2502.294445801098
0.91011                  0.276212                 7.9                      0.12658227848101267      5.34902345232548E-13     5.382185990787698E-13    0.25                     5.0E10                   2700                     4497.184304280476        2596.4505686716925       2502.294445801098
0.91011                  0.276212                 8                        0.125                    5.346736780264017E-13    5.380424854235724E-13    0.25                     5.0E10                   2700                     4497.184304280476        2596.4505686716925       2502.294445801098
0.91011                  0.276212                 8.1                      0.1234567901234568       5.344770615759037E-13    5.378894759026809E-13    0.25                     5.0E10                   2700                     4497.184304280476        2596.4505686716925       2502.294445801098
0.91011                  0.276212                 8.2                      0.12195121951219513      5.343101309795966E-13    5.37758005662319E-13     0.25                     5.0E10                   2700                     4497.184304280476        2596.4505686716925       2502.294445801098
0.91011                  0.276212                 8.3                      0.12048192771084336      5.341706172640074E-13    5.376465469600567E-13    0.25                     5.0E10                   2700                     4497.184304280476        2596.4505686716925       2502.294445801098
0.91011                  0.276212                 8.4                      0.11904761904761904      5.340563534480069E-13    5.375536185572777E-13    0.25                     5.0E10                   2700                     4497.184304280476        2596.4505686716925       2502.294445801098
0.91011                  0.276212                 8.5                      0.11764705882352941      5.339652783543225E-13    5.374777928282732E-13    0.25                     5.0E10                   2700                     4497.184304280476        2596.4505686716925       2502.294445801098
0.91011                  0.276212                 8.6                      0.11627906976744186      5.33895438582541E-13     5.374177009789666E-13    0.25                     5.0E10                   2700                     4497.184304280476        2596.4505686716925       2502.294445801098
0.91011                  0.276212                 8.7                      0.11494252873563218      5.338449889811073E-13    5.373720366481132E-13    0.25                     5.0E10                   2700                     4497.184304280476        2596.4505686716925       2502.294445801098
0.91011                  0.276212                 8.8                      0.11363636363636362      5.338121918385795E-13    5.373395581498606E-13    0.25                     5.0E10                   2700                     4497.184304280476        2596.4505686716925       2502.294445801098
0.91011                  0.276212                 8.9                      0.11235955056179775      5.337954151673444E-13    5.373190896424883E-13    0.25                     5.0E10                   2700                     4497.184304280476        2596.4505686716925       2502.294445801098
0.91011                  0.276212                 9                        0.11111111111111112      5.337931301715442E-13    5.373095213708154E-13    0.25                     5.0E10                   2700                     4497.184304280476        2596.4505686716925       2502.294445801098
0.91011                  0.276212                 9.1                      0.1098901098901099       5.338039081274733E-13    5.373098091732738E-13    0.25                     5.0E10                   2700                     4497.184304280476        2596.4505686716925       2502.294445801098
0.91011                  0.276212                 9.2                      0.10869565217391305      5.33826416815459E-13     5.373189733993948E-13    0.25                     5.0E10                   2700                     4497.184304280476        2596.4505686716925       2502.294445801098
0.91011                  0.276212                 9.3                      0.10752688172043011      5.338594166529097E-13    5.373360973762022E-13    0.25                     5.0E10                   2700                     4497.184304280476        2596.4505686716925       2502.294445801098
0.91011                  0.276212                 9.4                      0.10638297872340426      5.339017565643908E-13    5.373603254904231E-13    0.25                     5.0E10                   2700                     4497.184304280476        2596.4505686716925       2502.294445801098
0.91011                  0.276212                 9.5                      0.10526315789473685      5.339523697996079E-13    5.373908610403029E-13    0.25                     5.0E10                   2700                     4497.184304280476        2596.4505686716925       2502.294445801098
0.91011                  0.276212                 9.6                      0.10416666666666667      5.340102695635121E-13    5.374269638362111E-13    0.25                     5.0E10                   2700                     4497.184304280476        2596.4505686716925       2502.294445801098
0.91011                  0.276212                 9.700000000000001        0.1030927835051546       5.340745447768077E-13    5.374679477289261E-13    0.25                     5.0E10                   2700                     4497.184304280476        2596.4505686716925       2502.294445801098
0.91011                  0.276212                 9.8                      0.10204081632653059      5.34144355768332E-13     5.375131779980824E-13    0.25                     5.0E10                   2700                     4497.184304280476        2596.4505686716925       2502.294445801098
0.91011                  0.276212                 9.9                      0.101010101010101        5.342189301158939E-13    5.375620687509281E-13    0.25                     5.0E10                   2700                     4497.184304280476        2596.4505686716925       2502.294445801098
0.91011                  0.276212                 10                       0.1                      5.342928486203465E-13    5.375630392127488E-13    0.25                     5.0E10                   2700                     4497.184304280476        2596.4505686716925       2502.294445801098
