1.49607                  0.107157                 0.1                      10                       5.553117390751192E-13    5.400123396388627E-13    0.25                     5.0E10                   2700                     5765.934442915563        3328.963802747035        2502.294445801098
1.49607                  0.107157                 0.2                      5                        7.385277821219364E-13    5.92056233000596E-13     0.25                     5.0E10                   2700                     5765.934442915563        3328.963802747035        2502.294445801098
1.49607                  0.107157                 0.30000000000000004      3.3333333333333326       5.926860626595292E-13    5.552089930954407E-13    0.25                     5.0E10                   2700                     5765.934442915563        3328.963802747035        2502.294445801098
1.49607                  0.107157                 0.4                      2.5                      4.2895769084307236E-13   4.877388928764129E-13    0.25                     5.0E10                   2700                     5765.934442915563        3328.963802747035        2502.294445801098
1.49607                  0.107157                 0.5                      2                        4.869088283496886E-13    5.760458180247238E-13    0.25                     5.0E10                   2700                     5765.934442915563        3328.963802747035        2502.294445801098
1.49607                  0.107157                 0.6                      1.6666666666666667       4.088926768284622E-13    5.029205762789929E-13    0.25                     5.0E10                   2700                     5765.934442915563        3328.963802747035        2502.294445801098
1.49607                  0.107157                 0.7000000000000001       1.4285714285714284       3.857158077236668E-13    4.747738120440081E-13    0.25                     5.0E10                   2700                     5765.934442915563        3328.963802747035        2502.294445801098
1.49607                  0.107157                 0.8                      1.25                     3.807040952953408E-13    4.528686788564679E-13    0.25                     5.0E10                   2700                     5765.934442915563        3328.963802747035        2502.294445801098
1.49607                  0.107157                 0.9                      1.1111111111111112       3.852034817304748E-13    4.556188171027528E-13    0.25                     5.0E10                   2700                     5765.934442915563        3328.963802747035        2502.294445801098
1.49607                  0.107157                 1                        1                        4.25633252837255E-13     5.052570881592698E-13    0.25                     5.0E10                   2700                     5765.934442915563        3328.963802747035        2502.294445801098
1.49607                  0.107157                 1.1                      0.909090909090909        3.697244352516167E-13    4.564544582383817E-13    0.25                     5.0E10                   2700                     5765.934442915563        3328.963802747035        2502.294445801098
1.49607                  0.107157                 1.2000000000000002       0.8333333333333331       3.180065541350256E-13    4.0402523823371943E-13   0.25                     5.0E10                   2700                     5765.934442915563        3328.963802747035        2502.294445801098
1.49607                  0.107157                 1.3000000000000003       0.769230769230769        3.4035081783629897E-13   4.436481924018036E-13    0.25                     5.0E10                   2700                     5765.934442915563        3328.963802747035        2502.294445801098
1.49607                  0.107157                 1.4000000000000001       0.7142857142857142       3.598144927741186E-13    4.825155121070944E-13    0.25                     5.0E10                   2700                     5765.934442915563        3328.963802747035        2502.294445801098
1.49607                  0.107157                 1.5000000000000002       0.6666666666666665       3.4494639305895593E-13   4.71949211626368E-13     0.25                     5.0E10                   2700                     5765.934442915563        3328.963802747035        2502.294445801098
1.49607                  0.107157                 1.6                      0.625                    3.2896114734343903E-13   4.533583008319851E-13    0.25                     5.0E10                   2700                     5765.934442915563        3328.963802747035        2502.294445801098
1.49607                  0.107157                 1.7000000000000002       0.588235294117647        3.221231424103149E-13    4.42984540921067E-13     0.25                     5.0E10                   2700                     5765.934442915563        3328.963802747035        2502.294445801098
1.49607                  0.107157                 1.8000000000000003       0.5555555555555555       3.1895591081630935E-13   4.3538634843205263E-13   0.25                     5.0E10                   2700                     5765.934442915563        3328.963802747035        2502.294445801098
1.49607                  0.107157                 1.9000000000000001       0.5263157894736842       3.1843862134932967E-13   4.303539695155601E-13    0.25                     5.0E10                   2700                     5765.934442915563        3328.963802747035        2502.294445801098
1.49607                  0.107157                 2                        0.5                      3.2176619565982546E-13   4.300004025218368E-13    0.25                     5.0E10                   2700                     5765.934442915563        3328.963802747035        2502.294445801098
1.49607                  0.107157                 2.1                      0.47619047619047616      3.2854284525865345E-13   4.339513990078789E-13    0.25                     5.0E10                   2700                     5765.934442915563        3328.963802747035        2502.294445801098
1.49607                  0.107157                 2.2                      0.4545454545454545       3.3748101547508257E-13   4.404150899465553E-13    0.25                     5.0E10                   2700                     5765.934442915563        3328.963802747035        2502.294445801098
1.49607                  0.107157                 2.3000000000000003       0.43478260869565216      3.476216696894825E-13    4.480285263800734E-13    0.25                     5.0E10                   2700                     5765.934442915563        3328.963802747035        2502.294445801098
1.49607                  0.107157                 2.4000000000000004       0.4166666666666666       3.5862763109958016E-13   4.56298979627428E-13     0.25                     5.0E10                   2700                     5765.934442915563        3328.963802747035        2502.294445801098
1.49607                  0.107157                 2.5000000000000004       0.3999999999999999       3.70439182104339E-13     4.651390314935144E-13    0.25                     5.0E10                   2700                     5765.934442915563        3328.963802747035        2502.294445801098
1.49607                  0.107157                 2.6                      0.3846153846153846       3.826540189125287E-13    4.741771299605653E-13    0.25                     5.0E10                   2700                     5765.934442915563        3328.963802747035        2502.294445801098
1.49607                  0.107157                 2.7                      0.37037037037037035      3.9474139880657724E-13   4.828478987789602E-13    0.25                     5.0E10                   2700                     5765.934442915563        3328.963802747035        2502.294445801098
1.49607                  0.107157                 2.8000000000000003       0.3571428571428571       4.0597857857343376E-13   4.903954186638733E-13    0.25                     5.0E10                   2700                     5765.934442915563        3328.963802747035        2502.294445801098
1.49607                  0.107157                 2.9000000000000004       0.3448275862068965       4.1572660759270765E-13   4.961726335365523E-13    0.25                     5.0E10                   2700                     5765.934442915563        3328.963802747035        2502.294445801098
1.49607                  0.107157                 3.0000000000000004       0.33333333333333326      4.23608087004843E-13     4.998384192763177E-13    0.25                     5.0E10                   2700                     5765.934442915563        3328.963802747035        2502.294445801098
1.49607                  0.107157                 3.1                      0.32258064516129037      4.2957016760462425E-13   5.01417320877881E-13     0.25                     5.0E10                   2700                     5765.934442915563        3328.963802747035        2502.294445801098
1.49607                  0.107157                 3.2                      0.3125                   4.3383708421238503E-13   5.01233516600302E-13     0.25                     5.0E10                   2700                     5765.934442915563        3328.963802747035        2502.294445801098
1.49607                  0.107157                 3.3000000000000003       0.30303030303030304      4.3680075523108706E-13   4.997797368745319E-13    0.25                     5.0E10                   2700                     5765.934442915563        3328.963802747035        2502.294445801098
1.49607                  0.107157                 3.4000000000000004       0.2941176470588235       4.389289254297423E-13    4.975886718065593E-13    0.25                     5.0E10                   2700                     5765.934442915563        3328.963802747035        2502.294445801098
1.49607                  0.107157                 3.5000000000000004       0.2857142857142857       4.405744557946329E-13    4.951168461940542E-13    0.25                     5.0E10                   2700                     5765.934442915563        3328.963802747035        2502.294445801098
1.49607                  0.107157                 3.6                      0.2777777777777778       4.42103082953844E-13     4.92751272926692E-13     0.25                     5.0E10                   2700                     5765.934442915563        3328.963802747035        2502.294445801098
1.49607                  0.107157                 3.7                      0.2702702702702703       4.437472555495818E-13    4.907447930851084E-13    0.25                     5.0E10                   2700                     5765.934442915563        3328.963802747035        2502.294445801098
1.49607                  0.107157                 3.8000000000000003       0.2631578947368421       4.4564959427078137E-13   4.892460361855066E-13    0.25                     5.0E10                   2700                     5765.934442915563        3328.963802747035        2502.294445801098
1.49607                  0.107157                 3.9000000000000004       0.2564102564102564       4.4787886878518815E-13   4.883201574798751E-13    0.25                     5.0E10                   2700                     5765.934442915563        3328.963802747035        2502.294445801098
1.49607                  0.107157                 4                        0.25                     4.50448443956768E-13     4.8797108101142E-13      0.25                     5.0E10                   2700                     5765.934442915563        3328.963802747035        2502.294445801098
1.49607                  0.107157                 4.1                      0.24390243902439027      4.53333385332695E-13     4.881613173628685E-13    0.25                     5.0E10                   2700                     5765.934442915563        3328.963802747035        2502.294445801098
1.49607                  0.107157                 4.2                      0.23809523809523808      4.564846772682862E-13    4.88827958809109E-13     0.25                     5.0E10                   2700                     5765.934442915563        3328.963802747035        2502.294445801098
1.49607                  0.107157                 4.3                      0.23255813953488372      4.598402639113777E-13    4.898947935396321E-13    0.25                     5.0E10                   2700                     5765.934442915563        3328.963802747035        2502.294445801098
1.49607                  0.107157                 4.3999999999999995       0.22727272727272732      4.633332004674174E-13    4.91281047274496E-13     0.25                     5.0E10                   2700                     5765.934442915563        3328.963802747035        2502.294445801098
1.49607                  0.107157                 4.5                      0.22222222222222224      4.66897397706251E-13     4.929074114326011E-13    0.25                     5.0E10                   2700                     5765.934442915563        3328.963802747035        2502.294445801098
1.49607                  0.107157                 4.6                      0.2173913043478261       4.704720216862978E-13    4.94700483056315E-13     0.25                     5.0E10                   2700                     5765.934442915563        3328.963802747035        2502.294445801098
1.49607                  0.107157                 4.7                      0.2127659574468085       4.740016312986786E-13    4.965931603274295E-13    0.25                     5.0E10                   2700                     5765.934442915563        3328.963802747035        2502.294445801098
1.49607                  0.107157                 4.8                      0.20833333333333334      4.77440705288687E-13     4.985287703918318E-13    0.25                     5.0E10                   2700                     5765.934442915563        3328.963802747035        2502.294445801098
1.49607                  0.107157                 4.9                      0.20408163265306117      4.807519275743947E-13    5.00459548223916E-13     0.25                     5.0E10                   2700                     5765.934442915563        3328.963802747035        2502.294445801098
1.49607                  0.107157                 5                        0.2                      4.839166314678626E-13    5.023534156550145E-13    0.25                     5.0E10                   2700                     5765.934442915563        3328.963802747035        2502.294445801098
1.49607                  0.107157                 5.1                      0.19607843137254904      4.868889791637508E-13    5.041641003833918E-13    0.25                     5.0E10                   2700                     5765.934442915563        3328.963802747035        2502.294445801098
1.49607                  0.107157                 5.2                      0.1923076923076923       4.896708128128105E-13    5.05878990486686E-13     0.25                     5.0E10                   2700                     5765.934442915563        3328.963802747035        2502.294445801098
1.49607                  0.107157                 5.3                      0.18867924528301888      4.922551235429282E-13    5.074829456814348E-13    0.25                     5.0E10                   2700                     5765.934442915563        3328.963802747035        2502.294445801098
1.49607                  0.107157                 5.4                      0.18518518518518517      4.94640155591618E-13     5.089665916664272E-13    0.25                     5.0E10                   2700                     5765.934442915563        3328.963802747035        2502.294445801098
1.49607                  0.107157                 5.5                      0.18181818181818182      4.968284392206874E-13    5.103253455647729E-13    0.25                     5.0E10                   2700                     5765.934442915563        3328.963802747035        2502.294445801098
1.49607                  0.107157                 5.6                      0.17857142857142858      4.98825880455493E-13     5.115584983005176E-13    0.25                     5.0E10                   2700                     5765.934442915563        3328.963802747035        2502.294445801098
1.49607                  0.107157                 5.7                      0.17543859649122806      5.006409350262327E-13    5.126683795384345E-13    0.25                     5.0E10                   2700                     5765.934442915563        3328.963802747035        2502.294445801098
1.49607                  0.107157                 5.8                      0.1724137931034483       5.022838814799837E-13    5.136596191103817E-13    0.25                     5.0E10                   2700                     5765.934442915563        3328.963802747035        2502.294445801098
1.49607                  0.107157                 5.9                      0.1694915254237288       5.037661991685069E-13    5.145385101935066E-13    0.25                     5.0E10                   2700                     5765.934442915563        3328.963802747035        2502.294445801098
1.49607                  0.107157                 6                        0.16666666666666666      5.051000498604444E-13    5.153124729584508E-13    0.25                     5.0E10                   2700                     5765.934442915563        3328.963802747035        2502.294445801098
1.49607                  0.107157                 6.1                      0.16393442622950818      5.062978570133234E-13    5.159896131025316E-13    0.25                     5.0E10                   2700                     5765.934442915563        3328.963802747035        2502.294445801098
1.49607                  0.107157                 6.2                      0.16129032258064518      5.073719738580164E-13    5.165783669040908E-13    0.25                     5.0E10                   2700                     5765.934442915563        3328.963802747035        2502.294445801098
1.49607                  0.107157                 6.3                      0.15873015873015872      5.083344297516102E-13    5.170872229075171E-13    0.25                     5.0E10                   2700                     5765.934442915563        3328.963802747035        2502.294445801098
1.49607                  0.107157                 6.4                      0.15625                  5.091967438742548E-13    5.175245099160715E-13    0.25                     5.0E10                   2700                     5765.934442915563        3328.963802747035        2502.294445801098
1.49607                  0.107157                 6.5                      0.15384615384615383      5.099697954161972E-13    5.178982410629702E-13    0.25                     5.0E10                   2700                     5765.934442915563        3328.963802747035        2502.294445801098
1.49607                  0.107157                 6.6                      0.15151515151515152      5.106637401380376E-13    5.182160043612608E-13    0.25                     5.0E10                   2700                     5765.934442915563        3328.963802747035        2502.294445801098
1.49607                  0.107157                 6.7                      0.1492537313432836       5.112879641636614E-13    5.184848910588498E-13    0.25                     5.0E10                   2700                     5765.934442915563        3328.963802747035        2502.294445801098
1.49607                  0.107157                 6.8                      0.14705882352941177      5.118530033767718E-13    5.187132186469649E-13    0.25                     5.0E10                   2700                     5765.934442915563        3328.963802747035        2502.294445801098
1.49607                  0.107157                 6.9                      0.14492753623188404      5.12362877976407E-13     5.189035275448394E-13    0.25                     5.0E10                   2700                     5765.934442915563        3328.963802747035        2502.294445801098
1.49607                  0.107157                 7                        0.14285714285714285      5.128265065047191E-13    5.190629481487801E-13    0.25                     5.0E10                   2700                     5765.934442915563        3328.963802747035        2502.294445801098
1.49607                  0.107157                 7.1                      0.14084507042253522      5.132502217037682E-13    5.191963768032119E-13    0.25                     5.0E10                   2700                     5765.934442915563        3328.963802747035        2502.294445801098
1.49607                  0.107157                 7.2                      0.1388888888888889       5.136396719953768E-13    5.193081888441927E-13    0.25                     5.0E10                   2700                     5765.934442915563        3328.963802747035        2502.294445801098
1.49607                  0.107157                 7.3                      0.13698630136986303      5.139998677851204E-13    5.1940226744229E-13      0.25                     5.0E10                   2700                     5765.934442915563        3328.963802747035        2502.294445801098
1.49607                  0.107157                 7.4                      0.13513513513513514      5.143352303375514E-13    5.19482036490501E-13     0.25                     5.0E10                   2700                     5765.934442915563        3328.963802747035        2502.294445801098
1.49607                  0.107157                 7.5                      0.13333333333333333      5.146496412176401E-13    5.195504955599749E-13    0.25                     5.0E10                   2700                     5765.934442915563        3328.963802747035        2502.294445801098
1.49607                  0.107157                 7.6                      0.13157894736842105      5.149464911546258E-13    5.196102556400432E-13    0.25                     5.0E10                   2700                     5765.934442915563        3328.963802747035        2502.294445801098
1.49607                  0.107157                 7.7                      0.12987012987012989      5.152287271996209E-13    5.19663574494956E-13     0.25                     5.0E10                   2700                     5765.934442915563        3328.963802747035        2502.294445801098
1.49607                  0.107157                 7.8                      0.12820512820512822      5.154988976126748E-13    5.197123909696389E-13    0.25                     5.0E10                   2700                     5765.934442915563        3328.963802747035        2502.294445801098
1.49607                  0.107157                 7.9                      0.12658227848101267      5.157591940096205E-13    5.197583576717307E-13    0.25                     5.0E10                   2700                     5765.934442915563        3328.963802747035        2502.294445801098
1.49607                  0.107157                 8                        0.125                    5.160114905404399E-13    5.198028717247145E-13    0.25                     5.0E10                   2700                     5765.934442915563        3328.963802747035        2502.294445801098
1.49607                  0.107157                 8.1                      0.1234567901234568       5.162573800346377E-13    5.198471034012209E-13    0.25                     5.0E10                   2700                     5765.934442915563        3328.963802747035        2502.294445801098
1.49607                  0.107157                 8.2                      0.12195121951219513      5.164982069798163E-13    5.198920224780327E-13    0.25                     5.0E10                   2700                     5765.934442915563        3328.963802747035        2502.294445801098
1.49607                  0.107157                 8.3                      0.12048192771084336      5.167350975977743E-13    5.199384224106344E-13    0.25                     5.0E10                   2700                     5765.934442915563        3328.963802747035        2502.294445801098
1.49607                  0.107157                 8.4                      0.11904761904761904      5.169689869621921E-13    5.199869422709956E-13    0.25                     5.0E10                   2700                     5765.934442915563        3328.963802747035        2502.294445801098
1.49607                  0.107157                 8.5                      0.11764705882352941      5.172006434400133E-13    5.200380865938491E-13    0.25                     5.0E10                   2700                     5765.934442915563        3328.963802747035        2502.294445801098
1.49607                  0.107157                 8.6                      0.11627906976744186      5.174306905548643E-13    5.200922432246386E-13    0.25                     5.0E10                   2700                     5765.934442915563        3328.963802747035        2502.294445801098
1.49607                  0.107157                 8.7                      0.11494252873563218      5.176596265342384E-13    5.201496993032262E-13    0.25                     5.0E10                   2700                     5765.934442915563        3328.963802747035        2502.294445801098
1.49607                  0.107157                 8.8                      0.11363636363636362      5.178878416236348E-13    5.20210655487479E-13     0.25                     5.0E10                   2700                     5765.934442915563        3328.963802747035        2502.294445801098
1.49607                  0.107157                 8.9                      0.11235955056179775      5.181156335047264E-13    5.202752386247288E-13    0.25                     5.0E10                   2700                     5765.934442915563        3328.963802747035        2502.294445801098
1.49607                  0.107157                 9                        0.11111111111111112      5.183432208585425E-13    5.203435129387793E-13    0.25                     5.0E10                   2700                     5765.934442915563        3328.963802747035        2502.294445801098
1.49607                  0.107157                 9.1                      0.1098901098901099       5.18570755325091E-13     5.204154898928373E-13    0.25                     5.0E10                   2700                     5765.934442915563        3328.963802747035        2502.294445801098
1.49607                  0.107157                 9.2                      0.10869565217391305      5.187983320113931E-13    5.20491136875649E-13     0.25                     5.0E10                   2700                     5765.934442915563        3328.963802747035        2502.294445801098
1.49607                  0.107157                 9.3                      0.10752688172043011      5.190259986800877E-13    5.20570384794555E-13     0.25                     5.0E10                   2700                     5765.934442915563        3328.963802747035        2502.294445801098
1.49607                  0.107157                 9.4                      0.10638297872340426      5.192537637773981E-13    5.206531347159236E-13    0.25                     5.0E10                   2700                     5765.934442915563        3328.963802747035        2502.294445801098
1.49607                  0.107157                 9.5                      0.10526315789473685      5.194816034440031E-13    5.207392636518765E-13    0.25                     5.0E10                   2700                     5765.934442915563        3328.963802747035        2502.294445801098
1.49607                  0.107157                 9.6                      0.10416666666666667      5.197094675079695E-13    5.208286295286199E-13    0.25                     5.0E10                   2700                     5765.934442915563        3328.963802747035        2502.294445801098
1.49607                  0.107157                 9.700000000000001        0.1030927835051546       5.199372847853502E-13    5.209210755503263E-13    0.25                     5.0E10                   2700                     5765.934442915563        3328.963802747035        2502.294445801098
1.49607                  0.107157                 9.8                      0.10204081632653059      5.201649676042361E-13    5.210164339202998E-13    0.25                     5.0E10                   2700                     5765.934442915563        3328.963802747035        2502.294445801098
1.49607                  0.107157                 9.9                      0.101010101010101        5.203924156318894E-13    5.211145290059438E-13    0.25                     5.0E10                   2700                     5765.934442915563        3328.963802747035        2502.294445801098
1.49607                  0.107157                 10                       0.1                      5.206507614904789E-13    5.2118809540219E-13      0.25                     5.0E10                   2700                     5765.934442915563        3328.963802747035        2502.294445801098
