0.546947                 0.370799                 0.1                      10                       5.331598107272283E-13    5.331488934100322E-13    0.25                     5.0E10                   2700                     3486.312920232172        2012.8237029753147       2502.294445801098
0.546947                 0.370799                 0.2                      5                        5.330790244210794E-13    5.298750534319819E-13    0.25                     5.0E10                   2700                     3486.312920232172        2012.8237029753147       2502.294445801098
0.546947                 0.370799                 0.30000000000000004      3.3333333333333326       5.050485081178031E-13    4.929928629287194E-13    0.25                     5.0E10                   2700                     3486.312920232172        2012.8237029753147       2502.294445801098
0.546947                 0.370799                 0.4                      2.5                      4.440252569160862E-13    4.5134560907274927E-13   0.25                     5.0E10                   2700                     3486.312920232172        2012.8237029753147       2502.294445801098
0.546947                 0.370799                 0.5                      2                        3.4118995503342533E-13   3.945709086638088E-13    0.25                     5.0E10                   2700                     3486.312920232172        2012.8237029753147       2502.294445801098
0.546947                 0.370799                 0.6                      1.6666666666666667       3.3867396617189844E-13   4.091049349039407E-13    0.25                     5.0E10                   2700                     3486.312920232172        2012.8237029753147       2502.294445801098
0.546947                 0.370799                 0.7000000000000001       1.4285714285714284       3.3251321445083494E-13   4.0741769979378876E-13   0.25                     5.0E10                   2700                     3486.312920232172        2012.8237029753147       2502.294445801098
0.546947                 0.370799                 0.8                      1.25                     3.481926176963721E-13    4.1985011802498315E-13   0.25                     5.0E10                   2700                     3486.312920232172        2012.8237029753147       2502.294445801098
0.546947                 0.370799                 0.9                      1.1111111111111112       4.021424030924501E-13    4.781200190726561E-13    0.25                     5.0E10                   2700                     3486.312920232172        2012.8237029753147       2502.294445801098
0.546947                 0.370799                 1                        1                        3.3687946062989263E-13   3.9892300863563836E-13   0.25                     5.0E10                   2700                     3486.312920232172        2012.8237029753147       2502.294445801098
0.546947                 0.370799                 1.1                      0.909090909090909        4.120519342139579E-13    5.029732026228918E-13    0.25                     5.0E10                   2700                     3486.312920232172        2012.8237029753147       2502.294445801098
0.546947                 0.370799                 1.2000000000000002       0.8333333333333331       3.635209522516377E-13    4.640044421383871E-13    0.25                     5.0E10                   2700                     3486.312920232172        2012.8237029753147       2502.294445801098
0.546947                 0.370799                 1.3000000000000003       0.769230769230769        4.264922134495944E-13    5.563088801297469E-13    0.25                     5.0E10                   2700                     3486.312920232172        2012.8237029753147       2502.294445801098
0.546947                 0.370799                 1.4000000000000001       0.7142857142857142       3.900278593113508E-13    4.981388964897831E-13    0.25                     5.0E10                   2700                     3486.312920232172        2012.8237029753147       2502.294445801098
0.546947                 0.370799                 1.5000000000000002       0.6666666666666665       3.704937496590857E-13    4.431238959384247E-13    0.25                     5.0E10                   2700                     3486.312920232172        2012.8237029753147       2502.294445801098
0.546947                 0.370799                 1.6                      0.625                    4.3817643047866465E-13   4.827101545431228E-13    0.25                     5.0E10                   2700                     3486.312920232172        2012.8237029753147       2502.294445801098
0.546947                 0.370799                 1.7000000000000002       0.588235294117647        5.747763364683214E-13    5.861084544528768E-13    0.25                     5.0E10                   2700                     3486.312920232172        2012.8237029753147       2502.294445801098
0.546947                 0.370799                 1.8000000000000003       0.5555555555555555       6.957801278847191E-13    6.658920355483099E-13    0.25                     5.0E10                   2700                     3486.312920232172        2012.8237029753147       2502.294445801098
0.546947                 0.370799                 1.9000000000000001       0.5263157894736842       7.115347681831037E-13    6.475868478823318E-13    0.25                     5.0E10                   2700                     3486.312920232172        2012.8237029753147       2502.294445801098
0.546947                 0.370799                 2                        0.5                      6.725849559707557E-13    5.873460876822161E-13    0.25                     5.0E10                   2700                     3486.312920232172        2012.8237029753147       2502.294445801098
0.546947                 0.370799                 2.1                      0.47619047619047616      6.503541025186787E-13    5.481147903486101E-13    0.25                     5.0E10                   2700                     3486.312920232172        2012.8237029753147       2502.294445801098
0.546947                 0.370799                 2.2                      0.4545454545454545       6.631361204339013E-13    5.420054748605657E-13    0.25                     5.0E10                   2700                     3486.312920232172        2012.8237029753147       2502.294445801098
0.546947                 0.370799                 2.3000000000000003       0.43478260869565216      7.049002823059527E-13    5.615590818742886E-13    0.25                     5.0E10                   2700                     3486.312920232172        2012.8237029753147       2502.294445801098
0.546947                 0.370799                 2.4000000000000004       0.4166666666666666       7.618167268004129E-13    5.946982016247596E-13    0.25                     5.0E10                   2700                     3486.312920232172        2012.8237029753147       2502.294445801098
0.546947                 0.370799                 2.5000000000000004       0.3999999999999999       8.166929137116924E-13    6.280067677167787E-13    0.25                     5.0E10                   2700                     3486.312920232172        2012.8237029753147       2502.294445801098
0.546947                 0.370799                 2.6                      0.3846153846153846       8.539810023275248E-13    6.499293194331888E-13    0.25                     5.0E10                   2700                     3486.312920232172        2012.8237029753147       2502.294445801098
0.546947                 0.370799                 2.7                      0.37037037037037035      8.663117102865384E-13    6.551615463693135E-13    0.25                     5.0E10                   2700                     3486.312920232172        2012.8237029753147       2502.294445801098
0.546947                 0.370799                 2.8000000000000003       0.3571428571428571       8.562320754858017E-13    6.455472613261052E-13    0.25                     5.0E10                   2700                     3486.312920232172        2012.8237029753147       2502.294445801098
0.546947                 0.370799                 2.9000000000000004       0.3448275862068965       8.321796186988405E-13    6.270667593559332E-13    0.25                     5.0E10                   2700                     3486.312920232172        2012.8237029753147       2502.294445801098
0.546947                 0.370799                 3.0000000000000004       0.33333333333333326      8.030270936998072E-13    6.059467466021783E-13    0.25                     5.0E10                   2700                     3486.312920232172        2012.8237029753147       2502.294445801098
0.546947                 0.370799                 3.1                      0.32258064516129037      7.751392409903981E-13    5.866180173087605E-13    0.25                     5.0E10                   2700                     3486.312920232172        2012.8237029753147       2502.294445801098
0.546947                 0.370799                 3.2                      0.3125                   7.520203367750543E-13    5.715018761521238E-13    0.25                     5.0E10                   2700                     3486.312920232172        2012.8237029753147       2502.294445801098
0.546947                 0.370799                 3.3000000000000003       0.30303030303030304      7.350722767736007E-13    5.615590771879311E-13    0.25                     5.0E10                   2700                     3486.312920232172        2012.8237029753147       2502.294445801098
0.546947                 0.370799                 3.4000000000000004       0.2941176470588235       7.244761815305311E-13    5.569058343598171E-13    0.25                     5.0E10                   2700                     3486.312920232172        2012.8237029753147       2502.294445801098
0.546947                 0.370799                 3.5000000000000004       0.2857142857142857       7.196424121036531E-13    5.571355039520691E-13    0.25                     5.0E10                   2700                     3486.312920232172        2012.8237029753147       2502.294445801098
0.546947                 0.370799                 3.6                      0.2777777777777778       7.197578421099675E-13    5.616717394893332E-13    0.25                     5.0E10                   2700                     3486.312920232172        2012.8237029753147       2502.294445801098
0.546947                 0.370799                 3.7                      0.2702702702702703       7.23842176272257E-13     5.698102654665521E-13    0.25                     5.0E10                   2700                     3486.312920232172        2012.8237029753147       2502.294445801098
0.546947                 0.370799                 3.8000000000000003       0.2631578947368421       7.313425333082613E-13    5.811972264617467E-13    0.25                     5.0E10                   2700                     3486.312920232172        2012.8237029753147       2502.294445801098
0.546947                 0.370799                 3.9000000000000004       0.2564102564102564       7.402906009982585E-13    5.942392144750586E-13    0.25                     5.0E10                   2700                     3486.312920232172        2012.8237029753147       2502.294445801098
0.546947                 0.370799                 4                        0.25                     7.501322379646159E-13    6.085091466695583E-13    0.25                     5.0E10                   2700                     3486.312920232172        2012.8237029753147       2502.294445801098
0.546947                 0.370799                 4.1                      0.24390243902439027      7.599464640851709E-13    6.232244530144805E-13    0.25                     5.0E10                   2700                     3486.312920232172        2012.8237029753147       2502.294445801098
0.546947                 0.370799                 4.2                      0.23809523809523808      7.689226075906649E-13    6.376536128844716E-13    0.25                     5.0E10                   2700                     3486.312920232172        2012.8237029753147       2502.294445801098
0.546947                 0.370799                 4.3                      0.23255813953488372      7.763950437541502E-13    6.511504176066681E-13    0.25                     5.0E10                   2700                     3486.312920232172        2012.8237029753147       2502.294445801098
0.546947                 0.370799                 4.3999999999999995       0.22727272727272732      7.81869805728271E-13     6.631855043594351E-13    0.25                     5.0E10                   2700                     3486.312920232172        2012.8237029753147       2502.294445801098
0.546947                 0.370799                 4.5                      0.22222222222222224      7.8503746709885E-13      6.733687251653015E-13    0.25                     5.0E10                   2700                     3486.312920232172        2012.8237029753147       2502.294445801098
0.546947                 0.370799                 4.6                      0.2173913043478261       7.857697276468978E-13    6.814586054705328E-13    0.25                     5.0E10                   2700                     3486.312920232172        2012.8237029753147       2502.294445801098
0.546947                 0.370799                 4.7                      0.2127659574468085       7.841004243365039E-13    6.873576626292546E-13    0.25                     5.0E10                   2700                     3486.312920232172        2012.8237029753147       2502.294445801098
0.546947                 0.370799                 4.8                      0.20833333333333334      7.801947722035526E-13    6.910953624750092E-13    0.25                     5.0E10                   2700                     3486.312920232172        2012.8237029753147       2502.294445801098
0.546947                 0.370799                 4.9                      0.20408163265306117      7.743123612497629E-13    6.928025997233856E-13    0.25                     5.0E10                   2700                     3486.312920232172        2012.8237029753147       2502.294445801098
0.546947                 0.370799                 5                        0.2                      7.667733272153307E-13    6.926590928175655E-13    0.25                     5.0E10                   2700                     3486.312920232172        2012.8237029753147       2502.294445801098
0.546947                 0.370799                 5.1                      0.19607843137254904      7.578917891413751E-13    6.909459368470474E-13    0.25                     5.0E10                   2700                     3486.312920232172        2012.8237029753147       2502.294445801098
0.546947                 0.370799                 5.2                      0.1923076923076923       7.480277508284818E-13    6.879181193988719E-13    0.25                     5.0E10                   2700                     3486.312920232172        2012.8237029753147       2502.294445801098
0.546947                 0.370799                 5.3                      0.18867924528301888      7.374935437230327E-13    6.838384258742447E-13    0.25                     5.0E10                   2700                     3486.312920232172        2012.8237029753147       2502.294445801098
0.546947                 0.370799                 5.4                      0.18518518518518517      7.265663381075737E-13    6.789538410506098E-13    0.25                     5.0E10                   2700                     3486.312920232172        2012.8237029753147       2502.294445801098
0.546947                 0.370799                 5.5                      0.18181818181818182      7.154834514923469E-13    6.734881114119294E-13    0.25                     5.0E10                   2700                     3486.312920232172        2012.8237029753147       2502.294445801098
0.546947                 0.370799                 5.6                      0.17857142857142858      7.044368574640641E-13    6.676320074814312E-13    0.25                     5.0E10                   2700                     3486.312920232172        2012.8237029753147       2502.294445801098
0.546947                 0.370799                 5.7                      0.17543859649122806      6.935816239764094E-13    6.615500173419952E-13    0.25                     5.0E10                   2700                     3486.312920232172        2012.8237029753147       2502.294445801098
0.546947                 0.370799                 5.8                      0.1724137931034483       6.830355387317009E-13    6.553762390362933E-13    0.25                     5.0E10                   2700                     3486.312920232172        2012.8237029753147       2502.294445801098
0.546947                 0.370799                 5.9                      0.1694915254237288       6.728849377481466E-13    6.492180627360635E-13    0.25                     5.0E10                   2700                     3486.312920232172        2012.8237029753147       2502.294445801098
0.546947                 0.370799                 6                        0.16666666666666666      6.631897110214514E-13    6.431592767820433E-13    0.25                     5.0E10                   2700                     3486.312920232172        2012.8237029753147       2502.294445801098
0.546947                 0.370799                 6.1                      0.16393442622950818      6.539881008898057E-13    6.37263403581834E-13     0.25                     5.0E10                   2700                     3486.312920232172        2012.8237029753147       2502.294445801098
0.546947                 0.370799                 6.2                      0.16129032258064518      6.453010489323496E-13    6.315769637843766E-13    0.25                     5.0E10                   2700                     3486.312920232172        2012.8237029753147       2502.294445801098
0.546947                 0.370799                 6.3                      0.15873015873015872      6.37135980470586E-13     6.261324917199867E-13    0.25                     5.0E10                   2700                     3486.312920232172        2012.8237029753147       2502.294445801098
0.546947                 0.370799                 6.4                      0.15625                  6.294900029623442E-13    6.209512137879518E-13    0.25                     5.0E10                   2700                     3486.312920232172        2012.8237029753147       2502.294445801098
0.546947                 0.370799                 6.5                      0.15384615384615383      6.223525464804245E-13    6.160453603785353E-13    0.25                     5.0E10                   2700                     3486.312920232172        2012.8237029753147       2502.294445801098
0.546947                 0.370799                 6.6                      0.15151515151515152      6.157075020241819E-13    6.114201184572793E-13    0.25                     5.0E10                   2700                     3486.312920232172        2012.8237029753147       2502.294445801098
0.546947                 0.370799                 6.7                      0.1492537313432836       6.095349246966619E-13    6.070752525104933E-13    0.25                     5.0E10                   2700                     3486.312920232172        2012.8237029753147       2502.294445801098
0.546947                 0.370799                 6.8                      0.14705882352941177      6.038123698725187E-13    6.030064312348031E-13    0.25                     5.0E10                   2700                     3486.312920232172        2012.8237029753147       2502.294445801098
0.546947                 0.370799                 6.9                      0.14492753623188404      5.985159264158389E-13    5.992063004595152E-13    0.25                     5.0E10                   2700                     3486.312920232172        2012.8237029753147       2502.294445801098
0.546947                 0.370799                 7                        0.14285714285714285      5.93621003766321E-13     5.956653415789071E-13    0.25                     5.0E10                   2700                     3486.312920232172        2012.8237029753147       2502.294445801098
0.546947                 0.370799                 7.1                      0.14084507042253522      5.891029217708137E-13    5.923725516310307E-13    0.25                     5.0E10                   2700                     3486.312920232172        2012.8237029753147       2502.294445801098
0.546947                 0.370799                 7.2                      0.1388888888888889       5.849373442725535E-13    5.893159767833202E-13    0.25                     5.0E10                   2700                     3486.312920232172        2012.8237029753147       2502.294445801098
0.546947                 0.370799                 7.3                      0.13698630136986303      5.81100590115807E-13     5.864831266192132E-13    0.25                     5.0E10                   2700                     3486.312920232172        2012.8237029753147       2502.294445801098
0.546947                 0.370799                 7.4                      0.13513513513513514      5.775698490129225E-13    5.838612922719019E-13    0.25                     5.0E10                   2700                     3486.312920232172        2012.8237029753147       2502.294445801098
0.546947                 0.370799                 7.5                      0.13333333333333333      5.743233240987295E-13    5.814377875244245E-13    0.25                     5.0E10                   2700                     3486.312920232172        2012.8237029753147       2502.294445801098
0.546947                 0.370799                 7.6                      0.13157894736842105      5.713403187452608E-13    5.792001286656975E-13    0.25                     5.0E10                   2700                     3486.312920232172        2012.8237029753147       2502.294445801098
0.546947                 0.370799                 7.7                      0.12987012987012989      5.686012812352546E-13    5.771361658215261E-13    0.25                     5.0E10                   2700                     3486.312920232172        2012.8237029753147       2502.294445801098
0.546947                 0.370799                 7.8                      0.12820512820512822      5.660878181890141E-13    5.75234176213255E-13     0.25                     5.0E10                   2700                     3486.312920232172        2012.8237029753147       2502.294445801098
0.546947                 0.370799                 7.9                      0.12658227848101267      5.637826850210522E-13    5.734829275989116E-13    0.25                     5.0E10                   2700                     3486.312920232172        2012.8237029753147       2502.294445801098
0.546947                 0.370799                 8                        0.125                    5.616697599349886E-13    5.718717185969645E-13    0.25                     5.0E10                   2700                     3486.312920232172        2012.8237029753147       2502.294445801098
0.546947                 0.370799                 8.1                      0.1234567901234568       5.597340065126379E-13    5.703904012296573E-13    0.25                     5.0E10                   2700                     3486.312920232172        2012.8237029753147       2502.294445801098
0.546947                 0.370799                 8.2                      0.12195121951219513      5.579628637550498E-13    5.690316167805028E-13    0.25                     5.0E10                   2700                     3486.312920232172        2012.8237029753147       2502.294445801098
0.546947                 0.370799                 8.3                      0.12048192771084336      5.56340465358099E-13     5.677819161579193E-13    0.25                     5.0E10                   2700                     3486.312920232172        2012.8237029753147       2502.294445801098
0.546947                 0.370799                 8.4                      0.11904761904761904      5.548561681343351E-13    5.666350243835362E-13    0.25                     5.0E10                   2700                     3486.312920232172        2012.8237029753147       2502.294445801098
0.546947                 0.370799                 8.5                      0.11764705882352941      5.534987874920194E-13    5.65583006117297E-13     0.25                     5.0E10                   2700                     3486.312920232172        2012.8237029753147       2502.294445801098
0.546947                 0.370799                 8.6                      0.11627906976744186      5.522579691646591E-13    5.646184449078039E-13    0.25                     5.0E10                   2700                     3486.312920232172        2012.8237029753147       2502.294445801098
0.546947                 0.370799                 8.7                      0.11494252873563218      5.511241366594737E-13    5.637344219859702E-13    0.25                     5.0E10                   2700                     3486.312920232172        2012.8237029753147       2502.294445801098
0.546947                 0.370799                 8.8                      0.11363636363636362      5.500884402283612E-13    5.629244933252759E-13    0.25                     5.0E10                   2700                     3486.312920232172        2012.8237029753147       2502.294445801098
0.546947                 0.370799                 8.9                      0.11235955056179775      5.491427078864315E-13    5.621826657590891E-13    0.25                     5.0E10                   2700                     3486.312920232172        2012.8237029753147       2502.294445801098
0.546947                 0.370799                 9                        0.11111111111111112      5.482793986206306E-13    5.615033726887295E-13    0.25                     5.0E10                   2700                     3486.312920232172        2012.8237029753147       2502.294445801098
0.546947                 0.370799                 9.1                      0.1098901098901099       5.47491558000513E-13     5.608814498223191E-13    0.25                     5.0E10                   2700                     3486.312920232172        2012.8237029753147       2502.294445801098
0.546947                 0.370799                 9.2                      0.10869565217391305      5.467727762380935E-13    5.603121112810013E-13    0.25                     5.0E10                   2700                     3486.312920232172        2012.8237029753147       2502.294445801098
0.546947                 0.370799                 9.3                      0.10752688172043011      5.461171487445262E-13    5.597909263190181E-13    0.25                     5.0E10                   2700                     3486.312920232172        2012.8237029753147       2502.294445801098
0.546947                 0.370799                 9.4                      0.10638297872340426      5.455192390766439E-13    5.593137967853132E-13    0.25                     5.0E10                   2700                     3486.312920232172        2012.8237029753147       2502.294445801098
0.546947                 0.370799                 9.5                      0.10526315789473685      5.449740443280599E-13    5.588769355105735E-13    0.25                     5.0E10                   2700                     3486.312920232172        2012.8237029753147       2502.294445801098
0.546947                 0.370799                 9.6                      0.10416666666666667      5.444769626837609E-13    5.584768455942096E-13    0.25                     5.0E10                   2700                     3486.312920232172        2012.8237029753147       2502.294445801098
0.546947                 0.370799                 9.700000000000001        0.1030927835051546       5.440237632848801E-13    5.581103007625425E-13    0.25                     5.0E10                   2700                     3486.312920232172        2012.8237029753147       2502.294445801098
0.546947                 0.370799                 9.8                      0.10204081632653059      5.436105581348959E-13    5.577743267248261E-13    0.25                     5.0E10                   2700                     3486.312920232172        2012.8237029753147       2502.294445801098
0.546947                 0.370799                 9.9                      0.101010101010101        5.432337759188122E-13    5.574661835356182E-13    0.25                     5.0E10                   2700                     3486.312920232172        2012.8237029753147       2502.294445801098
0.546947                 0.370799                 10                       0.1                      5.428883599920339E-13    5.571133712406013E-13    0.25                     5.0E10                   2700                     3486.312920232172        2012.8237029753147       2502.294445801098
