1.92176                  0.578471                 0.1                      10                       5.331358420791138E-13    5.331342117708102E-13    0.25                     5.0E10                   2700                     6534.965782448886        3772.964253641858        2502.294445801098
1.92176                  0.578471                 0.2                      5                        5.334302511237668E-13    5.331351107200538E-13    0.25                     5.0E10                   2700                     6534.965782448886        3772.964253641858        2502.294445801098
1.92176                  0.578471                 0.30000000000000004      3.3333333333333326       5.342046995782789E-13    5.363375809948551E-13    0.25                     5.0E10                   2700                     6534.965782448886        3772.964253641858        2502.294445801098
1.92176                  0.578471                 0.4                      2.5                      5.378845201398429E-13    5.336375386556952E-13    0.25                     5.0E10                   2700                     6534.965782448886        3772.964253641858        2502.294445801098
1.92176                  0.578471                 0.5                      2                        5.690923080224803E-13    5.390777269988006E-13    0.25                     5.0E10                   2700                     6534.965782448886        3772.964253641858        2502.294445801098
1.92176                  0.578471                 0.6                      1.6666666666666667       6.069061497746346E-13    5.506728431797231E-13    0.25                     5.0E10                   2700                     6534.965782448886        3772.964253641858        2502.294445801098
1.92176                  0.578471                 0.7000000000000001       1.4285714285714284       6.442129258776248E-13    5.600651801839609E-13    0.25                     5.0E10                   2700                     6534.965782448886        3772.964253641858        2502.294445801098
1.92176                  0.578471                 0.8                      1.25                     6.974379719900681E-13    5.745399697810348E-13    0.25                     5.0E10                   2700                     6534.965782448886        3772.964253641858        2502.294445801098
1.92176                  0.578471                 0.9                      1.1111111111111112       7.333834475968123E-13    5.815937183339984E-13    0.25                     5.0E10                   2700                     6534.965782448886        3772.964253641858        2502.294445801098
1.92176                  0.578471                 1                        1                        7.965188062459456E-13    6.128493457448188E-13    0.25                     5.0E10                   2700                     6534.965782448886        3772.964253641858        2502.294445801098
1.92176                  0.578471                 1.1                      0.909090909090909        7.960446369862253E-13    6.079470993250902E-13    0.25                     5.0E10                   2700                     6534.965782448886        3772.964253641858        2502.294445801098
1.92176                  0.578471                 1.2000000000000002       0.8333333333333331       7.457800348321466E-13    5.619072720428897E-13    0.25                     5.0E10                   2700                     6534.965782448886        3772.964253641858        2502.294445801098
1.92176                  0.578471                 1.3000000000000003       0.769230769230769        7.581660069424921E-13    5.745199570487E-13       0.25                     5.0E10                   2700                     6534.965782448886        3772.964253641858        2502.294445801098
1.92176                  0.578471                 1.4000000000000001       0.7142857142857142       7.457512765296702E-13    5.909993128220679E-13    0.25                     5.0E10                   2700                     6534.965782448886        3772.964253641858        2502.294445801098
1.92176                  0.578471                 1.5000000000000002       0.6666666666666665       6.43510567342097E-13     5.443287425437886E-13    0.25                     5.0E10                   2700                     6534.965782448886        3772.964253641858        2502.294445801098
1.92176                  0.578471                 1.6                      0.625                    5.699144920519728E-13    5.140513536954078E-13    0.25                     5.0E10                   2700                     6534.965782448886        3772.964253641858        2502.294445801098
1.92176                  0.578471                 1.7000000000000002       0.588235294117647        5.364975585545622E-13    5.131697131555225E-13    0.25                     5.0E10                   2700                     6534.965782448886        3772.964253641858        2502.294445801098
1.92176                  0.578471                 1.8000000000000003       0.5555555555555555       4.968729885918592E-13    5.01456510552213E-13     0.25                     5.0E10                   2700                     6534.965782448886        3772.964253641858        2502.294445801098
1.92176                  0.578471                 1.9000000000000001       0.5263157894736842       4.434046643304048E-13    4.687972758536144E-13    0.25                     5.0E10                   2700                     6534.965782448886        3772.964253641858        2502.294445801098
1.92176                  0.578471                 2                        0.5                      3.9724898430008383E-13   4.358792364659392E-13    0.25                     5.0E10                   2700                     6534.965782448886        3772.964253641858        2502.294445801098
1.92176                  0.578471                 2.1                      0.47619047619047616      3.692021553858567E-13    4.1624345804862394E-13   0.25                     5.0E10                   2700                     6534.965782448886        3772.964253641858        2502.294445801098
1.92176                  0.578471                 2.2                      0.4545454545454545       3.582774302015448E-13    4.1134989389099077E-13   0.25                     5.0E10                   2700                     6534.965782448886        3772.964253641858        2502.294445801098
1.92176                  0.578471                 2.3000000000000003       0.43478260869565216      3.6005711392361174E-13   4.1800979232593985E-13   0.25                     5.0E10                   2700                     6534.965782448886        3772.964253641858        2502.294445801098
1.92176                  0.578471                 2.4000000000000004       0.4166666666666666       3.7016854059333267E-13   4.3227064274873917E-13   0.25                     5.0E10                   2700                     6534.965782448886        3772.964253641858        2502.294445801098
1.92176                  0.578471                 2.5000000000000004       0.3999999999999999       3.848329340369969E-13    4.5036146641974063E-13   0.25                     5.0E10                   2700                     6534.965782448886        3772.964253641858        2502.294445801098
1.92176                  0.578471                 2.6                      0.3846153846153846       4.007289429483118E-13    4.688514443402309E-13    0.25                     5.0E10                   2700                     6534.965782448886        3772.964253641858        2502.294445801098
1.92176                  0.578471                 2.7                      0.37037037037037035      4.1516131266741367E-13   4.84873606983408E-13     0.25                     5.0E10                   2700                     6534.965782448886        3772.964253641858        2502.294445801098
1.92176                  0.578471                 2.8000000000000003       0.3571428571428571       4.2620365611702605E-13   4.964124006421518E-13    0.25                     5.0E10                   2700                     6534.965782448886        3772.964253641858        2502.294445801098
1.92176                  0.578471                 2.9000000000000004       0.3448275862068965       4.329854869904534E-13    5.026229216219706E-13    0.25                     5.0E10                   2700                     6534.965782448886        3772.964253641858        2502.294445801098
1.92176                  0.578471                 3.0000000000000004       0.33333333333333326      4.35264832158397E-13     5.033932978514941E-13    0.25                     5.0E10                   2700                     6534.965782448886        3772.964253641858        2502.294445801098
1.92176                  0.578471                 3.1                      0.32258064516129037      4.3393216077114015E-13   4.998345555854512E-13    0.25                     5.0E10                   2700                     6534.965782448886        3772.964253641858        2502.294445801098
1.92176                  0.578471                 3.2                      0.3125                   4.300489893680797E-13    4.932379166241612E-13    0.25                     5.0E10                   2700                     6534.965782448886        3772.964253641858        2502.294445801098
1.92176                  0.578471                 3.3000000000000003       0.30303030303030304      4.247106025728988E-13    4.849059993813565E-13    0.25                     5.0E10                   2700                     6534.965782448886        3772.964253641858        2502.294445801098
1.92176                  0.578471                 3.4000000000000004       0.2941176470588235       4.1884077034315087E-13   4.759304234199288E-13    0.25                     5.0E10                   2700                     6534.965782448886        3772.964253641858        2502.294445801098
1.92176                  0.578471                 3.5000000000000004       0.2857142857142857       4.1314789467256913E-13   4.671236481419945E-13    0.25                     5.0E10                   2700                     6534.965782448886        3772.964253641858        2502.294445801098
1.92176                  0.578471                 3.6                      0.2777777777777778       4.080819759051055E-13    4.590162187878914E-13    0.25                     5.0E10                   2700                     6534.965782448886        3772.964253641858        2502.294445801098
1.92176                  0.578471                 3.7                      0.2702702702702703       4.03906334810621E-13     4.5191317452495615E-13   0.25                     5.0E10                   2700                     6534.965782448886        3772.964253641858        2502.294445801098
1.92176                  0.578471                 3.8000000000000003       0.2631578947368421       4.0074091457447864E-13   4.459543020254371E-13    0.25                     5.0E10                   2700                     6534.965782448886        3772.964253641858        2502.294445801098
1.92176                  0.578471                 3.9000000000000004       0.2564102564102564       3.986088956635207E-13    4.4116845186112603E-13   0.25                     5.0E10                   2700                     6534.965782448886        3772.964253641858        2502.294445801098
1.92176                  0.578471                 4                        0.25                     3.974719080366365E-13    4.375147265162166E-13    0.25                     5.0E10                   2700                     6534.965782448886        3772.964253641858        2502.294445801098
1.92176                  0.578471                 4.1                      0.24390243902439027      3.972557300817645E-13    4.349120365197533E-13    0.25                     5.0E10                   2700                     6534.965782448886        3772.964253641858        2502.294445801098
1.92176                  0.578471                 4.2                      0.23809523809523808      3.9786761007556794E-13   4.33258895824295E-13     0.25                     5.0E10                   2700                     6534.965782448886        3772.964253641858        2502.294445801098
1.92176                  0.578471                 4.3                      0.23255813953488372      3.9920749962113916E-13   4.324461325925907E-13    0.25                     5.0E10                   2700                     6534.965782448886        3772.964253641858        2502.294445801098
1.92176                  0.578471                 4.3999999999999995       0.22727272727272732      4.0117506123751275E-13   4.3236471500552657E-13   0.25                     5.0E10                   2700                     6534.965782448886        3772.964253641858        2502.294445801098
1.92176                  0.578471                 4.5                      0.22222222222222224      4.036738560170096E-13    4.329103392866244E-13    0.25                     5.0E10                   2700                     6534.965782448886        3772.964253641858        2502.294445801098
1.92176                  0.578471                 4.6                      0.2173913043478261       4.066139865768729E-13    4.339861689496713E-13    0.25                     5.0E10                   2700                     6534.965782448886        3772.964253641858        2502.294445801098
1.92176                  0.578471                 4.7                      0.2127659574468085       4.0991216507141907E-13   4.3550310023299875E-13   0.25                     5.0E10                   2700                     6534.965782448886        3772.964253641858        2502.294445801098
1.92176                  0.578471                 4.8                      0.20833333333333334      4.1349384725690237E-13   4.373815190346919E-13    0.25                     5.0E10                   2700                     6534.965782448886        3772.964253641858        2502.294445801098
1.92176                  0.578471                 4.9                      0.20408163265306117      4.172921610335089E-13    4.3955030981376485E-13   0.25                     5.0E10                   2700                     6534.965782448886        3772.964253641858        2502.294445801098
1.92176                  0.578471                 5                        0.2                      4.2124814454741396E-13   4.419434741223821E-13    0.25                     5.0E10                   2700                     6534.965782448886        3772.964253641858        2502.294445801098
1.92176                  0.578471                 5.1                      0.19607843137254904      4.253080226749284E-13    4.4451255426200484E-13   0.25                     5.0E10                   2700                     6534.965782448886        3772.964253641858        2502.294445801098
1.92176                  0.578471                 5.2                      0.1923076923076923       4.294280369601824E-13    4.472060545865617E-13    0.25                     5.0E10                   2700                     6534.965782448886        3772.964253641858        2502.294445801098
1.92176                  0.578471                 5.3                      0.18867924528301888      4.335695207540773E-13    4.499829541358918E-13    0.25                     5.0E10                   2700                     6534.965782448886        3772.964253641858        2502.294445801098
1.92176                  0.578471                 5.4                      0.18518518518518517      4.3769953993070504E-13   4.528081939134993E-13    0.25                     5.0E10                   2700                     6534.965782448886        3772.964253641858        2502.294445801098
1.92176                  0.578471                 5.5                      0.18181818181818182      4.4179035412580173E-13   4.556520707563171E-13    0.25                     5.0E10                   2700                     6534.965782448886        3772.964253641858        2502.294445801098
1.92176                  0.578471                 5.6                      0.17857142857142858      4.4581889396681314E-13   4.584896616722386E-13    0.25                     5.0E10                   2700                     6534.965782448886        3772.964253641858        2502.294445801098
1.92176                  0.578471                 5.7                      0.17543859649122806      4.497662615044753E-13    4.613002841707881E-13    0.25                     5.0E10                   2700                     6534.965782448886        3772.964253641858        2502.294445801098
1.92176                  0.578471                 5.8                      0.1724137931034483       4.5377373035698015E-13   4.642260763492062E-13    0.25                     5.0E10                   2700                     6534.965782448886        3772.964253641858        2502.294445801098
1.92176                  0.578471                 5.9                      0.1694915254237288       4.575139059198125E-13    4.669317737704793E-13    0.25                     5.0E10                   2700                     6534.965782448886        3772.964253641858        2502.294445801098
1.92176                  0.578471                 6                        0.16666666666666666      4.61136021739617E-13     4.695686397443403E-13    0.25                     5.0E10                   2700                     6534.965782448886        3772.964253641858        2502.294445801098
1.92176                  0.578471                 6.1                      0.16393442622950818      4.646340671846107E-13    4.721288628110221E-13    0.25                     5.0E10                   2700                     6534.965782448886        3772.964253641858        2502.294445801098
1.92176                  0.578471                 6.2                      0.16129032258064518      4.680026161104097E-13    4.746054236416773E-13    0.25                     5.0E10                   2700                     6534.965782448886        3772.964253641858        2502.294445801098
1.92176                  0.578471                 6.3                      0.15873015873015872      4.712395751305763E-13    4.769944235290541E-13    0.25                     5.0E10                   2700                     6534.965782448886        3772.964253641858        2502.294445801098
1.92176                  0.578471                 6.4                      0.15625                  4.743438949045543E-13    4.792930764444893E-13    0.25                     5.0E10                   2700                     6534.965782448886        3772.964253641858        2502.294445801098
1.92176                  0.578471                 6.5                      0.15384615384615383      4.773158145568158E-13    4.814998911382902E-13    0.25                     5.0E10                   2700                     6534.965782448886        3772.964253641858        2502.294445801098
1.92176                  0.578471                 6.6                      0.15151515151515152      4.801566392864979E-13    4.83614455029845E-13     0.25                     5.0E10                   2700                     6534.965782448886        3772.964253641858        2502.294445801098
1.92176                  0.578471                 6.7                      0.1492537313432836       4.828685442746609E-13    4.856372445926133E-13    0.25                     5.0E10                   2700                     6534.965782448886        3772.964253641858        2502.294445801098
1.92176                  0.578471                 6.8                      0.14705882352941177      4.854544029458643E-13    4.875694599379274E-13    0.25                     5.0E10                   2700                     6534.965782448886        3772.964253641858        2502.294445801098
1.92176                  0.578471                 6.9                      0.14492753623188404      4.879176375641742E-13    4.894128813750645E-13    0.25                     5.0E10                   2700                     6534.965782448886        3772.964253641858        2502.294445801098
1.92176                  0.578471                 7                        0.14285714285714285      4.902620902469787E-13    4.911697457905494E-13    0.25                     5.0E10                   2700                     6534.965782448886        3772.964253641858        2502.294445801098
1.92176                  0.578471                 7.1                      0.14084507042253522      4.924919123356608E-13    4.928426407575311E-13    0.25                     5.0E10                   2700                     6534.965782448886        3772.964253641858        2502.294445801098
1.92176                  0.578471                 7.2                      0.1388888888888889       4.946114703157564E-13    4.944344144532133E-13    0.25                     5.0E10                   2700                     6534.965782448886        3772.964253641858        2502.294445801098
1.92176                  0.578471                 7.3                      0.13698630136986303      4.966252663517389E-13    4.959480994915807E-13    0.25                     5.0E10                   2700                     6534.965782448886        3772.964253641858        2502.294445801098
1.92176                  0.578471                 7.4                      0.13513513513513514      4.985378719106578E-13    4.973868490972811E-13    0.25                     5.0E10                   2700                     6534.965782448886        3772.964253641858        2502.294445801098
1.92176                  0.578471                 7.5                      0.13333333333333333      5.003538726751777E-13    4.987538839380767E-13    0.25                     5.0E10                   2700                     6534.965782448886        3772.964253641858        2502.294445801098
1.92176                  0.578471                 7.6                      0.13157894736842105      5.020778235056277E-13    5.000524483508991E-13    0.25                     5.0E10                   2700                     6534.965782448886        3772.964253641858        2502.294445801098
1.92176                  0.578471                 7.7                      0.12987012987012989      5.037142120013972E-13    5.012857746071434E-13    0.25                     5.0E10                   2700                     6534.965782448886        3772.964253641858        2502.294445801098
1.92176                  0.578471                 7.8                      0.12820512820512822      5.052674295096891E-13    5.024570541302968E-13    0.25                     5.0E10                   2700                     6534.965782448886        3772.964253641858        2502.294445801098
1.92176                  0.578471                 7.9                      0.12658227848101267      5.067417485309549E-13    5.035694146514064E-13    0.25                     5.0E10                   2700                     6534.965782448886        3772.964253641858        2502.294445801098
1.92176                  0.578471                 8                        0.125                    5.081413055428047E-13    5.046259024270585E-13    0.25                     5.0E10                   2700                     6534.965782448886        3772.964253641858        2502.294445801098
1.92176                  0.578471                 8.1                      0.1234567901234568       5.094700884561062E-13    5.056294687342015E-13    0.25                     5.0E10                   2700                     6534.965782448886        3772.964253641858        2502.294445801098
1.92176                  0.578471                 8.2                      0.12195121951219513      5.107319278730367E-13    5.065829599421415E-13    0.25                     5.0E10                   2700                     6534.965782448886        3772.964253641858        2502.294445801098
1.92176                  0.578471                 8.3                      0.12048192771084336      5.119304916416063E-13    5.074891106244022E-13    0.25                     5.0E10                   2700                     6534.965782448886        3772.964253641858        2502.294445801098
1.92176                  0.578471                 8.4                      0.11904761904761904      5.130692819968503E-13    5.083505391240133E-13    0.25                     5.0E10                   2700                     6534.965782448886        3772.964253641858        2502.294445801098
1.92176                  0.578471                 8.5                      0.11764705882352941      5.141516349353034E-13    5.091697451929793E-13    0.25                     5.0E10                   2700                     6534.965782448886        3772.964253641858        2502.294445801098
1.92176                  0.578471                 8.6                      0.11627906976744186      5.151807213389747E-13    5.099491093044107E-13    0.25                     5.0E10                   2700                     6534.965782448886        3772.964253641858        2502.294445801098
1.92176                  0.578471                 8.7                      0.11494252873563218      5.161595495063579E-13    5.106908933023993E-13    0.25                     5.0E10                   2700                     6534.965782448886        3772.964253641858        2502.294445801098
1.92176                  0.578471                 8.8                      0.11363636363636362      5.170909687776196E-13    5.113972421244271E-13    0.25                     5.0E10                   2700                     6534.965782448886        3772.964253641858        2502.294445801098
1.92176                  0.578471                 8.9                      0.11235955056179775      5.179776740622544E-13    5.120701863809311E-13    0.25                     5.0E10                   2700                     6534.965782448886        3772.964253641858        2502.294445801098
1.92176                  0.578471                 9                        0.11111111111111112      5.188222109721783E-13    5.12711645580654E-13     0.25                     5.0E10                   2700                     6534.965782448886        3772.964253641858        2502.294445801098
1.92176                  0.578471                 9.1                      0.1098901098901099       5.196269814071563E-13    5.133234318126855E-13    0.25                     5.0E10                   2700                     6534.965782448886        3772.964253641858        2502.294445801098
1.92176                  0.578471                 9.2                      0.10869565217391305      5.203959144654348E-13    5.139087892465703E-13    0.25                     5.0E10                   2700                     6534.965782448886        3772.964253641858        2502.294445801098
1.92176                  0.578471                 9.3                      0.10752688172043011      5.21127850060424E-13     5.144662947681468E-13    0.25                     5.0E10                   2700                     6534.965782448886        3772.964253641858        2502.294445801098
1.92176                  0.578471                 9.4                      0.10638297872340426      5.218264226856642E-13    5.149989607545824E-13    0.25                     5.0E10                   2700                     6534.965782448886        3772.964253641858        2502.294445801098
1.92176                  0.578471                 9.5                      0.10526315789473685      5.224935199994747E-13    5.155082120479141E-13    0.25                     5.0E10                   2700                     6534.965782448886        3772.964253641858        2502.294445801098
1.92176                  0.578471                 9.6                      0.10416666666666667      5.231309165283891E-13    5.159953878431081E-13    0.25                     5.0E10                   2700                     6534.965782448886        3772.964253641858        2502.294445801098
1.92176                  0.578471                 9.700000000000001        0.1030927835051546       5.237402796538204E-13    5.164617461089183E-13    0.25                     5.0E10                   2700                     6534.965782448886        3772.964253641858        2502.294445801098
1.92176                  0.578471                 9.8                      0.10204081632653059      5.243231755320329E-13    5.169084679862831E-13    0.25                     5.0E10                   2700                     6534.965782448886        3772.964253641858        2502.294445801098
1.92176                  0.578471                 9.9                      0.101010101010101        5.248810747658034E-13    5.173366620326457E-13    0.25                     5.0E10                   2700                     6534.965782448886        3772.964253641858        2502.294445801098
1.92176                  0.578471                 10                       0.1                      5.253749212500091E-13    5.176869527329477E-13    0.25                     5.0E10                   2700                     6534.965782448886        3772.964253641858        2502.294445801098
