1.53878                  0.789183                 0.1                      10                       5.331202411971412E-13    5.331296580276836E-13    0.25                     5.0E10                   2700                     5847.658600765875        3376.1472672812083       2502.294445801098
1.53878                  0.789183                 0.2                      5                        5.335202470301336E-13    5.331783571093586E-13    0.25                     5.0E10                   2700                     5847.658600765875        3376.1472672812083       2502.294445801098
1.53878                  0.789183                 0.30000000000000004      3.3333333333333326       5.368415359686945E-13    5.363766847395316E-13    0.25                     5.0E10                   2700                     5847.658600765875        3376.1472672812083       2502.294445801098
1.53878                  0.789183                 0.4                      2.5                      5.319087704131377E-13    5.339252646874457E-13    0.25                     5.0E10                   2700                     5847.658600765875        3376.1472672812083       2502.294445801098
1.53878                  0.789183                 0.5                      2                        5.314567578008834E-13    5.360651226174489E-13    0.25                     5.0E10                   2700                     5847.658600765875        3376.1472672812083       2502.294445801098
1.53878                  0.789183                 0.6                      1.6666666666666667       5.388208853644433E-13    5.43438910988314E-13     0.25                     5.0E10                   2700                     5847.658600765875        3376.1472672812083       2502.294445801098
1.53878                  0.789183                 0.7000000000000001       1.4285714285714284       5.489451954914334E-13    5.482829595143606E-13    0.25                     5.0E10                   2700                     5847.658600765875        3376.1472672812083       2502.294445801098
1.53878                  0.789183                 0.8                      1.25                     5.698682160028591E-13    5.520931499934645E-13    0.25                     5.0E10                   2700                     5847.658600765875        3376.1472672812083       2502.294445801098
1.53878                  0.789183                 0.9                      1.1111111111111112       5.898683645058986E-13    5.570108424622263E-13    0.25                     5.0E10                   2700                     5847.658600765875        3376.1472672812083       2502.294445801098
1.53878                  0.789183                 1                        1                        6.184823547875618E-13    5.641758532139758E-13    0.25                     5.0E10                   2700                     5847.658600765875        3376.1472672812083       2502.294445801098
1.53878                  0.789183                 1.1                      0.909090909090909        6.427205280820439E-13    5.762673657755325E-13    0.25                     5.0E10                   2700                     5847.658600765875        3376.1472672812083       2502.294445801098
1.53878                  0.789183                 1.2000000000000002       0.8333333333333331       6.457565466285771E-13    5.665250505851388E-13    0.25                     5.0E10                   2700                     5847.658600765875        3376.1472672812083       2502.294445801098
1.53878                  0.789183                 1.3000000000000003       0.769230769230769        6.644255215590413E-13    5.683625239153551E-13    0.25                     5.0E10                   2700                     5847.658600765875        3376.1472672812083       2502.294445801098
1.53878                  0.789183                 1.4000000000000001       0.7142857142857142       6.926496845120578E-13    5.861593555952466E-13    0.25                     5.0E10                   2700                     5847.658600765875        3376.1472672812083       2502.294445801098
1.53878                  0.789183                 1.5000000000000002       0.6666666666666665       6.858702710340915E-13    5.822934819438694E-13    0.25                     5.0E10                   2700                     5847.658600765875        3376.1472672812083       2502.294445801098
1.53878                  0.789183                 1.6                      0.625                    6.572765155065975E-13    5.624586771665297E-13    0.25                     5.0E10                   2700                     5847.658600765875        3376.1472672812083       2502.294445801098
1.53878                  0.789183                 1.7000000000000002       0.588235294117647        6.394269357065455E-13    5.529649383834493E-13    0.25                     5.0E10                   2700                     5847.658600765875        3376.1472672812083       2502.294445801098
1.53878                  0.789183                 1.8000000000000003       0.5555555555555555       6.262424943874372E-13    5.504387904766814E-13    0.25                     5.0E10                   2700                     5847.658600765875        3376.1472672812083       2502.294445801098
1.53878                  0.789183                 1.9000000000000001       0.5263157894736842       6.066069750513844E-13    5.457431504500244E-13    0.25                     5.0E10                   2700                     5847.658600765875        3376.1472672812083       2502.294445801098
1.53878                  0.789183                 2                        0.5                      5.787344030587309E-13    5.356026984883849E-13    0.25                     5.0E10                   2700                     5847.658600765875        3376.1472672812083       2502.294445801098
1.53878                  0.789183                 2.1                      0.47619047619047616      5.471365109150792E-13    5.215345128040948E-13    0.25                     5.0E10                   2700                     5847.658600765875        3376.1472672812083       2502.294445801098
1.53878                  0.789183                 2.2                      0.4545454545454545       5.184528616110177E-13    5.078523924925831E-13    0.25                     5.0E10                   2700                     5847.658600765875        3376.1472672812083       2502.294445801098
1.53878                  0.789183                 2.3000000000000003       0.43478260869565216      4.973908615436472E-13    4.984886332491113E-13    0.25                     5.0E10                   2700                     5847.658600765875        3376.1472672812083       2502.294445801098
1.53878                  0.789183                 2.4000000000000004       0.4166666666666666       4.855326362969522E-13    4.953435234005363E-13    0.25                     5.0E10                   2700                     5847.658600765875        3376.1472672812083       2502.294445801098
1.53878                  0.789183                 2.5000000000000004       0.3999999999999999       4.819770778975933E-13    4.981922698200338E-13    0.25                     5.0E10                   2700                     5847.658600765875        3376.1472672812083       2502.294445801098
1.53878                  0.789183                 2.6                      0.3846153846153846       4.843891739101923E-13    5.053578785164802E-13    0.25                     5.0E10                   2700                     5847.658600765875        3376.1472672812083       2502.294445801098
1.53878                  0.789183                 2.7                      0.37037037037037035      4.901242823294043E-13    5.146281294615418E-13    0.25                     5.0E10                   2700                     5847.658600765875        3376.1472672812083       2502.294445801098
1.53878                  0.789183                 2.8000000000000003       0.3571428571428571       4.961002283183079E-13    5.231912603154848E-13    0.25                     5.0E10                   2700                     5847.658600765875        3376.1472672812083       2502.294445801098
1.53878                  0.789183                 2.9000000000000004       0.3448275862068965       5.004338743250075E-13    5.29325318853294E-13     0.25                     5.0E10                   2700                     5847.658600765875        3376.1472672812083       2502.294445801098
1.53878                  0.789183                 3.0000000000000004       0.33333333333333326      5.019404617566367E-13    5.319554967080542E-13    0.25                     5.0E10                   2700                     5847.658600765875        3376.1472672812083       2502.294445801098
1.53878                  0.789183                 3.1                      0.32258064516129037      5.003482390679915E-13    5.309073832928622E-13    0.25                     5.0E10                   2700                     5847.658600765875        3376.1472672812083       2502.294445801098
1.53878                  0.789183                 3.2                      0.3125                   4.960794159660981E-13    5.267031685946241E-13    0.25                     5.0E10                   2700                     5847.658600765875        3376.1472672812083       2502.294445801098
1.53878                  0.789183                 3.3000000000000003       0.30303030303030304      4.899262468910574E-13    5.202363583121027E-13    0.25                     5.0E10                   2700                     5847.658600765875        3376.1472672812083       2502.294445801098
1.53878                  0.789183                 3.4000000000000004       0.2941176470588235       4.827561576362373E-13    5.124798773675323E-13    0.25                     5.0E10                   2700                     5847.658600765875        3376.1472672812083       2502.294445801098
1.53878                  0.789183                 3.5000000000000004       0.2857142857142857       4.753343969553973E-13    5.042584819202295E-13    0.25                     5.0E10                   2700                     5847.658600765875        3376.1472672812083       2502.294445801098
1.53878                  0.789183                 3.6                      0.2777777777777778       4.682316912652553E-13    4.962210252394216E-13    0.25                     5.0E10                   2700                     5847.658600765875        3376.1472672812083       2502.294445801098
1.53878                  0.789183                 3.7                      0.2702702702702703       4.618251176757795E-13    4.887950637476179E-13    0.25                     5.0E10                   2700                     5847.658600765875        3376.1472672812083       2502.294445801098
1.53878                  0.789183                 3.8000000000000003       0.2631578947368421       4.563270172512868E-13    4.822297498428125E-13    0.25                     5.0E10                   2700                     5847.658600765875        3376.1472672812083       2502.294445801098
1.53878                  0.789183                 3.9000000000000004       0.2564102564102564       4.5182661466025534E-13   4.766402595459553E-13    0.25                     5.0E10                   2700                     5847.658600765875        3376.1472672812083       2502.294445801098
1.53878                  0.789183                 4                        0.25                     4.482935894169205E-13    4.720125269841415E-13    0.25                     5.0E10                   2700                     5847.658600765875        3376.1472672812083       2502.294445801098
1.53878                  0.789183                 4.1                      0.24390243902439027      4.4576293902431877E-13   4.683979285656106E-13    0.25                     5.0E10                   2700                     5847.658600765875        3376.1472672812083       2502.294445801098
1.53878                  0.789183                 4.2                      0.23809523809523808      4.4410764375238286E-13   4.656738633839468E-13    0.25                     5.0E10                   2700                     5847.658600765875        3376.1472672812083       2502.294445801098
1.53878                  0.789183                 4.3                      0.23255813953488372      4.4323464161987984E-13   4.637524625681178E-13    0.25                     5.0E10                   2700                     5847.658600765875        3376.1472672812083       2502.294445801098
1.53878                  0.789183                 4.3999999999999995       0.22727272727272732      4.430463188368996E-13    4.625394653422621E-13    0.25                     5.0E10                   2700                     5847.658600765875        3376.1472672812083       2502.294445801098
1.53878                  0.789183                 4.5                      0.22222222222222224      4.434468437105915E-13    4.619411408941344E-13    0.25                     5.0E10                   2700                     5847.658600765875        3376.1472672812083       2502.294445801098
1.53878                  0.789183                 4.6                      0.2173913043478261       4.443458239086784E-13    4.618683740041583E-13    0.25                     5.0E10                   2700                     5847.658600765875        3376.1472672812083       2502.294445801098
1.53878                  0.789183                 4.7                      0.2127659574468085       4.4566025210464337E-13   4.622388958410162E-13    0.25                     5.0E10                   2700                     5847.658600765875        3376.1472672812083       2502.294445801098
1.53878                  0.789183                 4.8                      0.20833333333333334      4.4731535081388625E-13   4.629783153004077E-13    0.25                     5.0E10                   2700                     5847.658600765875        3376.1472672812083       2502.294445801098
1.53878                  0.789183                 4.9                      0.20408163265306117      4.492447286837524E-13    4.64020395132078E-13     0.25                     5.0E10                   2700                     5847.658600765875        3376.1472672812083       2502.294445801098
1.53878                  0.789183                 5                        0.2                      4.513969113052252E-13    4.653102738554435E-13    0.25                     5.0E10                   2700                     5847.658600765875        3376.1472672812083       2502.294445801098
1.53878                  0.789183                 5.1                      0.19607843137254904      4.537060449107238E-13    4.667898152976201E-13    0.25                     5.0E10                   2700                     5847.658600765875        3376.1472672812083       2502.294445801098
1.53878                  0.789183                 5.2                      0.1923076923076923       4.561365350309072E-13    4.684187354643455E-13    0.25                     5.0E10                   2700                     5847.658600765875        3376.1472672812083       2502.294445801098
1.53878                  0.789183                 5.3                      0.18867924528301888      4.586513704639644E-13    4.701597387549414E-13    0.25                     5.0E10                   2700                     5847.658600765875        3376.1472672812083       2502.294445801098
1.53878                  0.789183                 5.4                      0.18518518518518517      4.612190021673935E-13    4.719809530711099E-13    0.25                     5.0E10                   2700                     5847.658600765875        3376.1472672812083       2502.294445801098
1.53878                  0.789183                 5.5                      0.18181818181818182      4.638128911049507E-13    4.73855468774688E-13     0.25                     5.0E10                   2700                     5847.658600765875        3376.1472672812083       2502.294445801098
1.53878                  0.789183                 5.6                      0.17857142857142858      4.664108974883825E-13    4.75760731415317E-13     0.25                     5.0E10                   2700                     5847.658600765875        3376.1472672812083       2502.294445801098
1.53878                  0.789183                 5.7                      0.17543859649122806      4.689947188296587E-13    4.776779824268733E-13    0.25                     5.0E10                   2700                     5847.658600765875        3376.1472672812083       2502.294445801098
1.53878                  0.789183                 5.8                      0.1724137931034483       4.715493800794512E-13    4.7959175174245E-13      0.25                     5.0E10                   2700                     5847.658600765875        3376.1472672812083       2502.294445801098
1.53878                  0.789183                 5.9                      0.1694915254237288       4.740627760833321E-13    4.814894028991852E-13    0.25                     5.0E10                   2700                     5847.658600765875        3376.1472672812083       2502.294445801098
1.53878                  0.789183                 6                        0.16666666666666666      4.765252645065408E-13    4.833607289130421E-13    0.25                     5.0E10                   2700                     5847.658600765875        3376.1472672812083       2502.294445801098
1.53878                  0.789183                 6.1                      0.16393442622950818      4.78929306215378E-13     4.851975959899464E-13    0.25                     5.0E10                   2700                     5847.658600765875        3376.1472672812083       2502.294445801098
1.53878                  0.789183                 6.2                      0.16129032258064518      4.81269149612256E-13     4.869936314500318E-13    0.25                     5.0E10                   2700                     5847.658600765875        3376.1472672812083       2502.294445801098
1.53878                  0.789183                 6.3                      0.15873015873015872      4.835405548644532E-13    4.887439518019261E-13    0.25                     5.0E10                   2700                     5847.658600765875        3376.1472672812083       2502.294445801098
1.53878                  0.789183                 6.4                      0.15625                  4.857405542152393E-13    4.904449269903571E-13    0.25                     5.0E10                   2700                     5847.658600765875        3376.1472672812083       2502.294445801098
1.53878                  0.789183                 6.5                      0.15384615384615383      4.878672444305769E-13    4.920939768342328E-13    0.25                     5.0E10                   2700                     5847.658600765875        3376.1472672812083       2502.294445801098
1.53878                  0.789183                 6.6                      0.15151515151515152      4.899196077734379E-13    4.936893959301691E-13    0.25                     5.0E10                   2700                     5847.658600765875        3376.1472672812083       2502.294445801098
1.53878                  0.789183                 6.7                      0.1492537313432836       4.918973581470748E-13    4.952302035953191E-13    0.25                     5.0E10                   2700                     5847.658600765875        3376.1472672812083       2502.294445801098
1.53878                  0.789183                 6.8                      0.14705882352941177      4.938013048364013E-13    4.967164717548021E-13    0.25                     5.0E10                   2700                     5847.658600765875        3376.1472672812083       2502.294445801098
1.53878                  0.789183                 6.9                      0.14492753623188404      4.956312889962424E-13    4.981474189207463E-13    0.25                     5.0E10                   2700                     5847.658600765875        3376.1472672812083       2502.294445801098
1.53878                  0.789183                 7                        0.14285714285714285      4.973889681554989E-13    4.995239723552842E-13    0.25                     5.0E10                   2700                     5847.658600765875        3376.1472672812083       2502.294445801098
1.53878                  0.789183                 7.1                      0.14084507042253522      4.990758444953791E-13    5.008469457295399E-13    0.25                     5.0E10                   2700                     5847.658600765875        3376.1472672812083       2502.294445801098
1.53878                  0.789183                 7.2                      0.1388888888888889       5.006936614288257E-13    5.021174025285499E-13    0.25                     5.0E10                   2700                     5847.658600765875        3376.1472672812083       2502.294445801098
1.53878                  0.789183                 7.3                      0.13698630136986303      5.022443455670534E-13    5.033366002851196E-13    0.25                     5.0E10                   2700                     5847.658600765875        3376.1472672812083       2502.294445801098
1.53878                  0.789183                 7.4                      0.13513513513513514      5.037299580398561E-13    5.045059438372913E-13    0.25                     5.0E10                   2700                     5847.658600765875        3376.1472672812083       2502.294445801098
1.53878                  0.789183                 7.5                      0.13333333333333333      5.051526537132279E-13    5.05626946239823E-13     0.25                     5.0E10                   2700                     5847.658600765875        3376.1472672812083       2502.294445801098
1.53878                  0.789183                 7.6                      0.13157894736842105      5.065146472963229E-13    5.067011962684429E-13    0.25                     5.0E10                   2700                     5847.658600765875        3376.1472672812083       2502.294445801098
1.53878                  0.789183                 7.7                      0.12987012987012989      5.078181852405473E-13    5.077303314739925E-13    0.25                     5.0E10                   2700                     5847.658600765875        3376.1472672812083       2502.294445801098
1.53878                  0.789183                 7.8                      0.12820512820512822      5.090655226154726E-13    5.087160159836572E-13    0.25                     5.0E10                   2700                     5847.658600765875        3376.1472672812083       2502.294445801098
1.53878                  0.789183                 7.9                      0.12658227848101267      5.104286380958489E-13    5.098196086712317E-13    0.25                     5.0E10                   2700                     5847.658600765875        3376.1472672812083       2502.294445801098
1.53878                  0.789183                 8                        0.125                    5.11561976794575E-13     5.107161445487918E-13    0.25                     5.0E10                   2700                     5847.658600765875        3376.1472672812083       2502.294445801098
1.53878                  0.789183                 8.1                      0.1234567901234568       5.126460296520582E-13    5.115744790827908E-13    0.25                     5.0E10                   2700                     5847.658600765875        3376.1472672812083       2502.294445801098
1.53878                  0.789183                 8.2                      0.12195121951219513      5.136829415007964E-13    5.123962355390749E-13    0.25                     5.0E10                   2700                     5847.658600765875        3376.1472672812083       2502.294445801098
1.53878                  0.789183                 8.3                      0.12048192771084336      5.146747996829035E-13    5.131830005187742E-13    0.25                     5.0E10                   2700                     5847.658600765875        3376.1472672812083       2502.294445801098
1.53878                  0.789183                 8.4                      0.11904761904761904      5.156236284878881E-13    5.139363182489915E-13    0.25                     5.0E10                   2700                     5847.658600765875        3376.1472672812083       2502.294445801098
1.53878                  0.789183                 8.5                      0.11764705882352941      5.165313851859538E-13    5.146576863399758E-13    0.25                     5.0E10                   2700                     5847.658600765875        3376.1472672812083       2502.294445801098
1.53878                  0.789183                 8.6                      0.11627906976744186      5.173999573484001E-13    5.15348552755181E-13     0.25                     5.0E10                   2700                     5847.658600765875        3376.1472672812083       2502.294445801098
1.53878                  0.789183                 8.7                      0.11494252873563218      5.18231161239571E-13     5.160103137663498E-13    0.25                     5.0E10                   2700                     5847.658600765875        3376.1472672812083       2502.294445801098
1.53878                  0.789183                 8.8                      0.11363636363636362      5.190267410743671E-13    5.166443127307874E-13    0.25                     5.0E10                   2700                     5847.658600765875        3376.1472672812083       2502.294445801098
1.53878                  0.789183                 8.9                      0.11235955056179775      5.197883690510505E-13    5.172518395629711E-13    0.25                     5.0E10                   2700                     5847.658600765875        3376.1472672812083       2502.294445801098
1.53878                  0.789183                 9                        0.11111111111111112      5.205176459181829E-13    5.178341307410491E-13    0.25                     5.0E10                   2700                     5847.658600765875        3376.1472672812083       2502.294445801098
1.53878                  0.789183                 9.1                      0.1098901098901099       5.21216102027887E-13     5.183923697489784E-13    0.25                     5.0E10                   2700                     5847.658600765875        3376.1472672812083       2502.294445801098
1.53878                  0.789183                 9.2                      0.10869565217391305      5.218851987651645E-13    5.189276878908298E-13    0.25                     5.0E10                   2700                     5847.658600765875        3376.1472672812083       2502.294445801098
1.53878                  0.789183                 9.3                      0.10752688172043011      5.225263302733368E-13    5.194411653698597E-13    0.25                     5.0E10                   2700                     5847.658600765875        3376.1472672812083       2502.294445801098
1.53878                  0.789183                 9.4                      0.10638297872340426      5.231408253793762E-13    5.199338325895185E-13    0.25                     5.0E10                   2700                     5847.658600765875        3376.1472672812083       2502.294445801098
1.53878                  0.789183                 9.5                      0.10526315789473685      5.237299497058211E-13    5.204066716089599E-13    0.25                     5.0E10                   2700                     5847.658600765875        3376.1472672812083       2502.294445801098
1.53878                  0.789183                 9.6                      0.10416666666666667      5.242949078653104E-13    5.208606177235645E-13    0.25                     5.0E10                   2700                     5847.658600765875        3376.1472672812083       2502.294445801098
1.53878                  0.789183                 9.700000000000001        0.1030927835051546       5.248368457585195E-13    5.212965611246414E-13    0.25                     5.0E10                   2700                     5847.658600765875        3376.1472672812083       2502.294445801098
1.53878                  0.789183                 9.8                      0.10204081632653059      5.25356852921149E-13     5.217153486265206E-13    0.25                     5.0E10                   2700                     5847.658600765875        3376.1472672812083       2502.294445801098
1.53878                  0.789183                 9.9                      0.101010101010101        5.258559648230517E-13    5.221177853798685E-13    0.25                     5.0E10                   2700                     5847.658600765875        3376.1472672812083       2502.294445801098
1.53878                  0.789183                 10                       0.1                      5.262682802569613E-13    5.22435552673196E-13     0.25                     5.0E10                   2700                     5847.658600765875        3376.1472672812083       2502.294445801098
