0.959725                 0.941184                 0.1                      10                       5.331435253244424E-13    5.331459055617173E-13    0.25                     5.0E10                   2700                     4618.140558950347        2666.2846948655115       2502.294445801098
0.959725                 0.941184                 0.2                      5                        5.335019354516591E-13    5.331675241832288E-13    0.25                     5.0E10                   2700                     4618.140558950347        2666.2846948655115       2502.294445801098
0.959725                 0.941184                 0.30000000000000004      3.3333333333333326       5.366578649050822E-13    5.363057369591057E-13    0.25                     5.0E10                   2700                     4618.140558950347        2666.2846948655115       2502.294445801098
0.959725                 0.941184                 0.4                      2.5                      5.329040631325335E-13    5.331644039670944E-13    0.25                     5.0E10                   2700                     4618.140558950347        2666.2846948655115       2502.294445801098
0.959725                 0.941184                 0.5                      2                        5.332625051891033E-13    5.330327989558115E-13    0.25                     5.0E10                   2700                     4618.140558950347        2666.2846948655115       2502.294445801098
0.959725                 0.941184                 0.6                      1.6666666666666667       5.366796462293931E-13    5.360729244530421E-13    0.25                     5.0E10                   2700                     4618.140558950347        2666.2846948655115       2502.294445801098
0.959725                 0.941184                 0.7000000000000001       1.4285714285714284       5.377491721364995E-13    5.364635642977162E-13    0.25                     5.0E10                   2700                     4618.140558950347        2666.2846948655115       2502.294445801098
0.959725                 0.941184                 0.8                      1.25                     5.344664303453475E-13    5.316164085713269E-13    0.25                     5.0E10                   2700                     4618.140558950347        2666.2846948655115       2502.294445801098
0.959725                 0.941184                 0.9                      1.1111111111111112       5.314196495378557E-13    5.316637855251563E-13    0.25                     5.0E10                   2700                     4618.140558950347        2666.2846948655115       2502.294445801098
0.959725                 0.941184                 1                        1                        5.319993923252895E-13    5.305885064698031E-13    0.25                     5.0E10                   2700                     4618.140558950347        2666.2846948655115       2502.294445801098
0.959725                 0.941184                 1.1                      0.909090909090909        5.298126540332918E-13    5.324411172640212E-13    0.25                     5.0E10                   2700                     4618.140558950347        2666.2846948655115       2502.294445801098
0.959725                 0.941184                 1.2000000000000002       0.8333333333333331       5.286236105385743E-13    5.33122203090872E-13     0.25                     5.0E10                   2700                     4618.140558950347        2666.2846948655115       2502.294445801098
0.959725                 0.941184                 1.3000000000000003       0.769230769230769        5.276383775026179E-13    5.314784233444936E-13    0.25                     5.0E10                   2700                     4618.140558950347        2666.2846948655115       2502.294445801098
0.959725                 0.941184                 1.4000000000000001       0.7142857142857142       5.264610684653536E-13    5.315966833180003E-13    0.25                     5.0E10                   2700                     4618.140558950347        2666.2846948655115       2502.294445801098
0.959725                 0.941184                 1.5000000000000002       0.6666666666666665       5.241295873028934E-13    5.322659750330245E-13    0.25                     5.0E10                   2700                     4618.140558950347        2666.2846948655115       2502.294445801098
0.959725                 0.941184                 1.6                      0.625                    5.202095616488285E-13    5.301139374488079E-13    0.25                     5.0E10                   2700                     4618.140558950347        2666.2846948655115       2502.294445801098
0.959725                 0.941184                 1.7000000000000002       0.588235294117647        5.240043681209235E-13    5.336006875975488E-13    0.25                     5.0E10                   2700                     4618.140558950347        2666.2846948655115       2502.294445801098
0.959725                 0.941184                 1.8000000000000003       0.5555555555555555       5.275893298518602E-13    5.356406472356406E-13    0.25                     5.0E10                   2700                     4618.140558950347        2666.2846948655115       2502.294445801098
0.959725                 0.941184                 1.9000000000000001       0.5263157894736842       5.270312477387609E-13    5.331923804354647E-13    0.25                     5.0E10                   2700                     4618.140558950347        2666.2846948655115       2502.294445801098
0.959725                 0.941184                 2                        0.5                      5.267442692216639E-13    5.313608259785038E-13    0.25                     5.0E10                   2700                     4618.140558950347        2666.2846948655115       2502.294445801098
0.959725                 0.941184                 2.1                      0.47619047619047616      5.291706346525783E-13    5.32887065988818E-13     0.25                     5.0E10                   2700                     4618.140558950347        2666.2846948655115       2502.294445801098
0.959725                 0.941184                 2.2                      0.4545454545454545       5.324790344042525E-13    5.359089092763571E-13    0.25                     5.0E10                   2700                     4618.140558950347        2666.2846948655115       2502.294445801098
0.959725                 0.941184                 2.3000000000000003       0.43478260869565216      5.34260673705509E-13     5.37770930387956E-13     0.25                     5.0E10                   2700                     4618.140558950347        2666.2846948655115       2502.294445801098
0.959725                 0.941184                 2.4000000000000004       0.4166666666666666       5.339893664683355E-13    5.375977922425995E-13    0.25                     5.0E10                   2700                     4618.140558950347        2666.2846948655115       2502.294445801098
0.959725                 0.941184                 2.5000000000000004       0.3999999999999999       5.325871614121811E-13    5.361814016121347E-13    0.25                     5.0E10                   2700                     4618.140558950347        2666.2846948655115       2502.294445801098
0.959725                 0.941184                 2.6                      0.3846153846153846       5.313616775830877E-13    5.347228115722862E-13    0.25                     5.0E10                   2700                     4618.140558950347        2666.2846948655115       2502.294445801098
0.959725                 0.941184                 2.7                      0.37037037037037035      5.31067655494728E-13     5.339669590404009E-13    0.25                     5.0E10                   2700                     4618.140558950347        2666.2846948655115       2502.294445801098
0.959725                 0.941184                 2.8000000000000003       0.3571428571428571       5.317948064336668E-13    5.340555066436329E-13    0.25                     5.0E10                   2700                     4618.140558950347        2666.2846948655115       2502.294445801098
0.959725                 0.941184                 2.9000000000000004       0.3448275862068965       5.332263282453581E-13    5.347352755067843E-13    0.25                     5.0E10                   2700                     4618.140558950347        2666.2846948655115       2502.294445801098
0.959725                 0.941184                 3.0000000000000004       0.33333333333333326      5.349278780760547E-13    5.356290916781364E-13    0.25                     5.0E10                   2700                     4618.140558950347        2666.2846948655115       2502.294445801098
0.959725                 0.941184                 3.1                      0.32258064516129037      5.365419707780872E-13    5.364241790561996E-13    0.25                     5.0E10                   2700                     4618.140558950347        2666.2846948655115       2502.294445801098
0.959725                 0.941184                 3.2                      0.3125                   5.379660096655254E-13    5.370587008429281E-13    0.25                     5.0E10                   2700                     4618.140558950347        2666.2846948655115       2502.294445801098
0.959725                 0.941184                 3.3000000000000003       0.30303030303030304      5.389415044560206E-13    5.372788769405472E-13    0.25                     5.0E10                   2700                     4618.140558950347        2666.2846948655115       2502.294445801098
0.959725                 0.941184                 3.4000000000000004       0.2941176470588235       5.396442755557902E-13    5.372922839762825E-13    0.25                     5.0E10                   2700                     4618.140558950347        2666.2846948655115       2502.294445801098
0.959725                 0.941184                 3.5000000000000004       0.2857142857142857       5.401591651786894E-13    5.371783952033589E-13    0.25                     5.0E10                   2700                     4618.140558950347        2666.2846948655115       2502.294445801098
0.959725                 0.941184                 3.6                      0.2777777777777778       5.406071018259138E-13    5.370728555828903E-13    0.25                     5.0E10                   2700                     4618.140558950347        2666.2846948655115       2502.294445801098
0.959725                 0.941184                 3.7                      0.2702702702702703       5.41077006566649E-13     5.370695029411401E-13    0.25                     5.0E10                   2700                     4618.140558950347        2666.2846948655115       2502.294445801098
0.959725                 0.941184                 3.8000000000000003       0.2631578947368421       5.4162471894523E-13      5.372274103062565E-13    0.25                     5.0E10                   2700                     4618.140558950347        2666.2846948655115       2502.294445801098
0.959725                 0.941184                 3.9000000000000004       0.2564102564102564       5.422727486947599E-13    5.375706536299953E-13    0.25                     5.0E10                   2700                     4618.140558950347        2666.2846948655115       2502.294445801098
0.959725                 0.941184                 4                        0.25                     5.430158190368386E-13    5.380939052609051E-13    0.25                     5.0E10                   2700                     4618.140558950347        2666.2846948655115       2502.294445801098
0.959725                 0.941184                 4.1                      0.24390243902439027      5.438290095829841E-13    5.387705563968296E-13    0.25                     5.0E10                   2700                     4618.140558950347        2666.2846948655115       2502.294445801098
0.959725                 0.941184                 4.2                      0.23809523809523808      5.446759638105766E-13    5.395609751204168E-13    0.25                     5.0E10                   2700                     4618.140558950347        2666.2846948655115       2502.294445801098
0.959725                 0.941184                 4.3                      0.23255813953488372      5.455159482883927E-13    5.404196968055063E-13    0.25                     5.0E10                   2700                     4618.140558950347        2666.2846948655115       2502.294445801098
0.959725                 0.941184                 4.3999999999999995       0.22727272727272732      5.463093583647475E-13    5.413010944500083E-13    0.25                     5.0E10                   2700                     4618.140558950347        2666.2846948655115       2502.294445801098
0.959725                 0.941184                 4.5                      0.22222222222222224      5.470210600039763E-13    5.421631565621365E-13    0.25                     5.0E10                   2700                     4618.140558950347        2666.2846948655115       2502.294445801098
0.959725                 0.941184                 4.6                      0.2173913043478261       5.476231024197445E-13    5.429702374473557E-13    0.25                     5.0E10                   2700                     4618.140558950347        2666.2846948655115       2502.294445801098
0.959725                 0.941184                 4.7                      0.2127659574468085       5.480953370675662E-13    5.436941503787447E-13    0.25                     5.0E10                   2700                     4618.140558950347        2666.2846948655115       2502.294445801098
0.959725                 0.941184                 4.8                      0.20833333333333334      5.485122140739536E-13    5.444036046000811E-13    0.25                     5.0E10                   2700                     4618.140558950347        2666.2846948655115       2502.294445801098
0.959725                 0.941184                 4.9                      0.20408163265306117      5.48687502846262E-13     5.448989209039928E-13    0.25                     5.0E10                   2700                     4618.140558950347        2666.2846948655115       2502.294445801098
0.959725                 0.941184                 5                        0.2                      5.487321947742898E-13    5.452787383368635E-13    0.25                     5.0E10                   2700                     4618.140558950347        2666.2846948655115       2502.294445801098
0.959725                 0.941184                 5.1                      0.19607843137254904      5.486219396653887E-13    5.455283238419102E-13    0.25                     5.0E10                   2700                     4618.140558950347        2666.2846948655115       2502.294445801098
0.959725                 0.941184                 5.2                      0.1923076923076923       5.483837443115503E-13    5.456593691349384E-13    0.25                     5.0E10                   2700                     4618.140558950347        2666.2846948655115       2502.294445801098
0.959725                 0.941184                 5.3                      0.18867924528301888      5.48030644337545E-13     5.456791878867814E-13    0.25                     5.0E10                   2700                     4618.140558950347        2666.2846948655115       2502.294445801098
0.959725                 0.941184                 5.4                      0.18518518518518517      5.475773606000432E-13    5.455975129669727E-13    0.25                     5.0E10                   2700                     4618.140558950347        2666.2846948655115       2502.294445801098
0.959725                 0.941184                 5.5                      0.18181818181818182      5.470396042783448E-13    5.454258069408734E-13    0.25                     5.0E10                   2700                     4618.140558950347        2666.2846948655115       2502.294445801098
0.959725                 0.941184                 5.6                      0.17857142857142858      5.464326240536076E-13    5.451757698219292E-13    0.25                     5.0E10                   2700                     4618.140558950347        2666.2846948655115       2502.294445801098
0.959725                 0.941184                 5.7                      0.17543859649122806      5.457717556686197E-13    5.448598618248554E-13    0.25                     5.0E10                   2700                     4618.140558950347        2666.2846948655115       2502.294445801098
0.959725                 0.941184                 5.8                      0.1724137931034483       5.45071290712239E-13     5.444901113893369E-13    0.25                     5.0E10                   2700                     4618.140558950347        2666.2846948655115       2502.294445801098
0.959725                 0.941184                 5.9                      0.1694915254237288       5.443443843604684E-13    5.440779612697441E-13    0.25                     5.0E10                   2700                     4618.140558950347        2666.2846948655115       2502.294445801098
0.959725                 0.941184                 6                        0.16666666666666666      5.436028897273208E-13    5.436340381470706E-13    0.25                     5.0E10                   2700                     4618.140558950347        2666.2846948655115       2502.294445801098
0.959725                 0.941184                 6.1                      0.16393442622950818      5.428572784818897E-13    5.431680088058292E-13    0.25                     5.0E10                   2700                     4618.140558950347        2666.2846948655115       2502.294445801098
0.959725                 0.941184                 6.2                      0.16129032258064518      5.421166280802113E-13    5.42688505479835E-13     0.25                     5.0E10                   2700                     4618.140558950347        2666.2846948655115       2502.294445801098
0.959725                 0.941184                 6.3                      0.15873015873015872      5.41388658207337E-13     5.422031045221729E-13    0.25                     5.0E10                   2700                     4618.140558950347        2666.2846948655115       2502.294445801098
0.959725                 0.941184                 6.4                      0.15625                  5.406798018883092E-13    5.417183447355902E-13    0.25                     5.0E10                   2700                     4618.140558950347        2666.2846948655115       2502.294445801098
0.959725                 0.941184                 6.5                      0.15384615384615383      5.399952992185756E-13    5.412397738188644E-13    0.25                     5.0E10                   2700                     4618.140558950347        2666.2846948655115       2502.294445801098
0.959725                 0.941184                 6.6                      0.15151515151515152      5.393393042949597E-13    5.407720135876096E-13    0.25                     5.0E10                   2700                     4618.140558950347        2666.2846948655115       2502.294445801098
0.959725                 0.941184                 6.7                      0.1492537313432836       5.387149981106327E-13    5.403188365851511E-13    0.25                     5.0E10                   2700                     4618.140558950347        2666.2846948655115       2502.294445801098
0.959725                 0.941184                 6.8                      0.14705882352941177      5.381247019920996E-13    5.398832483682599E-13    0.25                     5.0E10                   2700                     4618.140558950347        2666.2846948655115       2502.294445801098
0.959725                 0.941184                 6.9                      0.14492753623188404      5.37569987715934E-13     5.394675712240331E-13    0.25                     5.0E10                   2700                     4618.140558950347        2666.2846948655115       2502.294445801098
0.959725                 0.941184                 7                        0.14285714285714285      5.370517817967452E-13    5.390735262796602E-13    0.25                     5.0E10                   2700                     4618.140558950347        2666.2846948655115       2502.294445801098
0.959725                 0.941184                 7.1                      0.14084507042253522      5.365704621773207E-13    5.387023118678382E-13    0.25                     5.0E10                   2700                     4618.140558950347        2666.2846948655115       2502.294445801098
0.959725                 0.941184                 7.2                      0.1388888888888889       5.361259465658018E-13    5.383546768118376E-13    0.25                     5.0E10                   2700                     4618.140558950347        2666.2846948655115       2502.294445801098
0.959725                 0.941184                 7.3                      0.13698630136986303      5.35717771914279E-13     5.380309877961895E-13    0.25                     5.0E10                   2700                     4618.140558950347        2666.2846948655115       2502.294445801098
0.959725                 0.941184                 7.4                      0.13513513513513514      5.353456740701397E-13    5.377318021110112E-13    0.25                     5.0E10                   2700                     4618.140558950347        2666.2846948655115       2502.294445801098
0.959725                 0.941184                 7.5                      0.13333333333333333      5.350076442322126E-13    5.374559034754562E-13    0.25                     5.0E10                   2700                     4618.140558950347        2666.2846948655115       2502.294445801098
0.959725                 0.941184                 7.6                      0.13157894736842105      5.347029484472689E-13    5.372033385146715E-13    0.25                     5.0E10                   2700                     4618.140558950347        2666.2846948655115       2502.294445801098
0.959725                 0.941184                 7.7                      0.12987012987012989      5.344302266040335E-13    5.369734942291473E-13    0.25                     5.0E10                   2700                     4618.140558950347        2666.2846948655115       2502.294445801098
0.959725                 0.941184                 7.8                      0.12820512820512822      5.341880127330346E-13    5.367656200795775E-13    0.25                     5.0E10                   2700                     4618.140558950347        2666.2846948655115       2502.294445801098
0.959725                 0.941184                 7.9                      0.12658227848101267      5.339747692657391E-13    5.36578860226072E-13     0.25                     5.0E10                   2700                     4618.140558950347        2666.2846948655115       2502.294445801098
0.959725                 0.941184                 8                        0.125                    5.337889159025366E-13    5.36412281201073E-13     0.25                     5.0E10                   2700                     4618.140558950347        2666.2846948655115       2502.294445801098
0.959725                 0.941184                 8.1                      0.1234567901234568       5.33628853734017E-13     5.362648954846483E-13    0.25                     5.0E10                   2700                     4618.140558950347        2666.2846948655115       2502.294445801098
0.959725                 0.941184                 8.2                      0.12195121951219513      5.334929850611749E-13    5.36135681362912E-13     0.25                     5.0E10                   2700                     4618.140558950347        2666.2846948655115       2502.294445801098
0.959725                 0.941184                 8.3                      0.12048192771084336      5.333797296963947E-13    5.360235996185788E-13    0.25                     5.0E10                   2700                     4618.140558950347        2666.2846948655115       2502.294445801098
0.959725                 0.941184                 8.4                      0.11904761904761904      5.332875379688016E-13    5.359276073202789E-13    0.25                     5.0E10                   2700                     4618.140558950347        2666.2846948655115       2502.294445801098
0.959725                 0.941184                 8.5                      0.11764705882352941      5.332149010949189E-13    5.358466691674277E-13    0.25                     5.0E10                   2700                     4618.140558950347        2666.2846948655115       2502.294445801098
0.959725                 0.941184                 8.6                      0.11627906976744186      5.331603591537155E-13    5.357797666606021E-13    0.25                     5.0E10                   2700                     4618.140558950347        2666.2846948655115       2502.294445801098
0.959725                 0.941184                 8.7                      0.11494252873563218      5.331225071069497E-13    5.357259054299801E-13    0.25                     5.0E10                   2700                     4618.140558950347        2666.2846948655115       2502.294445801098
0.959725                 0.941184                 8.8                      0.11363636363636362      5.330999991205055E-13    5.356841209548545E-13    0.25                     5.0E10                   2700                     4618.140558950347        2666.2846948655115       2502.294445801098
0.959725                 0.941184                 8.9                      0.11235955056179775      5.330915514970382E-13    5.356534829418393E-13    0.25                     5.0E10                   2700                     4618.140558950347        2666.2846948655115       2502.294445801098
0.959725                 0.941184                 9                        0.11111111111111112      5.330959444284301E-13    5.356330985477069E-13    0.25                     5.0E10                   2700                     4618.140558950347        2666.2846948655115       2502.294445801098
0.959725                 0.941184                 9.1                      0.1098901098901099       5.331120227639775E-13    5.356221146206343E-13    0.25                     5.0E10                   2700                     4618.140558950347        2666.2846948655115       2502.294445801098
0.959725                 0.941184                 9.2                      0.10869565217391305      5.331386959952571E-13    5.356197191445181E-13    0.25                     5.0E10                   2700                     4618.140558950347        2666.2846948655115       2502.294445801098
0.959725                 0.941184                 9.3                      0.10752688172043011      5.331749375842245E-13    5.356251419846007E-13    0.25                     5.0E10                   2700                     4618.140558950347        2666.2846948655115       2502.294445801098
0.959725                 0.941184                 9.4                      0.10638297872340426      5.332197837944154E-13    5.356376551083095E-13    0.25                     5.0E10                   2700                     4618.140558950347        2666.2846948655115       2502.294445801098
0.959725                 0.941184                 9.5                      0.10526315789473685      5.334112830759259E-13    5.357688091338373E-13    0.25                     5.0E10                   2700                     4618.140558950347        2666.2846948655115       2502.294445801098
0.959725                 0.941184                 9.6                      0.10416666666666667      5.334653872495477E-13    5.357897797505193E-13    0.25                     5.0E10                   2700                     4618.140558950347        2666.2846948655115       2502.294445801098
0.959725                 0.941184                 9.700000000000001        0.1030927835051546       5.335257449618703E-13    5.358160133068373E-13    0.25                     5.0E10                   2700                     4618.140558950347        2666.2846948655115       2502.294445801098
0.959725                 0.941184                 9.8                      0.10204081632653059      5.33591627151029E-13     5.358469476014567E-13    0.25                     5.0E10                   2700                     4618.140558950347        2666.2846948655115       2502.294445801098
0.959725                 0.941184                 9.9                      0.101010101010101        5.336623559403723E-13    5.358820572921579E-13    0.25                     5.0E10                   2700                     4618.140558950347        2666.2846948655115       2502.294445801098
0.959725                 0.941184                 10                       0.1                      5.336557484911223E-13    5.358441943802628E-13    0.25                     5.0E10                   2700                     4618.140558950347        2666.2846948655115       2502.294445801098
