1.83915                  0.957796                 0.1                      10                       5.331240232508036E-13    5.331345192542942E-13    0.25                     5.0E10                   2700                     6392.964883369844        3690.979996333404        2502.294445801098
1.83915                  0.957796                 0.2                      5                        5.334610426088753E-13    5.331337480648058E-13    0.25                     5.0E10                   2700                     6392.964883369844        3690.979996333404        2502.294445801098
1.83915                  0.957796                 0.30000000000000004      3.3333333333333326       5.366398794030732E-13    5.363183985952814E-13    0.25                     5.0E10                   2700                     6392.964883369844        3690.979996333404        2502.294445801098
1.83915                  0.957796                 0.4                      2.5                      5.334099094607657E-13    5.33559976974426E-13     0.25                     5.0E10                   2700                     6392.964883369844        3690.979996333404        2502.294445801098
1.83915                  0.957796                 0.5                      2                        5.321789092705923E-13    5.345541986387945E-13    0.25                     5.0E10                   2700                     6392.964883369844        3690.979996333404        2502.294445801098
1.83915                  0.957796                 0.6                      1.6666666666666667       5.337704831984073E-13    5.404056550412043E-13    0.25                     5.0E10                   2700                     6392.964883369844        3690.979996333404        2502.294445801098
1.83915                  0.957796                 0.7000000000000001       1.4285714285714284       5.319225364412271E-13    5.452034081205506E-13    0.25                     5.0E10                   2700                     6392.964883369844        3690.979996333404        2502.294445801098
1.83915                  0.957796                 0.8                      1.25                     5.424964012964028E-13    5.479771557572279E-13    0.25                     5.0E10                   2700                     6392.964883369844        3690.979996333404        2502.294445801098
1.83915                  0.957796                 0.9                      1.1111111111111112       5.598261301469614E-13    5.522158969290109E-13    0.25                     5.0E10                   2700                     6392.964883369844        3690.979996333404        2502.294445801098
1.83915                  0.957796                 1                        1                        5.857188562663124E-13    5.571742229678625E-13    0.25                     5.0E10                   2700                     6392.964883369844        3690.979996333404        2502.294445801098
1.83915                  0.957796                 1.1                      0.909090909090909        6.125204809423313E-13    5.711134213605397E-13    0.25                     5.0E10                   2700                     6392.964883369844        3690.979996333404        2502.294445801098
1.83915                  0.957796                 1.2000000000000002       0.8333333333333331       6.248519383859386E-13    5.677857277235651E-13    0.25                     5.0E10                   2700                     6392.964883369844        3690.979996333404        2502.294445801098
1.83915                  0.957796                 1.3000000000000003       0.769230769230769        6.478278591939946E-13    5.701584068417689E-13    0.25                     5.0E10                   2700                     6392.964883369844        3690.979996333404        2502.294445801098
1.83915                  0.957796                 1.4000000000000001       0.7142857142857142       6.814524664427049E-13    5.860484831105018E-13    0.25                     5.0E10                   2700                     6392.964883369844        3690.979996333404        2502.294445801098
1.83915                  0.957796                 1.5000000000000002       0.6666666666666665       6.963533278645367E-13    5.905877258738974E-13    0.25                     5.0E10                   2700                     6392.964883369844        3690.979996333404        2502.294445801098
1.83915                  0.957796                 1.6                      0.625                    6.952929880053814E-13    5.825606959488272E-13    0.25                     5.0E10                   2700                     6392.964883369844        3690.979996333404        2502.294445801098
1.83915                  0.957796                 1.7000000000000002       0.588235294117647        6.953797071266224E-13    5.765655268041765E-13    0.25                     5.0E10                   2700                     6392.964883369844        3690.979996333404        2502.294445801098
1.83915                  0.957796                 1.8000000000000003       0.5555555555555555       6.907928669236111E-13    5.713351123298998E-13    0.25                     5.0E10                   2700                     6392.964883369844        3690.979996333404        2502.294445801098
1.83915                  0.957796                 1.9000000000000001       0.5263157894736842       6.786290103249962E-13    5.669901448991709E-13    0.25                     5.0E10                   2700                     6392.964883369844        3690.979996333404        2502.294445801098
1.83915                  0.957796                 2                        0.5                      6.57119857895039E-13     5.617860125131425E-13    0.25                     5.0E10                   2700                     6392.964883369844        3690.979996333404        2502.294445801098
1.83915                  0.957796                 2.1                      0.47619047619047616      6.244978923761509E-13    5.511792221012329E-13    0.25                     5.0E10                   2700                     6392.964883369844        3690.979996333404        2502.294445801098
1.83915                  0.957796                 2.2                      0.4545454545454545       5.862750417893118E-13    5.357505128449793E-13    0.25                     5.0E10                   2700                     6392.964883369844        3690.979996333404        2502.294445801098
1.83915                  0.957796                 2.3000000000000003       0.43478260869565216      5.520290219595073E-13    5.211746920201368E-13    0.25                     5.0E10                   2700                     6392.964883369844        3690.979996333404        2502.294445801098
1.83915                  0.957796                 2.4000000000000004       0.4166666666666666       5.283330178804925E-13    5.127107610111231E-13    0.25                     5.0E10                   2700                     6392.964883369844        3690.979996333404        2502.294445801098
1.83915                  0.957796                 2.5000000000000004       0.3999999999999999       5.161647779202849E-13    5.119722152242526E-13    0.25                     5.0E10                   2700                     6392.964883369844        3690.979996333404        2502.294445801098
1.83915                  0.957796                 2.6                      0.3846153846153846       5.13377676738855E-13     5.177677142902459E-13    0.25                     5.0E10                   2700                     6392.964883369844        3690.979996333404        2502.294445801098
1.83915                  0.957796                 2.7                      0.37037037037037035      5.162571028108922E-13    5.271924277738006E-13    0.25                     5.0E10                   2700                     6392.964883369844        3690.979996333404        2502.294445801098
1.83915                  0.957796                 2.8000000000000003       0.3571428571428571       5.208467923748743E-13    5.368220358889665E-13    0.25                     5.0E10                   2700                     6392.964883369844        3690.979996333404        2502.294445801098
1.83915                  0.957796                 2.9000000000000004       0.3448275862068965       5.238710931522386E-13    5.436816716837913E-13    0.25                     5.0E10                   2700                     6392.964883369844        3690.979996333404        2502.294445801098
1.83915                  0.957796                 3.0000000000000004       0.33333333333333326      5.233367163891573E-13    5.459555099383727E-13    0.25                     5.0E10                   2700                     6392.964883369844        3690.979996333404        2502.294445801098
1.83915                  0.957796                 3.1                      0.32258064516129037      5.186916215170783E-13    5.432304965485382E-13    0.25                     5.0E10                   2700                     6392.964883369844        3690.979996333404        2502.294445801098
1.83915                  0.957796                 3.2                      0.3125                   5.10516600849188E-13     5.362291602265401E-13    0.25                     5.0E10                   2700                     6392.964883369844        3690.979996333404        2502.294445801098
1.83915                  0.957796                 3.3000000000000003       0.30303030303030304      4.999620089867702E-13    5.262507617923935E-13    0.25                     5.0E10                   2700                     6392.964883369844        3690.979996333404        2502.294445801098
1.83915                  0.957796                 3.4000000000000004       0.2941176470588235       4.883448619131848E-13    5.147697409869402E-13    0.25                     5.0E10                   2700                     6392.964883369844        3690.979996333404        2502.294445801098
1.83915                  0.957796                 3.5000000000000004       0.2857142857142857       4.767284322495308E-13    5.029486346636663E-13    0.25                     5.0E10                   2700                     6392.964883369844        3690.979996333404        2502.294445801098
1.83915                  0.957796                 3.6                      0.2777777777777778       4.658495494631611E-13    4.91636950272712E-13     0.25                     5.0E10                   2700                     6392.964883369844        3690.979996333404        2502.294445801098
1.83915                  0.957796                 3.7                      0.2702702702702703       4.561498033479467E-13    4.813509514228638E-13    0.25                     5.0E10                   2700                     6392.964883369844        3690.979996333404        2502.294445801098
1.83915                  0.957796                 3.8000000000000003       0.2631578947368421       4.478390003544332E-13    4.72353863940457E-13     0.25                     5.0E10                   2700                     6392.964883369844        3690.979996333404        2502.294445801098
1.83915                  0.957796                 3.9000000000000004       0.2564102564102564       4.409682427791869E-13    4.647335820288229E-13    0.25                     5.0E10                   2700                     6392.964883369844        3690.979996333404        2502.294445801098
1.83915                  0.957796                 4                        0.25                     4.354903507169324E-13    4.584676800756457E-13    0.25                     5.0E10                   2700                     6392.964883369844        3690.979996333404        2502.294445801098
1.83915                  0.957796                 4.1                      0.24390243902439027      4.3130344735553954E-13   4.534706245573052E-13    0.25                     5.0E10                   2700                     6392.964883369844        3690.979996333404        2502.294445801098
1.83915                  0.957796                 4.2                      0.23809523809523808      4.2827983808420477E-13   4.496253823705634E-13    0.25                     5.0E10                   2700                     6392.964883369844        3690.979996333404        2502.294445801098
1.83915                  0.957796                 4.3                      0.23255813953488372      4.2628393204460934E-13   4.4680328487399024E-13   0.25                     5.0E10                   2700                     6392.964883369844        3690.979996333404        2502.294445801098
1.83915                  0.957796                 4.3999999999999995       0.22727272727272732      4.2518268803605797E-13   4.448758104943807E-13    0.25                     5.0E10                   2700                     6392.964883369844        3690.979996333404        2502.294445801098
1.83915                  0.957796                 4.5                      0.22222222222222224      4.248514004445476E-13    4.4372122796071786E-13   0.25                     5.0E10                   2700                     6392.964883369844        3690.979996333404        2502.294445801098
1.83915                  0.957796                 4.6                      0.2173913043478261       4.251757337324196E-13    4.432273820705888E-13    0.25                     5.0E10                   2700                     6392.964883369844        3690.979996333404        2502.294445801098
1.83915                  0.957796                 4.7                      0.2127659574468085       4.260535101541827E-13    4.432936116958058E-13    0.25                     5.0E10                   2700                     6392.964883369844        3690.979996333404        2502.294445801098
1.83915                  0.957796                 4.8                      0.20833333333333334      4.274565973116898E-13    4.4389897337435394E-13   0.25                     5.0E10                   2700                     6392.964883369844        3690.979996333404        2502.294445801098
1.83915                  0.957796                 4.9                      0.20408163265306117      4.291871557906146E-13    4.448345682971452E-13    0.25                     5.0E10                   2700                     6392.964883369844        3690.979996333404        2502.294445801098
1.83915                  0.957796                 5                        0.2                      4.3123750723621786E-13   4.4609963683639247E-13   0.25                     5.0E10                   2700                     6392.964883369844        3690.979996333404        2502.294445801098
1.83915                  0.957796                 5.1                      0.19607843137254904      4.3352952495683893E-13   4.4761816525700976E-13   0.25                     5.0E10                   2700                     6392.964883369844        3690.979996333404        2502.294445801098
1.83915                  0.957796                 5.2                      0.1923076923076923       4.360204220541728E-13    4.493474669735461E-13    0.25                     5.0E10                   2700                     6392.964883369844        3690.979996333404        2502.294445801098
1.83915                  0.957796                 5.3                      0.18867924528301888      4.3866496351758393E-13   4.512432728401407E-13    0.25                     5.0E10                   2700                     6392.964883369844        3690.979996333404        2502.294445801098
1.83915                  0.957796                 5.4                      0.18518518518518517      4.4142419397924197E-13   4.5326755394972224E-13   0.25                     5.0E10                   2700                     6392.964883369844        3690.979996333404        2502.294445801098
1.83915                  0.957796                 5.5                      0.18181818181818182      4.44264670625649E-13     4.553877458041349E-13    0.25                     5.0E10                   2700                     6392.964883369844        3690.979996333404        2502.294445801098
1.83915                  0.957796                 5.6                      0.17857142857142858      4.471580085189916E-13    4.575762868709339E-13    0.25                     5.0E10                   2700                     6392.964883369844        3690.979996333404        2502.294445801098
1.83915                  0.957796                 5.7                      0.17543859649122806      4.50079362770185E-13     4.598090777495741E-13    0.25                     5.0E10                   2700                     6392.964883369844        3690.979996333404        2502.294445801098
1.83915                  0.957796                 5.8                      0.1724137931034483       4.530082511525833E-13    4.620663135331401E-13    0.25                     5.0E10                   2700                     6392.964883369844        3690.979996333404        2502.294445801098
1.83915                  0.957796                 5.9                      0.1694915254237288       4.559271861783059E-13    4.643310981850107E-13    0.25                     5.0E10                   2700                     6392.964883369844        3690.979996333404        2502.294445801098
1.83915                  0.957796                 6                        0.16666666666666666      4.588214861615249E-13    4.665892533155652E-13    0.25                     5.0E10                   2700                     6392.964883369844        3690.979996333404        2502.294445801098
1.83915                  0.957796                 6.1                      0.16393442622950818      4.616789140484251E-13    4.688289544631708E-13    0.25                     5.0E10                   2700                     6392.964883369844        3690.979996333404        2502.294445801098
1.83915                  0.957796                 6.2                      0.16129032258064518      4.644893610084052E-13    4.710404140247148E-13    0.25                     5.0E10                   2700                     6392.964883369844        3690.979996333404        2502.294445801098
1.83915                  0.957796                 6.3                      0.15873015873015872      4.672445690487084E-13    4.732156049903083E-13    0.25                     5.0E10                   2700                     6392.964883369844        3690.979996333404        2502.294445801098
1.83915                  0.957796                 6.4                      0.15625                  4.69937887870375E-13     4.753480203650614E-13    0.25                     5.0E10                   2700                     6392.964883369844        3690.979996333404        2502.294445801098
1.83915                  0.957796                 6.5                      0.15384615384615383      4.725640615742095E-13    4.774324636635724E-13    0.25                     5.0E10                   2700                     6392.964883369844        3690.979996333404        2502.294445801098
1.83915                  0.957796                 6.6                      0.15151515151515152      4.751190414261953E-13    4.79464866436398E-13     0.25                     5.0E10                   2700                     6392.964883369844        3690.979996333404        2502.294445801098
1.83915                  0.957796                 6.7                      0.1492537313432836       4.775998214398889E-13    4.814421293298508E-13    0.25                     5.0E10                   2700                     6392.964883369844        3690.979996333404        2502.294445801098
1.83915                  0.957796                 6.8                      0.14705882352941177      4.800042939537277E-13    4.83361983614483E-13     0.25                     5.0E10                   2700                     6392.964883369844        3690.979996333404        2502.294445801098
1.83915                  0.957796                 6.9                      0.14492753623188404      4.823311226393009E-13    4.852228704939286E-13    0.25                     5.0E10                   2700                     6392.964883369844        3690.979996333404        2502.294445801098
1.83915                  0.957796                 7                        0.14285714285714285      4.845796309498817E-13    4.870238359378947E-13    0.25                     5.0E10                   2700                     6392.964883369844        3690.979996333404        2502.294445801098
1.83915                  0.957796                 7.1                      0.14084507042253522      4.867497040187103E-13    4.887644390196639E-13    0.25                     5.0E10                   2700                     6392.964883369844        3690.979996333404        2502.294445801098
1.83915                  0.957796                 7.2                      0.1388888888888889       4.888417025394841E-13    4.904446720581245E-13    0.25                     5.0E10                   2700                     6392.964883369844        3690.979996333404        2502.294445801098
1.83915                  0.957796                 7.3                      0.13698630136986303      4.908563870771011E-13    4.920648910355167E-13    0.25                     5.0E10                   2700                     6392.964883369844        3690.979996333404        2502.294445801098
1.83915                  0.957796                 7.4                      0.13513513513513514      4.927953766690003E-13    4.936262572457971E-13    0.25                     5.0E10                   2700                     6392.964883369844        3690.979996333404        2502.294445801098
1.83915                  0.957796                 7.5                      0.13333333333333333      4.946590177445249E-13    4.951287007347568E-13    0.25                     5.0E10                   2700                     6392.964883369844        3690.979996333404        2502.294445801098
1.83915                  0.957796                 7.6                      0.13157894736842105      4.964494030440651E-13    4.965738137132328E-13    0.25                     5.0E10                   2700                     6392.964883369844        3690.979996333404        2502.294445801098
1.83915                  0.957796                 7.7                      0.12987012987012989      4.981683067409987E-13    4.979628754097465E-13    0.25                     5.0E10                   2700                     6392.964883369844        3690.979996333404        2502.294445801098
1.83915                  0.957796                 7.8                      0.12820512820512822      4.998176445062159E-13    4.992972957120669E-13    0.25                     5.0E10                   2700                     6392.964883369844        3690.979996333404        2502.294445801098
1.83915                  0.957796                 7.9                      0.12658227848101267      5.013994399293843E-13    5.005785854887115E-13    0.25                     5.0E10                   2700                     6392.964883369844        3690.979996333404        2502.294445801098
1.83915                  0.957796                 8                        0.125                    5.02915795417719E-13     5.018083310055975E-13    0.25                     5.0E10                   2700                     6392.964883369844        3690.979996333404        2502.294445801098
1.83915                  0.957796                 8.1                      0.1234567901234568       5.043688671436981E-13    5.029881719731909E-13    0.25                     5.0E10                   2700                     6392.964883369844        3690.979996333404        2502.294445801098
1.83915                  0.957796                 8.2                      0.12195121951219513      5.057608434302419E-13    5.041197827195233E-13    0.25                     5.0E10                   2700                     6392.964883369844        3690.979996333404        2502.294445801098
1.83915                  0.957796                 8.3                      0.12048192771084336      5.070939263881716E-13    5.05204856199122E-13     0.25                     5.0E10                   2700                     6392.964883369844        3690.979996333404        2502.294445801098
1.83915                  0.957796                 8.4                      0.11904761904761904      5.08370316214368E-13     5.062450903932442E-13    0.25                     5.0E10                   2700                     6392.964883369844        3690.979996333404        2502.294445801098
1.83915                  0.957796                 8.5                      0.11764705882352941      5.09592197985447E-13     5.072421768706927E-13    0.25                     5.0E10                   2700                     6392.964883369844        3690.979996333404        2502.294445801098
1.83915                  0.957796                 8.6                      0.11627906976744186      5.107617305982295E-13    5.081977912221578E-13    0.25                     5.0E10                   2700                     6392.964883369844        3690.979996333404        2502.294445801098
1.83915                  0.957796                 8.7                      0.11494252873563218      5.118810375813694E-13    5.091135851166585E-13    0.25                     5.0E10                   2700                     6392.964883369844        3690.979996333404        2502.294445801098
1.83915                  0.957796                 8.8                      0.11363636363636362      5.129521995709197E-13    5.099911797873637E-13    0.25                     5.0E10                   2700                     6392.964883369844        3690.979996333404        2502.294445801098
1.83915                  0.957796                 8.9                      0.11235955056179775      5.139772482463998E-13    5.108321607629241E-13    0.25                     5.0E10                   2700                     6392.964883369844        3690.979996333404        2502.294445801098
1.83915                  0.957796                 9                        0.11111111111111112      5.149581615278339E-13    5.11638073673585E-13     0.25                     5.0E10                   2700                     6392.964883369844        3690.979996333404        2502.294445801098
1.83915                  0.957796                 9.1                      0.1098901098901099       5.158968598585294E-13    5.124104209875498E-13    0.25                     5.0E10                   2700                     6392.964883369844        3690.979996333404        2502.294445801098
1.83915                  0.957796                 9.2                      0.10869565217391305      5.167952034485394E-13    5.131506595512894E-13    0.25                     5.0E10                   2700                     6392.964883369844        3690.979996333404        2502.294445801098
1.83915                  0.957796                 9.3                      0.10752688172043011      5.176549903514906E-13    5.13860198831365E-13     0.25                     5.0E10                   2700                     6392.964883369844        3690.979996333404        2502.294445801098
1.83915                  0.957796                 9.4                      0.10638297872340426      5.184779552212656E-13    5.14540399736048E-13     0.25                     5.0E10                   2700                     6392.964883369844        3690.979996333404        2502.294445801098
1.83915                  0.957796                 9.5                      0.10526315789473685      5.192657687054132E-13    5.151925739538515E-13    0.25                     5.0E10                   2700                     6392.964883369844        3690.979996333404        2502.294445801098
1.83915                  0.957796                 9.6                      0.10416666666666667      5.201810251730246E-13    5.15964852032353E-13     0.25                     5.0E10                   2700                     6392.964883369844        3690.979996333404        2502.294445801098
1.83915                  0.957796                 9.700000000000001        0.1030927835051546       5.20895731502246E-13     5.165584388852237E-13    0.25                     5.0E10                   2700                     6392.964883369844        3690.979996333404        2502.294445801098
1.83915                  0.957796                 9.8                      0.10204081632653059      5.215802907539612E-13    5.171279559525402E-13    0.25                     5.0E10                   2700                     6392.964883369844        3690.979996333404        2502.294445801098
1.83915                  0.957796                 9.9                      0.101010101010101        5.22236107206499E-13     5.176745064608307E-13    0.25                     5.0E10                   2700                     6392.964883369844        3690.979996333404        2502.294445801098
1.83915                  0.957796                 10                       0.1                      5.227997080683567E-13    5.181376126047535E-13    0.25                     5.0E10                   2700                     6392.964883369844        3690.979996333404        2502.294445801098
