1.80444                  0.3012                   0.1                      10                       5.333356882745471E-13    5.331706272331769E-13    0.25                     5.0E10                   2700                     6332.350800979575        3655.9844395487          2502.294445801098
1.80444                  0.3012                   0.2                      5                        5.5738197159161E-13      5.347539609240961E-13    0.25                     5.0E10                   2700                     6332.350800979575        3655.9844395487          2502.294445801098
1.80444                  0.3012                   0.30000000000000004      3.3333333333333326       6.120856683012559E-13    5.46598962302466E-13     0.25                     5.0E10                   2700                     6332.350800979575        3655.9844395487          2502.294445801098
1.80444                  0.3012                   0.4                      2.5                      6.623681723770069E-13    5.411419177613169E-13    0.25                     5.0E10                   2700                     6332.350800979575        3655.9844395487          2502.294445801098
1.80444                  0.3012                   0.5                      2                        7.459545504897809E-13    5.836051228603692E-13    0.25                     5.0E10                   2700                     6332.350800979575        3655.9844395487          2502.294445801098
1.80444                  0.3012                   0.6                      1.6666666666666667       7.980906818799683E-13    6.017164486836745E-13    0.25                     5.0E10                   2700                     6332.350800979575        3655.9844395487          2502.294445801098
1.80444                  0.3012                   0.7000000000000001       1.4285714285714284       7.415002106658482E-13    5.744415120998827E-13    0.25                     5.0E10                   2700                     6332.350800979575        3655.9844395487          2502.294445801098
1.80444                  0.3012                   0.8                      1.25                     6.845231812959065E-13    5.485753073794732E-13    0.25                     5.0E10                   2700                     6332.350800979575        3655.9844395487          2502.294445801098
1.80444                  0.3012                   0.9                      1.1111111111111112       5.986105261708013E-13    5.090708167380542E-13    0.25                     5.0E10                   2700                     6332.350800979575        3655.9844395487          2502.294445801098
1.80444                  0.3012                   1                        1                        6.157607048991922E-13    5.549725806472398E-13    0.25                     5.0E10                   2700                     6332.350800979575        3655.9844395487          2502.294445801098
1.80444                  0.3012                   1.1                      0.909090909090909        4.960226161642884E-13    4.810585693800405E-13    0.25                     5.0E10                   2700                     6332.350800979575        3655.9844395487          2502.294445801098
1.80444                  0.3012                   1.2000000000000002       0.8333333333333331       4.0559619756753666E-13   4.206741238297247E-13    0.25                     5.0E10                   2700                     6332.350800979575        3655.9844395487          2502.294445801098
1.80444                  0.3012                   1.3000000000000003       0.769230769230769        3.995323017433148E-13    4.4578509717247766E-13   0.25                     5.0E10                   2700                     6332.350800979575        3655.9844395487          2502.294445801098
1.80444                  0.3012                   1.4000000000000001       0.7142857142857142       3.853004390116134E-13    4.62030594950835E-13     0.25                     5.0E10                   2700                     6332.350800979575        3655.9844395487          2502.294445801098
1.80444                  0.3012                   1.5000000000000002       0.6666666666666665       3.6025427850774385E-13   4.562194424541721E-13    0.25                     5.0E10                   2700                     6332.350800979575        3655.9844395487          2502.294445801098
1.80444                  0.3012                   1.6                      0.625                    3.4232778777277967E-13   4.4930242114500604E-13   0.25                     5.0E10                   2700                     6332.350800979575        3655.9844395487          2502.294445801098
1.80444                  0.3012                   1.7000000000000002       0.588235294117647        3.219174189692409E-13    4.321805868098015E-13    0.25                     5.0E10                   2700                     6332.350800979575        3655.9844395487          2502.294445801098
1.80444                  0.3012                   1.8000000000000003       0.5555555555555555       2.987164346796891E-13    4.062598567246993E-13    0.25                     5.0E10                   2700                     6332.350800979575        3655.9844395487          2502.294445801098
1.80444                  0.3012                   1.9000000000000001       0.5263157894736842       2.823407293463163E-13    3.85980867138644E-13     0.25                     5.0E10                   2700                     6332.350800979575        3655.9844395487          2502.294445801098
1.80444                  0.3012                   2                        0.5                      2.768895710204313E-13    3.781968862587904E-13    0.25                     5.0E10                   2700                     6332.350800979575        3655.9844395487          2502.294445801098
1.80444                  0.3012                   2.1                      0.47619047619047616      2.8083760110550207E-13   3.8160966810216197E-13   0.25                     5.0E10                   2700                     6332.350800979575        3655.9844395487          2502.294445801098
1.80444                  0.3012                   2.2                      0.4545454545454545       2.912385389357105E-13    3.925151447821187E-13    0.25                     5.0E10                   2700                     6332.350800979575        3655.9844395487          2502.294445801098
1.80444                  0.3012                   2.3000000000000003       0.43478260869565216      3.055687627419914E-13    4.076084999316511E-13    0.25                     5.0E10                   2700                     6332.350800979575        3655.9844395487          2502.294445801098
1.80444                  0.3012                   2.4000000000000004       0.4166666666666666       3.2205438989182857E-13   4.245886403880411E-13    0.25                     5.0E10                   2700                     6332.350800979575        3655.9844395487          2502.294445801098
1.80444                  0.3012                   2.5000000000000004       0.3999999999999999       3.3943855133214564E-13   4.418914920158473E-13    0.25                     5.0E10                   2700                     6332.350800979575        3655.9844395487          2502.294445801098
1.80444                  0.3012                   2.6                      0.3846153846153846       3.5654026996342056E-13   4.581841032870973E-13    0.25                     5.0E10                   2700                     6332.350800979575        3655.9844395487          2502.294445801098
1.80444                  0.3012                   2.7                      0.37037037037037035      3.7228797804668175E-13   4.722820974348707E-13    0.25                     5.0E10                   2700                     6332.350800979575        3655.9844395487          2502.294445801098
1.80444                  0.3012                   2.8000000000000003       0.3571428571428571       3.857070233612403E-13    4.831683745008435E-13    0.25                     5.0E10                   2700                     6332.350800979575        3655.9844395487          2502.294445801098
1.80444                  0.3012                   2.9000000000000004       0.3448275862068965       3.9614180522133265E-13   4.902281858822888E-13    0.25                     5.0E10                   2700                     6332.350800979575        3655.9844395487          2502.294445801098
1.80444                  0.3012                   3.0000000000000004       0.33333333333333326      4.033960722396001E-13    4.933943353112325E-13    0.25                     5.0E10                   2700                     6332.350800979575        3655.9844395487          2502.294445801098
1.80444                  0.3012                   3.1                      0.32258064516129037      4.077007552238486E-13    4.930944224802839E-13    0.25                     5.0E10                   2700                     6332.350800979575        3655.9844395487          2502.294445801098
1.80444                  0.3012                   3.2                      0.3125                   4.096633138077198E-13    4.901415959475749E-13    0.25                     5.0E10                   2700                     6332.350800979575        3655.9844395487          2502.294445801098
1.80444                  0.3012                   3.3000000000000003       0.30303030303030304      4.1002163103984784E-13   4.854817337149751E-13    0.25                     5.0E10                   2700                     6332.350800979575        3655.9844395487          2502.294445801098
1.80444                  0.3012                   3.4000000000000004       0.2941176470588235       4.094666169252686E-13    4.799501592816473E-13    0.25                     5.0E10                   2700                     6332.350800979575        3655.9844395487          2502.294445801098
1.80444                  0.3012                   3.5000000000000004       0.2857142857142857       4.0858822498885065E-13   4.742691246414049E-13    0.25                     5.0E10                   2700                     6332.350800979575        3655.9844395487          2502.294445801098
1.80444                  0.3012                   3.6                      0.2777777777777778       4.0781847400996947E-13   4.689277686402421E-13    0.25                     5.0E10                   2700                     6332.350800979575        3655.9844395487          2502.294445801098
1.80444                  0.3012                   3.7                      0.2702702702702703       4.0744456270314866E-13   4.642459466775751E-13    0.25                     5.0E10                   2700                     6332.350800979575        3655.9844395487          2502.294445801098
1.80444                  0.3012                   3.8000000000000003       0.2631578947368421       4.076321206033025E-13    4.603985492166515E-13    0.25                     5.0E10                   2700                     6332.350800979575        3655.9844395487          2502.294445801098
1.80444                  0.3012                   3.9000000000000004       0.2564102564102564       4.084548752554082E-13    4.574538938496349E-13    0.25                     5.0E10                   2700                     6332.350800979575        3655.9844395487          2502.294445801098
1.80444                  0.3012                   4                        0.25                     4.0992074204735055E-13   4.554064816352195E-13    0.25                     5.0E10                   2700                     6332.350800979575        3655.9844395487          2502.294445801098
1.80444                  0.3012                   4.1                      0.24390243902439027      4.1199553320588593E-13   4.5420486353251114E-13   0.25                     5.0E10                   2700                     6332.350800979575        3655.9844395487          2502.294445801098
1.80444                  0.3012                   4.2                      0.23809523809523808      4.1461858015551963E-13   4.537701534096169E-13    0.25                     5.0E10                   2700                     6332.350800979575        3655.9844395487          2502.294445801098
1.80444                  0.3012                   4.3                      0.23255813953488372      4.177149878080703E-13    4.540098073694512E-13    0.25                     5.0E10                   2700                     6332.350800979575        3655.9844395487          2502.294445801098
1.80444                  0.3012                   4.3999999999999995       0.22727272727272732      4.2120396569845235E-13   4.548267393648679E-13    0.25                     5.0E10                   2700                     6332.350800979575        3655.9844395487          2502.294445801098
1.80444                  0.3012                   4.5                      0.22222222222222224      4.250044463740528E-13    4.561252404969682E-13    0.25                     5.0E10                   2700                     6332.350800979575        3655.9844395487          2502.294445801098
1.80444                  0.3012                   4.6                      0.2173913043478261       4.29038755226086E-13     4.578146683088233E-13    0.25                     5.0E10                   2700                     6332.350800979575        3655.9844395487          2502.294445801098
1.80444                  0.3012                   4.7                      0.2127659574468085       4.3323490261983944E-13   4.598116091633102E-13    0.25                     5.0E10                   2700                     6332.350800979575        3655.9844395487          2502.294445801098
1.80444                  0.3012                   4.8                      0.20833333333333334      4.3752790840551035E-13   4.620410064733986E-13    0.25                     5.0E10                   2700                     6332.350800979575        3655.9844395487          2502.294445801098
1.80444                  0.3012                   4.9                      0.20408163265306117      4.418604482209484E-13    4.644365937226735E-13    0.25                     5.0E10                   2700                     6332.350800979575        3655.9844395487          2502.294445801098
1.80444                  0.3012                   5                        0.2                      4.4618354883531097E-13   4.669347956418098E-13    0.25                     5.0E10                   2700                     6332.350800979575        3655.9844395487          2502.294445801098
1.80444                  0.3012                   5.1                      0.19607843137254904      4.504512039103236E-13    4.694984414091581E-13    0.25                     5.0E10                   2700                     6332.350800979575        3655.9844395487          2502.294445801098
1.80444                  0.3012                   5.2                      0.1923076923076923       4.5463257523907956E-13   4.720800585539342E-13    0.25                     5.0E10                   2700                     6332.350800979575        3655.9844395487          2502.294445801098
1.80444                  0.3012                   5.3                      0.18867924528301888      4.586991366235268E-13    4.746451200668554E-13    0.25                     5.0E10                   2700                     6332.350800979575        3655.9844395487          2502.294445801098
1.80444                  0.3012                   5.4                      0.18518518518518517      4.626299257168372E-13    4.771668493826363E-13    0.25                     5.0E10                   2700                     6332.350800979575        3655.9844395487          2502.294445801098
1.80444                  0.3012                   5.5                      0.18181818181818182      4.664089426633013E-13    4.796238305941416E-13    0.25                     5.0E10                   2700                     6332.350800979575        3655.9844395487          2502.294445801098
1.80444                  0.3012                   5.6                      0.17857142857142858      4.700249524018819E-13    4.819996938442868E-13    0.25                     5.0E10                   2700                     6332.350800979575        3655.9844395487          2502.294445801098
1.80444                  0.3012                   5.7                      0.17543859649122806      4.734708252007132E-13    4.842824226440742E-13    0.25                     5.0E10                   2700                     6332.350800979575        3655.9844395487          2502.294445801098
1.80444                  0.3012                   5.8                      0.1724137931034483       4.767429094899034E-13    4.864637049387032E-13    0.25                     5.0E10                   2700                     6332.350800979575        3655.9844395487          2502.294445801098
1.80444                  0.3012                   5.9                      0.1694915254237288       4.798404490338694E-13    4.885383367258628E-13    0.25                     5.0E10                   2700                     6332.350800979575        3655.9844395487          2502.294445801098
1.80444                  0.3012                   6                        0.16666666666666666      4.827650518913963E-13    4.905036829971655E-13    0.25                     5.0E10                   2700                     6332.350800979575        3655.9844395487          2502.294445801098
1.80444                  0.3012                   6.1                      0.16393442622950818      4.855202149330244E-13    4.923591977730183E-13    0.25                     5.0E10                   2700                     6332.350800979575        3655.9844395487          2502.294445801098
1.80444                  0.3012                   6.2                      0.16129032258064518      4.881109049995697E-13    4.941060026491868E-13    0.25                     5.0E10                   2700                     6332.350800979575        3655.9844395487          2502.294445801098
1.80444                  0.3012                   6.3                      0.15873015873015872      4.905431954055285E-13    4.957465214898459E-13    0.25                     5.0E10                   2700                     6332.350800979575        3655.9844395487          2502.294445801098
1.80444                  0.3012                   6.4                      0.15625                  4.928239551430332E-13    4.972841677914087E-13    0.25                     5.0E10                   2700                     6332.350800979575        3655.9844395487          2502.294445801098
1.80444                  0.3012                   6.5                      0.15384615384615383      4.949605869329576E-13    4.987230804033126E-13    0.25                     5.0E10                   2700                     6332.350800979575        3655.9844395487          2502.294445801098
1.80444                  0.3012                   6.6                      0.15151515151515152      4.969608097238203E-13    5.000679029162355E-13    0.25                     5.0E10                   2700                     6332.350800979575        3655.9844395487          2502.294445801098
1.80444                  0.3012                   6.7                      0.1492537313432836       4.988324809265046E-13    5.013236018875241E-13    0.25                     5.0E10                   2700                     6332.350800979575        3655.9844395487          2502.294445801098
1.80444                  0.3012                   6.8                      0.14705882352941177      5.005834536449564E-13    5.024953191296919E-13    0.25                     5.0E10                   2700                     6332.350800979575        3655.9844395487          2502.294445801098
1.80444                  0.3012                   6.9                      0.14492753623188404      5.022214641733724E-13    5.035882534872428E-13    0.25                     5.0E10                   2700                     6332.350800979575        3655.9844395487          2502.294445801098
1.80444                  0.3012                   7                        0.14285714285714285      5.037540455404094E-13    5.046075678751332E-13    0.25                     5.0E10                   2700                     6332.350800979575        3655.9844395487          2502.294445801098
1.80444                  0.3012                   7.1                      0.14084507042253522      5.051884629621737E-13    5.055583177062887E-13    0.25                     5.0E10                   2700                     6332.350800979575        3655.9844395487          2502.294445801098
1.80444                  0.3012                   7.2                      0.1388888888888889       5.065316676996694E-13    5.064453972337869E-13    0.25                     5.0E10                   2700                     6332.350800979575        3655.9844395487          2502.294445801098
1.80444                  0.3012                   7.3                      0.13698630136986303      5.077902659343644E-13    5.072735006771289E-13    0.25                     5.0E10                   2700                     6332.350800979575        3655.9844395487          2502.294445801098
1.80444                  0.3012                   7.4                      0.13513513513513514      5.089705000700511E-13    5.080470955579399E-13    0.25                     5.0E10                   2700                     6332.350800979575        3655.9844395487          2502.294445801098
1.80444                  0.3012                   7.5                      0.13333333333333333      5.100782397964091E-13    5.087704058078897E-13    0.25                     5.0E10                   2700                     6332.350800979575        3655.9844395487          2502.294445801098
1.80444                  0.3012                   7.6                      0.13157894736842105      5.111189810371059E-13    5.094474027859126E-13    0.25                     5.0E10                   2700                     6332.350800979575        3655.9844395487          2502.294445801098
1.80444                  0.3012                   7.7                      0.12987012987012989      5.120978508788707E-13    5.100818024389608E-13    0.25                     5.0E10                   2700                     6332.350800979575        3655.9844395487          2502.294445801098
1.80444                  0.3012                   7.8                      0.12820512820512822      5.130214606695794E-13    5.106787134340792E-13    0.25                     5.0E10                   2700                     6332.350800979575        3655.9844395487          2502.294445801098
1.80444                  0.3012                   7.9                      0.12658227848101267      5.138905954955342E-13    5.112381088720262E-13    0.25                     5.0E10                   2700                     6332.350800979575        3655.9844395487          2502.294445801098
1.80444                  0.3012                   8                        0.125                    5.147111373104194E-13    5.117645586388479E-13    0.25                     5.0E10                   2700                     6332.350800979575        3655.9844395487          2502.294445801098
1.80444                  0.3012                   8.1                      0.1234567901234568       5.154868620652212E-13    5.122608084915877E-13    0.25                     5.0E10                   2700                     6332.350800979575        3655.9844395487          2502.294445801098
1.80444                  0.3012                   8.2                      0.12195121951219513      5.162212491206462E-13    5.127293862615086E-13    0.25                     5.0E10                   2700                     6332.350800979575        3655.9844395487          2502.294445801098
1.80444                  0.3012                   8.3                      0.12048192771084336      5.169174994920562E-13    5.131726141286253E-13    0.25                     5.0E10                   2700                     6332.350800979575        3655.9844395487          2502.294445801098
1.80444                  0.3012                   8.4                      0.11904761904761904      5.175785540090209E-13    5.135926212294725E-13    0.25                     5.0E10                   2700                     6332.350800979575        3655.9844395487          2502.294445801098
1.80444                  0.3012                   8.5                      0.11764705882352941      5.182071112635449E-13    5.1399135637611E-13      0.25                     5.0E10                   2700                     6332.350800979575        3655.9844395487          2502.294445801098
1.80444                  0.3012                   8.6                      0.11627906976744186      5.188056450398112E-13    5.143706006353864E-13    0.25                     5.0E10                   2700                     6332.350800979575        3655.9844395487          2502.294445801098
1.80444                  0.3012                   8.7                      0.11494252873563218      5.193764210969333E-13    5.14731979571685E-13     0.25                     5.0E10                   2700                     6332.350800979575        3655.9844395487          2502.294445801098
1.80444                  0.3012                   8.8                      0.11363636363636362      5.199215131356786E-13    5.150769750423315E-13    0.25                     5.0E10                   2700                     6332.350800979575        3655.9844395487          2502.294445801098
1.80444                  0.3012                   8.9                      0.11235955056179775      5.20442817999588E-13     5.154069364852542E-13    0.25                     5.0E10                   2700                     6332.350800979575        3655.9844395487          2502.294445801098
1.80444                  0.3012                   9                        0.11111111111111112      5.20942069917905E-13     5.157230915940207E-13    0.25                     5.0E10                   2700                     6332.350800979575        3655.9844395487          2502.294445801098
1.80444                  0.3012                   9.1                      0.1098901098901099       5.214208538925613E-13    5.160265563769184E-13    0.25                     5.0E10                   2700                     6332.350800979575        3655.9844395487          2502.294445801098
1.80444                  0.3012                   9.2                      0.10869565217391305      5.218806181717427E-13    5.163183445900532E-13    0.25                     5.0E10                   2700                     6332.350800979575        3655.9844395487          2502.294445801098
1.80444                  0.3012                   9.3                      0.10752688172043011      5.223226858434936E-13    5.165993765172718E-13    0.25                     5.0E10                   2700                     6332.350800979575        3655.9844395487          2502.294445801098
1.80444                  0.3012                   9.4                      0.10638297872340426      5.227482655969645E-13    5.168704871529286E-13    0.25                     5.0E10                   2700                     6332.350800979575        3655.9844395487          2502.294445801098
1.80444                  0.3012                   9.5                      0.10526315789473685      5.231584616532401E-13    5.171324337474278E-13    0.25                     5.0E10                   2700                     6332.350800979575        3655.9844395487          2502.294445801098
1.80444                  0.3012                   9.6                      0.10416666666666667      5.235542828839568E-13    5.173859027855882E-13    0.25                     5.0E10                   2700                     6332.350800979575        3655.9844395487          2502.294445801098
1.80444                  0.3012                   9.700000000000001        0.1030927835051546       5.239366512722768E-13    5.176315164212149E-13    0.25                     5.0E10                   2700                     6332.350800979575        3655.9844395487          2502.294445801098
1.80444                  0.3012                   9.8                      0.10204081632653059      5.243064096369215E-13    5.178698383783176E-13    0.25                     5.0E10                   2700                     6332.350800979575        3655.9844395487          2502.294445801098
1.80444                  0.3012                   9.9                      0.101010101010101        5.246643286808347E-13    5.18101379344665E-13     0.25                     5.0E10                   2700                     6332.350800979575        3655.9844395487          2502.294445801098
1.80444                  0.3012                   10                       0.1                      5.250151454839763E-13    5.182800674527961E-13    0.25                     5.0E10                   2700                     6332.350800979575        3655.9844395487          2502.294445801098
