1.73259                  0.179538                 0.1                      10                       5.331912349585028E-13    5.335018989492984E-13    0.25                     5.0E10                   2700                     6204.997985495241        3582.457257246763        2502.294445801098
1.73259                  0.179538                 0.2                      5                        6.157179338904796E-13    5.454937826954166E-13    0.25                     5.0E10                   2700                     6204.997985495241        3582.457257246763        2502.294445801098
1.73259                  0.179538                 0.30000000000000004      3.3333333333333326       7.799616474879326E-13    5.927348278574977E-13    0.25                     5.0E10                   2700                     6204.997985495241        3582.457257246763        2502.294445801098
1.73259                  0.179538                 0.4                      2.5                      6.812048474771673E-13    5.517240516509301E-13    0.25                     5.0E10                   2700                     6204.997985495241        3582.457257246763        2502.294445801098
1.73259                  0.179538                 0.5                      2                        6.856883651185882E-13    6.095851842166906E-13    0.25                     5.0E10                   2700                     6204.997985495241        3582.457257246763        2502.294445801098
1.73259                  0.179538                 0.6                      1.6666666666666667       5.339688032093644E-13    5.357685504799737E-13    0.25                     5.0E10                   2700                     6204.997985495241        3582.457257246763        2502.294445801098
1.73259                  0.179538                 0.7000000000000001       1.4285714285714284       4.572977460894284E-13    4.935930867824949E-13    0.25                     5.0E10                   2700                     6204.997985495241        3582.457257246763        2502.294445801098
1.73259                  0.179538                 0.8                      1.25                     4.2634279480040853E-13   4.647908325299122E-13    0.25                     5.0E10                   2700                     6204.997985495241        3582.457257246763        2502.294445801098
1.73259                  0.179538                 0.9                      1.1111111111111112       3.8238024410466133E-13   4.3198667512089793E-13   0.25                     5.0E10                   2700                     6204.997985495241        3582.457257246763        2502.294445801098
1.73259                  0.179538                 1                        1                        4.384062610974759E-13    5.094062643546578E-13    0.25                     5.0E10                   2700                     6204.997985495241        3582.457257246763        2502.294445801098
1.73259                  0.179538                 1.1                      0.909090909090909        3.502649805616434E-13    4.3197252773567346E-13   0.25                     5.0E10                   2700                     6204.997985495241        3582.457257246763        2502.294445801098
1.73259                  0.179538                 1.2000000000000002       0.8333333333333331       2.932310114571869E-13    3.7980107656144626E-13   0.25                     5.0E10                   2700                     6204.997985495241        3582.457257246763        2502.294445801098
1.73259                  0.179538                 1.3000000000000003       0.769230769230769        3.056661476090589E-13    4.1427428513484507E-13   0.25                     5.0E10                   2700                     6204.997985495241        3582.457257246763        2502.294445801098
1.73259                  0.179538                 1.4000000000000001       0.7142857142857142       3.198321316793705E-13    4.5178921683853877E-13   0.25                     5.0E10                   2700                     6204.997985495241        3582.457257246763        2502.294445801098
1.73259                  0.179538                 1.5000000000000002       0.6666666666666665       3.124193537588767E-13    4.5354870411194974E-13   0.25                     5.0E10                   2700                     6204.997985495241        3582.457257246763        2502.294445801098
1.73259                  0.179538                 1.6                      0.625                    2.9831275125332947E-13   4.384186563983855E-13    0.25                     5.0E10                   2700                     6204.997985495241        3582.457257246763        2502.294445801098
1.73259                  0.179538                 1.7000000000000002       0.588235294117647        2.840808889447787E-13    4.1812354499926907E-13   0.25                     5.0E10                   2700                     6204.997985495241        3582.457257246763        2502.294445801098
1.73259                  0.179538                 1.8000000000000003       0.5555555555555555       2.7276799210666497E-13   3.9920233738074275E-13   0.25                     5.0E10                   2700                     6204.997985495241        3582.457257246763        2502.294445801098
1.73259                  0.179538                 1.9000000000000001       0.5263157894736842       2.6829893297092697E-13   3.8864757464817266E-13   0.25                     5.0E10                   2700                     6204.997985495241        3582.457257246763        2502.294445801098
1.73259                  0.179538                 2                        0.5                      2.7146355825478366E-13   3.881487716347545E-13    0.25                     5.0E10                   2700                     6204.997985495241        3582.457257246763        2502.294445801098
1.73259                  0.179538                 2.1                      0.47619047619047616      2.805050777210393E-13    3.9532789478459205E-13   0.25                     5.0E10                   2700                     6204.997985495241        3582.457257246763        2502.294445801098
1.73259                  0.179538                 2.2                      0.4545454545454545       2.9312684960145306E-13   4.0685659159073957E-13   0.25                     5.0E10                   2700                     6204.997985495241        3582.457257246763        2502.294445801098
1.73259                  0.179538                 2.3000000000000003       0.43478260869565216      3.076279923991775E-13    4.202793359519925E-13    0.25                     5.0E10                   2700                     6204.997985495241        3582.457257246763        2502.294445801098
1.73259                  0.179538                 2.4000000000000004       0.4166666666666666       3.2306581195369154E-13   4.3428439262776896E-13   0.25                     5.0E10                   2700                     6204.997985495241        3582.457257246763        2502.294445801098
1.73259                  0.179538                 2.5000000000000004       0.3999999999999999       3.389201362564828E-13    4.482125823376314E-13    0.25                     5.0E10                   2700                     6204.997985495241        3582.457257246763        2502.294445801098
1.73259                  0.179538                 2.6                      0.3846153846153846       3.5453731305841405E-13   4.613726961784757E-13    0.25                     5.0E10                   2700                     6204.997985495241        3582.457257246763        2502.294445801098
1.73259                  0.179538                 2.7                      0.37037037037037035      3.692318185827226E-13    4.730271309979349E-13    0.25                     5.0E10                   2700                     6204.997985495241        3582.457257246763        2502.294445801098
1.73259                  0.179538                 2.8000000000000003       0.3571428571428571       3.822400282650559E-13    4.823845642177031E-13    0.25                     5.0E10                   2700                     6204.997985495241        3582.457257246763        2502.294445801098
1.73259                  0.179538                 2.9000000000000004       0.3448275862068965       3.9297027072751323E-13   4.888782357242658E-13    0.25                     5.0E10                   2700                     6204.997985495241        3582.457257246763        2502.294445801098
1.73259                  0.179538                 3.0000000000000004       0.33333333333333326      4.011656810152908E-13    4.923448869481492E-13    0.25                     5.0E10                   2700                     6204.997985495241        3582.457257246763        2502.294445801098
1.73259                  0.179538                 3.1                      0.32258064516129037      4.0694135351324604E-13   4.930480211862199E-13    0.25                     5.0E10                   2700                     6204.997985495241        3582.457257246763        2502.294445801098
1.73259                  0.179538                 3.2                      0.3125                   4.1070088679435765E-13   4.915623101136719E-13    0.25                     5.0E10                   2700                     6204.997985495241        3582.457257246763        2502.294445801098
1.73259                  0.179538                 3.3000000000000003       0.30303030303030304      4.1299598111270863E-13   4.886004565758032E-13    0.25                     5.0E10                   2700                     6204.997985495241        3582.457257246763        2502.294445801098
1.73259                  0.179538                 3.4000000000000004       0.2941176470588235       4.1439954247770057E-13   4.848426467816974E-13    0.25                     5.0E10                   2700                     6204.997985495241        3582.457257246763        2502.294445801098
1.73259                  0.179538                 3.5000000000000004       0.2857142857142857       4.1538669842101033E-13   4.80897538254086E-13     0.25                     5.0E10                   2700                     6204.997985495241        3582.457257246763        2502.294445801098
1.73259                  0.179538                 3.6                      0.2777777777777778       4.1635214069484497E-13   4.77194898177558E-13     0.25                     5.0E10                   2700                     6204.997985495241        3582.457257246763        2502.294445801098
1.73259                  0.179538                 3.7                      0.2702702702702703       4.1755453956295277E-13   4.740188376207966E-13    0.25                     5.0E10                   2700                     6204.997985495241        3582.457257246763        2502.294445801098
1.73259                  0.179538                 3.8000000000000003       0.2631578947368421       4.191483222967605E-13    4.715289500832062E-13    0.25                     5.0E10                   2700                     6204.997985495241        3582.457257246763        2502.294445801098
1.73259                  0.179538                 3.9000000000000004       0.2564102564102564       4.212049518512002E-13    4.697891406898773E-13    0.25                     5.0E10                   2700                     6204.997985495241        3582.457257246763        2502.294445801098
1.73259                  0.179538                 4                        0.25                     4.237357379623924E-13    4.687960741300014E-13    0.25                     5.0E10                   2700                     6204.997985495241        3582.457257246763        2502.294445801098
1.73259                  0.179538                 4.1                      0.24390243902439027      4.267112337035803E-13    4.685024239662075E-13    0.25                     5.0E10                   2700                     6204.997985495241        3582.457257246763        2502.294445801098
1.73259                  0.179538                 4.2                      0.23809523809523808      4.3007655540585446E-13   4.688346022301856E-13    0.25                     5.0E10                   2700                     6204.997985495241        3582.457257246763        2502.294445801098
1.73259                  0.179538                 4.3                      0.23255813953488372      4.337628466238763E-13    4.697055943802955E-13    0.25                     5.0E10                   2700                     6204.997985495241        3582.457257246763        2502.294445801098
1.73259                  0.179538                 4.3999999999999995       0.22727272727272732      4.376955290460973E-13    4.710238902534295E-13    0.25                     5.0E10                   2700                     6204.997985495241        3582.457257246763        2502.294445801098
1.73259                  0.179538                 4.5                      0.22222222222222224      4.418000419263079E-13    4.726994747348546E-13    0.25                     5.0E10                   2700                     6204.997985495241        3582.457257246763        2502.294445801098
1.73259                  0.179538                 4.6                      0.2173913043478261       4.460056836113759E-13    4.74647674473467E-13     0.25                     5.0E10                   2700                     6204.997985495241        3582.457257246763        2502.294445801098
1.73259                  0.179538                 4.7                      0.2127659574468085       4.502480437699204E-13    4.767914692754094E-13    0.25                     5.0E10                   2700                     6204.997985495241        3582.457257246763        2502.294445801098
1.73259                  0.179538                 4.8                      0.20833333333333334      4.5447096821641725E-13   4.790632040759495E-13    0.25                     5.0E10                   2700                     6204.997985495241        3582.457257246763        2502.294445801098
1.73259                  0.179538                 4.9                      0.20408163265306117      4.58624960548909E-13     4.814031271165162E-13    0.25                     5.0E10                   2700                     6204.997985495241        3582.457257246763        2502.294445801098
1.73259                  0.179538                 5                        0.2                      4.626722202068834E-13    4.837606827560972E-13    0.25                     5.0E10                   2700                     6204.997985495241        3582.457257246763        2502.294445801098
1.73259                  0.179538                 5.1                      0.19607843137254904      4.665731001531584E-13    4.860960253415828E-13    0.25                     5.0E10                   2700                     6204.997985495241        3582.457257246763        2502.294445801098
1.73259                  0.179538                 5.2                      0.1923076923076923       4.703094200090178E-13    4.883766580650929E-13    0.25                     5.0E10                   2700                     6204.997985495241        3582.457257246763        2502.294445801098
1.73259                  0.179538                 5.3                      0.18867924528301888      4.738639858183905E-13    4.905777137261976E-13    0.25                     5.0E10                   2700                     6204.997985495241        3582.457257246763        2502.294445801098
1.73259                  0.179538                 5.4                      0.18518518518518517      4.772255909934463E-13    4.926807677918503E-13    0.25                     5.0E10                   2700                     6204.997985495241        3582.457257246763        2502.294445801098
1.73259                  0.179538                 5.5                      0.18181818181818182      4.803881804305155E-13    4.946729608903603E-13    0.25                     5.0E10                   2700                     6204.997985495241        3582.457257246763        2502.294445801098
1.73259                  0.179538                 5.6                      0.17857142857142858      4.833500264379724E-13    4.965461466532588E-13    0.25                     5.0E10                   2700                     6204.997985495241        3582.457257246763        2502.294445801098
1.73259                  0.179538                 5.7                      0.17543859649122806      4.861129462501528E-13    4.982960905416183E-13    0.25                     5.0E10                   2700                     6204.997985495241        3582.457257246763        2502.294445801098
1.73259                  0.179538                 5.8                      0.1724137931034483       4.886815810843159E-13    4.999217361876211E-13    0.25                     5.0E10                   2700                     6204.997985495241        3582.457257246763        2502.294445801098
1.73259                  0.179538                 5.9                      0.1694915254237288       4.910627487555391E-13    5.014245485907995E-13    0.25                     5.0E10                   2700                     6204.997985495241        3582.457257246763        2502.294445801098
1.73259                  0.179538                 6                        0.16666666666666666      4.932648755094004E-13    5.028079378599905E-13    0.25                     5.0E10                   2700                     6204.997985495241        3582.457257246763        2502.294445801098
1.73259                  0.179538                 6.1                      0.16393442622950818      4.952975078155843E-13    5.040767629808849E-13    0.25                     5.0E10                   2700                     6204.997985495241        3582.457257246763        2502.294445801098
1.73259                  0.179538                 6.2                      0.16129032258064518      4.971709014563801E-13    5.05236912084679E-13     0.25                     5.0E10                   2700                     6204.997985495241        3582.457257246763        2502.294445801098
1.73259                  0.179538                 6.3                      0.15873015873015872      4.988956826519213E-13    5.062949535778865E-13    0.25                     5.0E10                   2700                     6204.997985495241        3582.457257246763        2502.294445801098
1.73259                  0.179538                 6.4                      0.15625                  5.004825746966155E-13    5.072578514389001E-13    0.25                     5.0E10                   2700                     6204.997985495241        3582.457257246763        2502.294445801098
1.73259                  0.179538                 6.5                      0.15384615384615383      5.019421825625236E-13    5.081327372443075E-13    0.25                     5.0E10                   2700                     6204.997985495241        3582.457257246763        2502.294445801098
1.73259                  0.179538                 6.6                      0.15151515151515152      5.032848279158474E-13    5.089267315137366E-13    0.25                     5.0E10                   2700                     6204.997985495241        3582.457257246763        2502.294445801098
1.73259                  0.179538                 6.7                      0.1492537313432836       5.045204270638332E-13    5.096468071876521E-13    0.25                     5.0E10                   2700                     6204.997985495241        3582.457257246763        2502.294445801098
1.73259                  0.179538                 6.8                      0.14705882352941177      5.056584048878756E-13    5.102996884946363E-13    0.25                     5.0E10                   2700                     6204.997985495241        3582.457257246763        2502.294445801098
1.73259                  0.179538                 6.9                      0.14492753623188404      5.067076382957362E-13    5.10891779115079E-13     0.25                     5.0E10                   2700                     6204.997985495241        3582.457257246763        2502.294445801098
1.73259                  0.179538                 7                        0.14285714285714285      5.076764236370196E-13    5.114291142226106E-13    0.25                     5.0E10                   2700                     6204.997985495241        3582.457257246763        2502.294445801098
1.73259                  0.179538                 7.1                      0.14084507042253522      5.085724630062626E-13    5.119173316658583E-13    0.25                     5.0E10                   2700                     6204.997985495241        3582.457257246763        2502.294445801098
1.73259                  0.179538                 7.2                      0.1388888888888889       5.094047847264297E-13    5.12363389078657E-13     0.25                     5.0E10                   2700                     6204.997985495241        3582.457257246763        2502.294445801098
1.73259                  0.179538                 7.3                      0.13698630136986303      5.101761404825754E-13    5.127687005468963E-13    0.25                     5.0E10                   2700                     6204.997985495241        3582.457257246763        2502.294445801098
1.73259                  0.179538                 7.4                      0.13513513513513514      5.108943529349616E-13    5.13139341173024E-13     0.25                     5.0E10                   2700                     6204.997985495241        3582.457257246763        2502.294445801098
1.73259                  0.179538                 7.5                      0.13333333333333333      5.11564854980432E-13     5.134793251646743E-13    0.25                     5.0E10                   2700                     6204.997985495241        3582.457257246763        2502.294445801098
1.73259                  0.179538                 7.6                      0.13157894736842105      5.121925750507973E-13    5.137922914231495E-13    0.25                     5.0E10                   2700                     6204.997985495241        3582.457257246763        2502.294445801098
1.73259                  0.179538                 7.7                      0.12987012987012989      5.127819692855926E-13    5.140815243484666E-13    0.25                     5.0E10                   2700                     6204.997985495241        3582.457257246763        2502.294445801098
1.73259                  0.179538                 7.8                      0.12820512820512822      5.133370547787662E-13    5.143499765019937E-13    0.25                     5.0E10                   2700                     6204.997985495241        3582.457257246763        2502.294445801098
1.73259                  0.179538                 7.9                      0.12658227848101267      5.138614429241187E-13    5.146002921505004E-13    0.25                     5.0E10                   2700                     6204.997985495241        3582.457257246763        2502.294445801098
1.73259                  0.179538                 8                        0.125                    5.143583721786263E-13    5.148348310064326E-13    0.25                     5.0E10                   2700                     6204.997985495241        3582.457257246763        2502.294445801098
1.73259                  0.179538                 8.1                      0.1234567901234568       5.14830739785104E-13     5.150556916289071E-13    0.25                     5.0E10                   2700                     6204.997985495241        3582.457257246763        2502.294445801098
1.73259                  0.179538                 8.2                      0.12195121951219513      5.152811319737461E-13    5.152647340567104E-13    0.25                     5.0E10                   2700                     6204.997985495241        3582.457257246763        2502.294445801098
1.73259                  0.179538                 8.3                      0.12048192771084336      5.157118526075821E-13    5.154636014857118E-13    0.25                     5.0E10                   2700                     6204.997985495241        3582.457257246763        2502.294445801098
1.73259                  0.179538                 8.4                      0.11904761904761904      5.161249499187928E-13    5.156537407089339E-13    0.25                     5.0E10                   2700                     6204.997985495241        3582.457257246763        2502.294445801098
1.73259                  0.179538                 8.5                      0.11764705882352941      5.16522241447481E-13     5.158364212972519E-13    0.25                     5.0E10                   2700                     6204.997985495241        3582.457257246763        2502.294445801098
1.73259                  0.179538                 8.6                      0.11627906976744186      5.169053370782421E-13    5.160127534383833E-13    0.25                     5.0E10                   2700                     6204.997985495241        3582.457257246763        2502.294445801098
1.73259                  0.179538                 8.7                      0.11494252873563218      5.172756602564931E-13    5.16183704416222E-13     0.25                     5.0E10                   2700                     6204.997985495241        3582.457257246763        2502.294445801098
1.73259                  0.179538                 8.8                      0.11363636363636362      5.176344673407832E-13    5.163501137310789E-13    0.25                     5.0E10                   2700                     6204.997985495241        3582.457257246763        2502.294445801098
1.73259                  0.179538                 8.9                      0.11235955056179775      5.179828653739794E-13    5.165127069839334E-13    0.25                     5.0E10                   2700                     6204.997985495241        3582.457257246763        2502.294445801098
1.73259                  0.179538                 9                        0.11111111111111112      5.183218281447185E-13    5.166721084850062E-13    0.25                     5.0E10                   2700                     6204.997985495241        3582.457257246763        2502.294445801098
1.73259                  0.179538                 9.1                      0.1098901098901099       5.186522107913887E-13    5.16828852713261E-13     0.25                     5.0E10                   2700                     6204.997985495241        3582.457257246763        2502.294445801098
1.73259                  0.179538                 9.2                      0.10869565217391305      5.189747629723779E-13    5.169833946787807E-13    0.25                     5.0E10                   2700                     6204.997985495241        3582.457257246763        2502.294445801098
1.73259                  0.179538                 9.3                      0.10752688172043011      5.192901407886923E-13    5.171361192934996E-13    0.25                     5.0E10                   2700                     6204.997985495241        3582.457257246763        2502.294445801098
1.73259                  0.179538                 9.4                      0.10638297872340426      5.195989174391962E-13    5.17287349754529E-13     0.25                     5.0E10                   2700                     6204.997985495241        3582.457257246763        2502.294445801098
1.73259                  0.179538                 9.5                      0.10526315789473685      5.199015928615296E-13    5.174373551239568E-13    0.25                     5.0E10                   2700                     6204.997985495241        3582.457257246763        2502.294445801098
1.73259                  0.179538                 9.6                      0.10416666666666667      5.201986023155689E-13    5.175863570774336E-13    0.25                     5.0E10                   2700                     6204.997985495241        3582.457257246763        2502.294445801098
1.73259                  0.179538                 9.700000000000001        0.1030927835051546       5.204903240836666E-13    5.177345359433176E-13    0.25                     5.0E10                   2700                     6204.997985495241        3582.457257246763        2502.294445801098
1.73259                  0.179538                 9.8                      0.10204081632653059      5.207770863713533E-13    5.17882036105703E-13     0.25                     5.0E10                   2700                     6204.997985495241        3582.457257246763        2502.294445801098
1.73259                  0.179538                 9.9                      0.101010101010101        5.210591733899039E-13    5.180289707721689E-13    0.25                     5.0E10                   2700                     6204.997985495241        3582.457257246763        2502.294445801098
1.73259                  0.179538                 10                       0.1                      5.213607034320672E-13    5.181383947058575E-13    0.25                     5.0E10                   2700                     6204.997985495241        3582.457257246763        2502.294445801098
