1.78786                  0.720288                 0.1                      10                       5.331502146860944E-13    5.331545596192346E-13    0.25                     5.0E10                   2700                     6303.191431506917        3639.149269734261        2502.294445801098
1.78786                  0.720288                 0.2                      5                        5.335267249689027E-13    5.331877285645271E-13    0.25                     5.0E10                   2700                     6303.191431506917        3639.149269734261        2502.294445801098
1.78786                  0.720288                 0.30000000000000004      3.3333333333333326       5.365147853241619E-13    5.363366515086208E-13    0.25                     5.0E10                   2700                     6303.191431506917        3639.149269734261        2502.294445801098
1.78786                  0.720288                 0.4                      2.5                      5.302836481428157E-13    5.340898848714282E-13    0.25                     5.0E10                   2700                     6303.191431506917        3639.149269734261        2502.294445801098
1.78786                  0.720288                 0.5                      2                        5.345379844658356E-13    5.372546642353067E-13    0.25                     5.0E10                   2700                     6303.191431506917        3639.149269734261        2502.294445801098
1.78786                  0.720288                 0.6                      1.6666666666666667       5.543063975793395E-13    5.458167794288764E-13    0.25                     5.0E10                   2700                     6303.191431506917        3639.149269734261        2502.294445801098
1.78786                  0.720288                 0.7000000000000001       1.4285714285714284       5.763292055207538E-13    5.516641064752017E-13    0.25                     5.0E10                   2700                     6303.191431506917        3639.149269734261        2502.294445801098
1.78786                  0.720288                 0.8                      1.25                     6.09270830042065E-13     5.588886402924819E-13    0.25                     5.0E10                   2700                     6303.191431506917        3639.149269734261        2502.294445801098
1.78786                  0.720288                 0.9                      1.1111111111111112       6.366791043413587E-13    5.648679970001962E-13    0.25                     5.0E10                   2700                     6303.191431506917        3639.149269734261        2502.294445801098
1.78786                  0.720288                 1                        1                        6.808572618601928E-13    5.810239209266604E-13    0.25                     5.0E10                   2700                     6303.191431506917        3639.149269734261        2502.294445801098
1.78786                  0.720288                 1.1                      0.909090909090909        7.074421384794583E-13    5.930274189628192E-13    0.25                     5.0E10                   2700                     6303.191431506917        3639.149269734261        2502.294445801098
1.78786                  0.720288                 1.2000000000000002       0.8333333333333331       7.038917143332384E-13    5.747591341693797E-13    0.25                     5.0E10                   2700                     6303.191431506917        3639.149269734261        2502.294445801098
1.78786                  0.720288                 1.3000000000000003       0.769230769230769        7.305772902857119E-13    5.809165514387187E-13    0.25                     5.0E10                   2700                     6303.191431506917        3639.149269734261        2502.294445801098
1.78786                  0.720288                 1.4000000000000001       0.7142857142857142       7.649791343050545E-13    6.052098737301475E-13    0.25                     5.0E10                   2700                     6303.191431506917        3639.149269734261        2502.294445801098
1.78786                  0.720288                 1.5000000000000002       0.6666666666666665       7.348077674696082E-13    5.90176009896976E-13     0.25                     5.0E10                   2700                     6303.191431506917        3639.149269734261        2502.294445801098
1.78786                  0.720288                 1.6                      0.625                    6.77376613067067E-13     5.57529252851364E-13     0.25                     5.0E10                   2700                     6303.191431506917        3639.149269734261        2502.294445801098
1.78786                  0.720288                 1.7000000000000002       0.588235294117647        6.424896233695578E-13    5.454480841654422E-13    0.25                     5.0E10                   2700                     6303.191431506917        3639.149269734261        2502.294445801098
1.78786                  0.720288                 1.8000000000000003       0.5555555555555555       6.157989398508918E-13    5.432195393999211E-13    0.25                     5.0E10                   2700                     6303.191431506917        3639.149269734261        2502.294445801098
1.78786                  0.720288                 1.9000000000000001       0.5263157894736842       5.769015884276271E-13    5.314708962702128E-13    0.25                     5.0E10                   2700                     6303.191431506917        3639.149269734261        2502.294445801098
1.78786                  0.720288                 2                        0.5                      5.282175025734666E-13    5.081053917479135E-13    0.25                     5.0E10                   2700                     6303.191431506917        3639.149269734261        2502.294445801098
1.78786                  0.720288                 2.1                      0.47619047619047616      4.838862598086043E-13    4.836419610154768E-13    0.25                     5.0E10                   2700                     6303.191431506917        3639.149269734261        2502.294445801098
1.78786                  0.720288                 2.2                      0.4545454545454545       4.5293138044278644E-13   4.668789861533045E-13    0.25                     5.0E10                   2700                     6303.191431506917        3639.149269734261        2502.294445801098
1.78786                  0.720288                 2.3000000000000003       0.43478260869565216      4.367881526598488E-13    4.60700038442645E-13     0.25                     5.0E10                   2700                     6303.191431506917        3639.149269734261        2502.294445801098
1.78786                  0.720288                 2.4000000000000004       0.4166666666666666       4.330186094180755E-13    4.641216233289762E-13    0.25                     5.0E10                   2700                     6303.191431506917        3639.149269734261        2502.294445801098
1.78786                  0.720288                 2.5000000000000004       0.3999999999999999       4.3814550560541177E-13   4.74626370139463E-13     0.25                     5.0E10                   2700                     6303.191431506917        3639.149269734261        2502.294445801098
1.78786                  0.720288                 2.6                      0.3846153846153846       4.478187653805988E-13    4.883919209894987E-13    0.25                     5.0E10                   2700                     6303.191431506917        3639.149269734261        2502.294445801098
1.78786                  0.720288                 2.7                      0.37037037037037035      4.586281333959459E-13    5.022235568437802E-13    0.25                     5.0E10                   2700                     6303.191431506917        3639.149269734261        2502.294445801098
1.78786                  0.720288                 2.8000000000000003       0.3571428571428571       4.676501600317858E-13    5.13279823329789E-13     0.25                     5.0E10                   2700                     6303.191431506917        3639.149269734261        2502.294445801098
1.78786                  0.720288                 2.9000000000000004       0.3448275862068965       4.730393773149597E-13    5.197691236362454E-13    0.25                     5.0E10                   2700                     6303.191431506917        3639.149269734261        2502.294445801098
1.78786                  0.720288                 3.0000000000000004       0.33333333333333326      4.741624483037238E-13    5.211466488617765E-13    0.25                     5.0E10                   2700                     6303.191431506917        3639.149269734261        2502.294445801098
1.78786                  0.720288                 3.1                      0.32258064516129037      4.714020054805957E-13    5.179311841615366E-13    0.25                     5.0E10                   2700                     6303.191431506917        3639.149269734261        2502.294445801098
1.78786                  0.720288                 3.2                      0.3125                   4.657449128703237E-13    5.11273457338354E-13     0.25                     5.0E10                   2700                     6303.191431506917        3639.149269734261        2502.294445801098
1.78786                  0.720288                 3.3000000000000003       0.30303030303030304      4.583590326400143E-13    5.025040356456423E-13    0.25                     5.0E10                   2700                     6303.191431506917        3639.149269734261        2502.294445801098
1.78786                  0.720288                 3.4000000000000004       0.2941176470588235       4.5029334380980833E-13   4.92821414450597E-13     0.25                     5.0E10                   2700                     6303.191431506917        3639.149269734261        2502.294445801098
1.78786                  0.720288                 3.5000000000000004       0.2857142857142857       4.423669529023999E-13    4.83132790402778E-13     0.25                     5.0E10                   2700                     6303.191431506917        3639.149269734261        2502.294445801098
1.78786                  0.720288                 3.6                      0.2777777777777778       4.3511565320146017E-13   4.740624291216334E-13    0.25                     5.0E10                   2700                     6303.191431506917        3639.149269734261        2502.294445801098
1.78786                  0.720288                 3.7                      0.2702702702702703       4.2876091367523524E-13   4.658739620326878E-13    0.25                     5.0E10                   2700                     6303.191431506917        3639.149269734261        2502.294445801098
1.78786                  0.720288                 3.8000000000000003       0.2631578947368421       4.236479827599633E-13    4.589655888369083E-13    0.25                     5.0E10                   2700                     6303.191431506917        3639.149269734261        2502.294445801098
1.78786                  0.720288                 3.9000000000000004       0.2564102564102564       4.196993946040409E-13    4.5326505182317187E-13   0.25                     5.0E10                   2700                     6303.191431506917        3639.149269734261        2502.294445801098
1.78786                  0.720288                 4                        0.25                     4.1687289819523865E-13   4.487393999555902E-13    0.25                     5.0E10                   2700                     6303.191431506917        3639.149269734261        2502.294445801098
1.78786                  0.720288                 4.1                      0.24390243902439027      4.150852673636303E-13    4.45309356143173E-13     0.25                     5.0E10                   2700                     6303.191431506917        3639.149269734261        2502.294445801098
1.78786                  0.720288                 4.2                      0.23809523809523808      4.1423339418641505E-13   4.428723765094307E-13    0.25                     5.0E10                   2700                     6303.191431506917        3639.149269734261        2502.294445801098
1.78786                  0.720288                 4.3                      0.23255813953488372      4.142068367840654E-13    4.413168786177566E-13    0.25                     5.0E10                   2700                     6303.191431506917        3639.149269734261        2502.294445801098
1.78786                  0.720288                 4.3999999999999995       0.22727272727272732      4.1489585052704684E-13   4.405311470206692E-13    0.25                     5.0E10                   2700                     6303.191431506917        3639.149269734261        2502.294445801098
1.78786                  0.720288                 4.5                      0.22222222222222224      4.161959527489667E-13    4.4040845020016903E-13   0.25                     5.0E10                   2700                     6303.191431506917        3639.149269734261        2502.294445801098
1.78786                  0.720288                 4.6                      0.2173913043478261       4.1801034175025255E-13   4.4084976938345066E-13   0.25                     5.0E10                   2700                     6303.191431506917        3639.149269734261        2502.294445801098
1.78786                  0.720288                 4.7                      0.2127659574468085       4.2025098097745597E-13   4.4176503908256474E-13   0.25                     5.0E10                   2700                     6303.191431506917        3639.149269734261        2502.294445801098
1.78786                  0.720288                 4.8                      0.20833333333333334      4.22838875037358E-13     4.4307348536463E-13      0.25                     5.0E10                   2700                     6303.191431506917        3639.149269734261        2502.294445801098
1.78786                  0.720288                 4.9                      0.20408163265306117      4.2570387230689517E-13   4.447034354426354E-13    0.25                     5.0E10                   2700                     6303.191431506917        3639.149269734261        2502.294445801098
1.78786                  0.720288                 5                        0.2                      4.28787710081409E-13     4.465930549773923E-13    0.25                     5.0E10                   2700                     6303.191431506917        3639.149269734261        2502.294445801098
1.78786                  0.720288                 5.1                      0.19607843137254904      4.320278205392506E-13    4.4868436342485553E-13   0.25                     5.0E10                   2700                     6303.191431506917        3639.149269734261        2502.294445801098
1.78786                  0.720288                 5.2                      0.1923076923076923       4.353821701885149E-13    4.509309194083324E-13    0.25                     5.0E10                   2700                     6303.191431506917        3639.149269734261        2502.294445801098
1.78786                  0.720288                 5.3                      0.18867924528301888      4.388104571057391E-13    4.532915875633341E-13    0.25                     5.0E10                   2700                     6303.191431506917        3639.149269734261        2502.294445801098
1.78786                  0.720288                 5.4                      0.18518518518518517      4.42278191457807E-13     4.557311200113629E-13    0.25                     5.0E10                   2700                     6303.191431506917        3639.149269734261        2502.294445801098
1.78786                  0.720288                 5.5                      0.18181818181818182      4.45756078633288E-13     4.582195067502461E-13    0.25                     5.0E10                   2700                     6303.191431506917        3639.149269734261        2502.294445801098
1.78786                  0.720288                 5.6                      0.17857142857142858      4.492194430806653E-13    4.60731372834362E-13     0.25                     5.0E10                   2700                     6303.191431506917        3639.149269734261        2502.294445801098
1.78786                  0.720288                 5.7                      0.17543859649122806      4.5264769624727415E-13   4.632454256284536E-13    0.25                     5.0E10                   2700                     6303.191431506917        3639.149269734261        2502.294445801098
1.78786                  0.720288                 5.8                      0.1724137931034483       4.560238492802971E-13    4.657439523577866E-13    0.25                     5.0E10                   2700                     6303.191431506917        3639.149269734261        2502.294445801098
1.78786                  0.720288                 5.9                      0.1694915254237288       4.59334069706165E-13     4.682123665137841E-13    0.25                     5.0E10                   2700                     6303.191431506917        3639.149269734261        2502.294445801098
1.78786                  0.720288                 6                        0.16666666666666666      4.625672802844101E-13    4.706388005754161E-13    0.25                     5.0E10                   2700                     6303.191431506917        3639.149269734261        2502.294445801098
1.78786                  0.720288                 6.1                      0.16393442622950818      4.657147977087304E-13    4.730137420202724E-13    0.25                     5.0E10                   2700                     6303.191431506917        3639.149269734261        2502.294445801098
1.78786                  0.720288                 6.2                      0.16129032258064518      4.687700086826063E-13    4.753297094106354E-13    0.25                     5.0E10                   2700                     6303.191431506917        3639.149269734261        2502.294445801098
1.78786                  0.720288                 6.3                      0.15873015873015872      4.717280805634202E-13    4.77580965176441E-13     0.25                     5.0E10                   2700                     6303.191431506917        3639.149269734261        2502.294445801098
1.78786                  0.720288                 6.4                      0.15625                  4.7458570397968E-13      4.797632618860008E-13    0.25                     5.0E10                   2700                     6303.191431506917        3639.149269734261        2502.294445801098
1.78786                  0.720288                 6.5                      0.15384615384615383      4.773408646692133E-13    4.8187361883309E-13      0.25                     5.0E10                   2700                     6303.191431506917        3639.149269734261        2502.294445801098
1.78786                  0.720288                 6.6                      0.15151515151515152      4.799931683378437E-13    4.839105973095804E-13    0.25                     5.0E10                   2700                     6303.191431506917        3639.149269734261        2502.294445801098
1.78786                  0.720288                 6.7                      0.1492537313432836       4.825415899643601E-13    4.858722716816616E-13    0.25                     5.0E10                   2700                     6303.191431506917        3639.149269734261        2502.294445801098
1.78786                  0.720288                 6.8                      0.14705882352941177      4.849873821903476E-13    4.877588255494468E-13    0.25                     5.0E10                   2700                     6303.191431506917        3639.149269734261        2502.294445801098
1.78786                  0.720288                 6.9                      0.14492753623188404      4.873319272810866E-13    4.895706175497494E-13    0.25                     5.0E10                   2700                     6303.191431506917        3639.149269734261        2502.294445801098
1.78786                  0.720288                 7                        0.14285714285714285      4.895771150544307E-13    4.913085136890788E-13    0.25                     5.0E10                   2700                     6303.191431506917        3639.149269734261        2502.294445801098
1.78786                  0.720288                 7.1                      0.14084507042253522      4.917252407032422E-13    4.929737903025023E-13    0.25                     5.0E10                   2700                     6303.191431506917        3639.149269734261        2502.294445801098
1.78786                  0.720288                 7.2                      0.1388888888888889       4.937789167599077E-13    4.945680506622228E-13    0.25                     5.0E10                   2700                     6303.191431506917        3639.149269734261        2502.294445801098
1.78786                  0.720288                 7.3                      0.13698630136986303      4.959163919391487E-13    4.962628128665708E-13    0.25                     5.0E10                   2700                     6303.191431506917        3639.149269734261        2502.294445801098
1.78786                  0.720288                 7.4                      0.13513513513513514      4.977814097108444E-13    4.977129963381256E-13    0.25                     5.0E10                   2700                     6303.191431506917        3639.149269734261        2502.294445801098
1.78786                  0.720288                 7.5                      0.13333333333333333      4.995611907471428E-13    4.990984882507497E-13    0.25                     5.0E10                   2700                     6303.191431506917        3639.149269734261        2502.294445801098
1.78786                  0.720288                 7.6                      0.13157894736842105      5.012589920899234E-13    5.004215988291391E-13    0.25                     5.0E10                   2700                     6303.191431506917        3639.149269734261        2502.294445801098
1.78786                  0.720288                 7.7                      0.12987012987012989      5.028781041213308E-13    5.016846986007953E-13    0.25                     5.0E10                   2700                     6303.191431506917        3639.149269734261        2502.294445801098
1.78786                  0.720288                 7.8                      0.12820512820512822      5.044218182639438E-13    5.028901878822752E-13    0.25                     5.0E10                   2700                     6303.191431506917        3639.149269734261        2502.294445801098
1.78786                  0.720288                 7.9                      0.12658227848101267      5.058934004155569E-13    5.040404715570631E-13    0.25                     5.0E10                   2700                     6303.191431506917        3639.149269734261        2502.294445801098
1.78786                  0.720288                 8                        0.125                    5.072960693061405E-13    5.051379384090611E-13    0.25                     5.0E10                   2700                     6303.191431506917        3639.149269734261        2502.294445801098
1.78786                  0.720288                 8.1                      0.1234567901234568       5.086329791890299E-13    5.061849444008748E-13    0.25                     5.0E10                   2700                     6303.191431506917        3639.149269734261        2502.294445801098
1.78786                  0.720288                 8.2                      0.12195121951219513      5.099072060902357E-13    5.071837992609981E-13    0.25                     5.0E10                   2700                     6303.191431506917        3639.149269734261        2502.294445801098
1.78786                  0.720288                 8.3                      0.12048192771084336      5.111217372818268E-13    5.081367559880213E-13    0.25                     5.0E10                   2700                     6303.191431506917        3639.149269734261        2502.294445801098
1.78786                  0.720288                 8.4                      0.11904761904761904      5.122794633532165E-13    5.090460027471813E-13    0.25                     5.0E10                   2700                     6303.191431506917        3639.149269734261        2502.294445801098
1.78786                  0.720288                 8.5                      0.11764705882352941      5.133831725692728E-13    5.099136568454516E-13    0.25                     5.0E10                   2700                     6303.191431506917        3639.149269734261        2502.294445801098
1.78786                  0.720288                 8.6                      0.11627906976744186      5.144355471058981E-13    5.107417604355446E-13    0.25                     5.0E10                   2700                     6303.191431506917        3639.149269734261        2502.294445801098
1.78786                  0.720288                 8.7                      0.11494252873563218      5.15439160870281E-13     5.115322776621834E-13    0.25                     5.0E10                   2700                     6303.191431506917        3639.149269734261        2502.294445801098
1.78786                  0.720288                 8.8                      0.11363636363636362      5.163964786237552E-13    5.12287093013346E-13     0.25                     5.0E10                   2700                     6303.191431506917        3639.149269734261        2502.294445801098
1.78786                  0.720288                 8.9                      0.11235955056179775      5.173098562118269E-13    5.130080106734044E-13    0.25                     5.0E10                   2700                     6303.191431506917        3639.149269734261        2502.294445801098
1.78786                  0.720288                 9                        0.11111111111111112      5.181815416568369E-13    5.136967546938737E-13    0.25                     5.0E10                   2700                     6303.191431506917        3639.149269734261        2502.294445801098
1.78786                  0.720288                 9.1                      0.1098901098901099       5.190136769546502E-13    5.143549698093789E-13    0.25                     5.0E10                   2700                     6303.191431506917        3639.149269734261        2502.294445801098
1.78786                  0.720288                 9.2                      0.10869565217391305      5.198083004442095E-13    5.149842227987405E-13    0.25                     5.0E10                   2700                     6303.191431506917        3639.149269734261        2502.294445801098
1.78786                  0.720288                 9.3                      0.10752688172043011      5.205673496173928E-13    5.155860042568914E-13    0.25                     5.0E10                   2700                     6303.191431506917        3639.149269734261        2502.294445801098
1.78786                  0.720288                 9.4                      0.10638297872340426      5.212926642530381E-13    5.161617306972327E-13    0.25                     5.0E10                   2700                     6303.191431506917        3639.149269734261        2502.294445801098
1.78786                  0.720288                 9.5                      0.10526315789473685      5.219859897772454E-13    5.167127468710016E-13    0.25                     5.0E10                   2700                     6303.191431506917        3639.149269734261        2502.294445801098
1.78786                  0.720288                 9.6                      0.10416666666666667      5.226489808520864E-13    5.172403283168871E-13    0.25                     5.0E10                   2700                     6303.191431506917        3639.149269734261        2502.294445801098
1.78786                  0.720288                 9.700000000000001        0.1030927835051546       5.232832049722355E-13    5.177456839634528E-13    0.25                     5.0E10                   2700                     6303.191431506917        3639.149269734261        2502.294445801098
1.78786                  0.720288                 9.8                      0.10204081632653059      5.238901462316567E-13    5.182299588721679E-13    0.25                     5.0E10                   2700                     6303.191431506917        3639.149269734261        2502.294445801098
1.78786                  0.720288                 9.9                      0.101010101010101        5.244728263660844E-13    5.186957605429189E-13    0.25                     5.0E10                   2700                     6303.191431506917        3639.149269734261        2502.294445801098
1.78786                  0.720288                 10                       0.1                      5.249722528407149E-13    5.190760947322268E-13    0.25                     5.0E10                   2700                     6303.191431506917        3639.149269734261        2502.294445801098
