1.77542                  0.574857                 0.1                      10                       5.331391049918932E-13    5.331368543422421E-13    0.25                     5.0E10                   2700                     6281.224226038884        3626.4664977439484       2502.294445801098
1.77542                  0.574857                 0.2                      5                        5.334350292551146E-13    5.331437183971866E-13    0.25                     5.0E10                   2700                     6281.224226038884        3626.4664977439484       2502.294445801098
1.77542                  0.574857                 0.30000000000000004      3.3333333333333326       5.34429906666001E-13     5.363092152512819E-13    0.25                     5.0E10                   2700                     6281.224226038884        3626.4664977439484       2502.294445801098
1.77542                  0.574857                 0.4                      2.5                      5.376347144333146E-13    5.340264568735284E-13    0.25                     5.0E10                   2700                     6281.224226038884        3626.4664977439484       2502.294445801098
1.77542                  0.574857                 0.5                      2                        5.657527904909732E-13    5.398169843446361E-13    0.25                     5.0E10                   2700                     6281.224226038884        3626.4664977439484       2502.294445801098
1.77542                  0.574857                 0.6                      1.6666666666666667       6.004997769195618E-13    5.510548662632978E-13    0.25                     5.0E10                   2700                     6281.224226038884        3626.4664977439484       2502.294445801098
1.77542                  0.574857                 0.7000000000000001       1.4285714285714284       6.34656619978417E-13     5.599274182123625E-13    0.25                     5.0E10                   2700                     6281.224226038884        3626.4664977439484       2502.294445801098
1.77542                  0.574857                 0.8                      1.25                     6.821432432502568E-13    5.721763885944201E-13    0.25                     5.0E10                   2700                     6281.224226038884        3626.4664977439484       2502.294445801098
1.77542                  0.574857                 0.9                      1.1111111111111112       7.159630854137138E-13    5.795867075271193E-13    0.25                     5.0E10                   2700                     6281.224226038884        3626.4664977439484       2502.294445801098
1.77542                  0.574857                 1                        1                        7.669668583030826E-13    6.03503041738097E-13     0.25                     5.0E10                   2700                     6281.224226038884        3626.4664977439484       2502.294445801098
1.77542                  0.574857                 1.1                      0.909090909090909        7.661849991555611E-13    6.011472616092094E-13    0.25                     5.0E10                   2700                     6281.224226038884        3626.4664977439484       2502.294445801098
1.77542                  0.574857                 1.2000000000000002       0.8333333333333331       7.17799936383889E-13     5.579540666139917E-13    0.25                     5.0E10                   2700                     6281.224226038884        3626.4664977439484       2502.294445801098
1.77542                  0.574857                 1.3000000000000003       0.769230769230769        7.284880702128963E-13    5.686014085473468E-13    0.25                     5.0E10                   2700                     6281.224226038884        3626.4664977439484       2502.294445801098
1.77542                  0.574857                 1.4000000000000001       0.7142857142857142       7.262175209105308E-13    5.882257524677879E-13    0.25                     5.0E10                   2700                     6281.224226038884        3626.4664977439484       2502.294445801098
1.77542                  0.574857                 1.5000000000000002       0.6666666666666665       6.404682413430997E-13    5.482937074347684E-13    0.25                     5.0E10                   2700                     6281.224226038884        3626.4664977439484       2502.294445801098
1.77542                  0.574857                 1.6                      0.625                    5.71263771643842E-13     5.167162785427579E-13    0.25                     5.0E10                   2700                     6281.224226038884        3626.4664977439484       2502.294445801098
1.77542                  0.574857                 1.7000000000000002       0.588235294117647        5.398840601888577E-13    5.136761470110093E-13    0.25                     5.0E10                   2700                     6281.224226038884        3626.4664977439484       2502.294445801098
1.77542                  0.574857                 1.8000000000000003       0.5555555555555555       5.074974336203258E-13    5.061397833687356E-13    0.25                     5.0E10                   2700                     6281.224226038884        3626.4664977439484       2502.294445801098
1.77542                  0.574857                 1.9000000000000001       0.5263157894736842       4.623053548460541E-13    4.80899264621338E-13     0.25                     5.0E10                   2700                     6281.224226038884        3626.4664977439484       2502.294445801098
1.77542                  0.574857                 2                        0.5                      4.200717563650455E-13    4.524774718926181E-13    0.25                     5.0E10                   2700                     6281.224226038884        3626.4664977439484       2502.294445801098
1.77542                  0.574857                 2.1                      0.47619047619047616      3.919108904083638E-13    4.335012173964079E-13    0.25                     5.0E10                   2700                     6281.224226038884        3626.4664977439484       2502.294445801098
1.77542                  0.574857                 2.2                      0.4545454545454545       3.788209665144654E-13    4.2688818995779107E-13   0.25                     5.0E10                   2700                     6281.224226038884        3626.4664977439484       2502.294445801098
1.77542                  0.574857                 2.3000000000000003       0.43478260869565216      3.776756970628724E-13    4.3069949615118247E-13   0.25                     5.0E10                   2700                     6281.224226038884        3626.4664977439484       2502.294445801098
1.77542                  0.574857                 2.4000000000000004       0.4166666666666666       3.8480563764266075E-13   4.418049639081118E-13    0.25                     5.0E10                   2700                     6281.224226038884        3626.4664977439484       2502.294445801098
1.77542                  0.574857                 2.5000000000000004       0.3999999999999999       3.9686944032848795E-13   4.570210264092637E-13    0.25                     5.0E10                   2700                     6281.224226038884        3626.4664977439484       2502.294445801098
1.77542                  0.574857                 2.6                      0.3846153846153846       4.108440286374163E-13    4.733443322831762E-13    0.25                     5.0E10                   2700                     6281.224226038884        3626.4664977439484       2502.294445801098
1.77542                  0.574857                 2.7                      0.37037037037037035      4.2418212528668243E-13   4.881456018309434E-13    0.25                     5.0E10                   2700                     6281.224226038884        3626.4664977439484       2502.294445801098
1.77542                  0.574857                 2.8000000000000003       0.3571428571428571       4.349354833129418E-13    4.994247692914067E-13    0.25                     5.0E10                   2700                     6281.224226038884        3626.4664977439484       2502.294445801098
1.77542                  0.574857                 2.9000000000000004       0.3448275862068965       4.4207161201566134E-13   5.061668858220854E-13    0.25                     5.0E10                   2700                     6281.224226038884        3626.4664977439484       2502.294445801098
1.77542                  0.574857                 3.0000000000000004       0.33333333333333326      4.4507354854845375E-13   5.079445114357721E-13    0.25                     5.0E10                   2700                     6281.224226038884        3626.4664977439484       2502.294445801098
1.77542                  0.574857                 3.1                      0.32258064516129037      4.4458794627674344E-13   5.055753422268418E-13    0.25                     5.0E10                   2700                     6281.224226038884        3626.4664977439484       2502.294445801098
1.77542                  0.574857                 3.2                      0.3125                   4.414959528811754E-13    5.001282669673441E-13    0.25                     5.0E10                   2700                     6281.224226038884        3626.4664977439484       2502.294445801098
1.77542                  0.574857                 3.3000000000000003       0.30303030303030304      4.367948862721401E-13    4.92779276298175E-13     0.25                     5.0E10                   2700                     6281.224226038884        3626.4664977439484       2502.294445801098
1.77542                  0.574857                 3.4000000000000004       0.2941176470588235       4.3137893016001285E-13   4.84575171138219E-13     0.25                     5.0E10                   2700                     6281.224226038884        3626.4664977439484       2502.294445801098
1.77542                  0.574857                 3.5000000000000004       0.2857142857142857       4.259631802141128E-13    4.763287918333671E-13    0.25                     5.0E10                   2700                     6281.224226038884        3626.4664977439484       2502.294445801098
1.77542                  0.574857                 3.6                      0.2777777777777778       4.2102797230807895E-13   4.68601616039496E-13     0.25                     5.0E10                   2700                     6281.224226038884        3626.4664977439484       2502.294445801098
1.77542                  0.574857                 3.7                      0.2702702702702703       4.168691869906387E-13    4.61734622930551E-13     0.25                     5.0E10                   2700                     6281.224226038884        3626.4664977439484       2502.294445801098
1.77542                  0.574857                 3.8000000000000003       0.2631578947368421       4.1363603760496493E-13   4.559014022929901E-13    0.25                     5.0E10                   2700                     6281.224226038884        3626.4664977439484       2502.294445801098
1.77542                  0.574857                 3.9000000000000004       0.2564102564102564       4.113750024762057E-13    4.511587525522965E-13    0.25                     5.0E10                   2700                     6281.224226038884        3626.4664977439484       2502.294445801098
1.77542                  0.574857                 4                        0.25                     4.1006494812358506E-13   4.474872541804519E-13    0.25                     5.0E10                   2700                     6281.224226038884        3626.4664977439484       2502.294445801098
1.77542                  0.574857                 4.1                      0.24390243902439027      4.0964375242121127E-13   4.4482155926027954E-13   0.25                     5.0E10                   2700                     6281.224226038884        3626.4664977439484       2502.294445801098
1.77542                  0.574857                 4.2                      0.23809523809523808      4.1002683321471164E-13   4.4307136182993516E-13   0.25                     5.0E10                   2700                     6281.224226038884        3626.4664977439484       2502.294445801098
1.77542                  0.574857                 4.3                      0.23255813953488372      4.1111950632505794E-13   4.4213527617949616E-13   0.25                     5.0E10                   2700                     6281.224226038884        3626.4664977439484       2502.294445801098
1.77542                  0.574857                 4.3999999999999995       0.22727272727272732      4.128249094005575E-13    4.4190965047687405E-13   0.25                     5.0E10                   2700                     6281.224226038884        3626.4664977439484       2502.294445801098
1.77542                  0.574857                 4.5                      0.22222222222222224      4.1504888158959696E-13   4.4229392414410204E-13   0.25                     5.0E10                   2700                     6281.224226038884        3626.4664977439484       2502.294445801098
1.77542                  0.574857                 4.6                      0.2173913043478261       4.177030900645955E-13    4.43193925095892E-13     0.25                     5.0E10                   2700                     6281.224226038884        3626.4664977439484       2502.294445801098
1.77542                  0.574857                 4.7                      0.2127659574468085       4.207054832647329E-13    4.445225805683911E-13    0.25                     5.0E10                   2700                     6281.224226038884        3626.4664977439484       2502.294445801098
1.77542                  0.574857                 4.8                      0.20833333333333334      4.239825731547599E-13    4.4620188578574067E-13   0.25                     5.0E10                   2700                     6281.224226038884        3626.4664977439484       2502.294445801098
1.77542                  0.574857                 4.9                      0.20408163265306117      4.274685430689028E-13    4.4816213617641813E-13   0.25                     5.0E10                   2700                     6281.224226038884        3626.4664977439484       2502.294445801098
1.77542                  0.574857                 5                        0.2                      4.311067033621374E-13    4.503386693338293E-13    0.25                     5.0E10                   2700                     6281.224226038884        3626.4664977439484       2502.294445801098
1.77542                  0.574857                 5.1                      0.19607843137254904      4.3484205512344455E-13   4.5268424326417E-13      0.25                     5.0E10                   2700                     6281.224226038884        3626.4664977439484       2502.294445801098
1.77542                  0.574857                 5.2                      0.1923076923076923       4.38633388477062E-13     4.55148670910961E-13     0.25                     5.0E10                   2700                     6281.224226038884        3626.4664977439484       2502.294445801098
1.77542                  0.574857                 5.3                      0.18867924528301888      4.4244338912451605E-13   4.576922058050477E-13    0.25                     5.0E10                   2700                     6281.224226038884        3626.4664977439484       2502.294445801098
1.77542                  0.574857                 5.4                      0.18518518518518517      4.4624051555580584E-13   4.60281058652329E-13     0.25                     5.0E10                   2700                     6281.224226038884        3626.4664977439484       2502.294445801098
1.77542                  0.574857                 5.5                      0.18181818181818182      4.499984293077174E-13    4.628867772186827E-13    0.25                     5.0E10                   2700                     6281.224226038884        3626.4664977439484       2502.294445801098
1.77542                  0.574857                 5.6                      0.17857142857142858      4.5369544126747283E-13   4.654856535117401E-13    0.25                     5.0E10                   2700                     6281.224226038884        3626.4664977439484       2502.294445801098
1.77542                  0.574857                 5.7                      0.17543859649122806      4.573139836581286E-13    4.680581666630684E-13    0.25                     5.0E10                   2700                     6281.224226038884        3626.4664977439484       2502.294445801098
1.77542                  0.574857                 5.8                      0.1724137931034483       4.609894889938498E-13    4.707399068195884E-13    0.25                     5.0E10                   2700                     6281.224226038884        3626.4664977439484       2502.294445801098
1.77542                  0.574857                 5.9                      0.1694915254237288       4.64409945035942E-13     4.73211982547222E-13     0.25                     5.0E10                   2700                     6281.224226038884        3626.4664977439484       2502.294445801098
1.77542                  0.574857                 6                        0.16666666666666666      4.677185586471172E-13    4.756188983946324E-13    0.25                     5.0E10                   2700                     6281.224226038884        3626.4664977439484       2502.294445801098
1.77542                  0.574857                 6.1                      0.16393442622950818      4.709102379205377E-13    4.779536475930618E-13    0.25                     5.0E10                   2700                     6281.224226038884        3626.4664977439484       2502.294445801098
1.77542                  0.574857                 6.2                      0.16129032258064518      4.73980376497682E-13     4.802099257016099E-13    0.25                     5.0E10                   2700                     6281.224226038884        3626.4664977439484       2502.294445801098
1.77542                  0.574857                 6.3                      0.15873015873015872      4.769275514320625E-13    4.823844341088527E-13    0.25                     5.0E10                   2700                     6281.224226038884        3626.4664977439484       2502.294445801098
1.77542                  0.574857                 6.4                      0.15625                  4.797512693143717E-13    4.844748902233614E-13    0.25                     5.0E10                   2700                     6281.224226038884        3626.4664977439484       2502.294445801098
1.77542                  0.574857                 6.5                      0.15384615384615383      4.824522065465925E-13    4.864802088428862E-13    0.25                     5.0E10                   2700                     6281.224226038884        3626.4664977439484       2502.294445801098
1.77542                  0.574857                 6.6                      0.15151515151515152      4.850319933604404E-13    4.884002912207488E-13    0.25                     5.0E10                   2700                     6281.224226038884        3626.4664977439484       2502.294445801098
1.77542                  0.574857                 6.7                      0.1492537313432836       4.874930256351424E-13    4.902358418152394E-13    0.25                     5.0E10                   2700                     6281.224226038884        3626.4664977439484       2502.294445801098
1.77542                  0.574857                 6.8                      0.14705882352941177      4.898383020621582E-13    4.919882100205534E-13    0.25                     5.0E10                   2700                     6281.224226038884        3626.4664977439484       2502.294445801098
1.77542                  0.574857                 6.9                      0.14492753623188404      4.920712842465262E-13    4.936592543563948E-13    0.25                     5.0E10                   2700                     6281.224226038884        3626.4664977439484       2502.294445801098
1.77542                  0.574857                 7                        0.14285714285714285      4.941957774246136E-13    4.95251226641495E-13     0.25                     5.0E10                   2700                     6281.224226038884        3626.4664977439484       2502.294445801098
1.77542                  0.574857                 7.1                      0.14084507042253522      4.962158294684627E-13    4.967666738558104E-13    0.25                     5.0E10                   2700                     6281.224226038884        3626.4664977439484       2502.294445801098
1.77542                  0.574857                 7.2                      0.1388888888888889       4.981356461459821E-13    4.982083555817061E-13    0.25                     5.0E10                   2700                     6281.224226038884        3626.4664977439484       2502.294445801098
1.77542                  0.574857                 7.3                      0.13698630136986303      4.99959520535433E-13     4.995791750057745E-13    0.25                     5.0E10                   2700                     6281.224226038884        3626.4664977439484       2502.294445801098
1.77542                  0.574857                 7.4                      0.13513513513513514      5.016917749324779E-13    5.008821217869579E-13    0.25                     5.0E10                   2700                     6281.224226038884        3626.4664977439484       2502.294445801098
1.77542                  0.574857                 7.5                      0.13333333333333333      5.033367134195364E-13    5.021202250920077E-13    0.25                     5.0E10                   2700                     6281.224226038884        3626.4664977439484       2502.294445801098
1.77542                  0.574857                 7.6                      0.13157894736842105      5.048985837684724E-13    5.032965154556116E-13    0.25                     5.0E10                   2700                     6281.224226038884        3626.4664977439484       2502.294445801098
1.77542                  0.574857                 7.7                      0.12987012987012989      5.063815472375839E-13    5.044139941180205E-13    0.25                     5.0E10                   2700                     6281.224226038884        3626.4664977439484       2502.294445801098
1.77542                  0.574857                 7.8                      0.12820512820512822      5.077896551187278E-13    5.054756087613981E-13    0.25                     5.0E10                   2700                     6281.224226038884        3626.4664977439484       2502.294445801098
1.77542                  0.574857                 7.9                      0.12658227848101267      5.091268310080779E-13    5.064842346397691E-13    0.25                     5.0E10                   2700                     6281.224226038884        3626.4664977439484       2502.294445801098
1.77542                  0.574857                 8                        0.125                    5.103968578377867E-13    5.074426602543521E-13    0.25                     5.0E10                   2700                     6281.224226038884        3626.4664977439484       2502.294445801098
1.77542                  0.574857                 8.1                      0.1234567901234568       5.116033689657613E-13    5.083535768344574E-13    0.25                     5.0E10                   2700                     6281.224226038884        3626.4664977439484       2502.294445801098
1.77542                  0.574857                 8.2                      0.12195121951219513      5.127498424843656E-13    5.092195709376579E-13    0.25                     5.0E10                   2700                     6281.224226038884        3626.4664977439484       2502.294445801098
1.77542                  0.574857                 8.3                      0.12048192771084336      5.138395983626551E-13    5.100431197038219E-13    0.25                     5.0E10                   2700                     6281.224226038884        3626.4664977439484       2502.294445801098
1.77542                  0.574857                 8.4                      0.11904761904761904      5.148757976911038E-13    5.108265881859858E-13    0.25                     5.0E10                   2700                     6281.224226038884        3626.4664977439484       2502.294445801098
1.77542                  0.574857                 8.5                      0.11764705882352941      5.158614437591477E-13    5.115722284233335E-13    0.25                     5.0E10                   2700                     6281.224226038884        3626.4664977439484       2502.294445801098
1.77542                  0.574857                 8.6                      0.11627906976744186      5.167993845474568E-13    5.122821799190089E-13    0.25                     5.0E10                   2700                     6281.224226038884        3626.4664977439484       2502.294445801098
1.77542                  0.574857                 8.7                      0.11494252873563218      5.176923163002119E-13    5.129584711863114E-13    0.25                     5.0E10                   2700                     6281.224226038884        3626.4664977439484       2502.294445801098
1.77542                  0.574857                 8.8                      0.11363636363636362      5.185427879108283E-13    5.136030221455914E-13    0.25                     5.0E10                   2700                     6281.224226038884        3626.4664977439484       2502.294445801098
1.77542                  0.574857                 8.9                      0.11235955056179775      5.193532059996102E-13    5.142176472035768E-13    0.25                     5.0E10                   2700                     6281.224226038884        3626.4664977439484       2502.294445801098
1.77542                  0.574857                 9                        0.11111111111111112      5.201258403652212E-13    5.148040587897419E-13    0.25                     5.0E10                   2700                     6281.224226038884        3626.4664977439484       2502.294445801098
1.77542                  0.574857                 9.1                      0.1098901098901099       5.208628297627229E-13    5.153638712415681E-13    0.25                     5.0E10                   2700                     6281.224226038884        3626.4664977439484       2502.294445801098
1.77542                  0.574857                 9.2                      0.10869565217391305      5.215678850062674E-13    5.159001635647656E-13    0.25                     5.0E10                   2700                     6281.224226038884        3626.4664977439484       2502.294445801098
1.77542                  0.574857                 9.3                      0.10752688172043011      5.22239545072324E-13     5.164112881507849E-13    0.25                     5.0E10                   2700                     6281.224226038884        3626.4664977439484       2502.294445801098
1.77542                  0.574857                 9.4                      0.10638297872340426      5.228812498249034E-13    5.169001099264682E-13    0.25                     5.0E10                   2700                     6281.224226038884        3626.4664977439484       2502.294445801098
1.77542                  0.574857                 9.5                      0.10526315789473685      5.234946736084913E-13    5.173678930974646E-13    0.25                     5.0E10                   2700                     6281.224226038884        3626.4664977439484       2502.294445801098
1.77542                  0.574857                 9.6                      0.10416666666666667      5.24081389400348E-13     5.178158250644891E-13    0.25                     5.0E10                   2700                     6281.224226038884        3626.4664977439484       2502.294445801098
1.77542                  0.574857                 9.700000000000001        0.1030927835051546       5.246428745001667E-13    5.182450206216348E-13    0.25                     5.0E10                   2700                     6281.224226038884        3626.4664977439484       2502.294445801098
1.77542                  0.574857                 9.8                      0.10204081632653059      5.251805160220513E-13    5.186565260546014E-13    0.25                     5.0E10                   2700                     6281.224226038884        3626.4664977439484       2502.294445801098
1.77542                  0.574857                 9.9                      0.101010101010101        5.25695616102216E-13     5.190513230506104E-13    0.25                     5.0E10                   2700                     6281.224226038884        3626.4664977439484       2502.294445801098
1.77542                  0.574857                 10                       0.1                      5.26146309847896E-13     5.193678719945628E-13    0.25                     5.0E10                   2700                     6281.224226038884        3626.4664977439484       2502.294445801098
