1                        1                        1.79666                  1                        0.1                      10                       5.331387795495798E-13    5.331420320652205E-13    0.25                     5.0E10                   2700                     3516.906267145183        2030.4867800509533       2502.294445801098
1                        1                        1.79666                  1                        0.2                      5                        5.334717198577235E-13    5.331465029336288E-13    0.25                     5.0E10                   2700                     3516.906267145183        2030.4867800509533       2502.294445801098
1                        1                        1.79666                  1                        0.30000000000000004      3.3333333333333326       5.366702555940076E-13    5.363143329919424E-13    0.25                     5.0E10                   2700                     3516.906267145183        2030.4867800509533       2502.294445801098
1                        1                        1.79666                  1                        0.4                      2.5                      5.330203099249595E-13    5.332189256140952E-13    0.25                     5.0E10                   2700                     3516.906267145183        2030.4867800509533       2502.294445801098
1                        1                        1.79666                  1                        0.5                      2                        5.321424654472941E-13    5.328986099189706E-13    0.25                     5.0E10                   2700                     3516.906267145183        2030.4867800509533       2502.294445801098
1                        1                        1.79666                  1                        0.6                      1.6666666666666667       5.374756956030802E-13    5.350830091517329E-13    0.25                     5.0E10                   2700                     3516.906267145183        2030.4867800509533       2502.294445801098
1                        1                        1.79666                  1                        0.7000000000000001       1.4285714285714284       5.359973286569383E-13    5.335217487413039E-13    0.25                     5.0E10                   2700                     3516.906267145183        2030.4867800509533       2502.294445801098
1                        1                        1.79666                  1                        0.8                      1.25                     5.412301004403279E-13    5.267214910400084E-13    0.25                     5.0E10                   2700                     3516.906267145183        2030.4867800509533       2502.294445801098
1                        1                        1.79666                  1                        0.9                      1.1111111111111112       5.356974381811744E-13    5.19867230487341E-13     0.25                     5.0E10                   2700                     3516.906267145183        2030.4867800509533       2502.294445801098
1                        1                        1.79666                  1                        1                        1                        5.452182430081822E-13    5.15984097556891E-13     0.25                     5.0E10                   2700                     3516.906267145183        2030.4867800509533       2502.294445801098
1                        1                        1.79666                  1                        1.1                      0.909090909090909        5.422765130428479E-13    5.082397979415888E-13    0.25                     5.0E10                   2700                     3516.906267145183        2030.4867800509533       2502.294445801098
1                        1                        1.79666                  1                        1.2000000000000002       0.8333333333333331       5.458750084034664E-13    5.054768811024112E-13    0.25                     5.0E10                   2700                     3516.906267145183        2030.4867800509533       2502.294445801098
1                        1                        1.79666                  1                        1.3000000000000003       0.769230769230769        5.306228932509455E-13    4.836438956991253E-13    0.25                     5.0E10                   2700                     3516.906267145183        2030.4867800509533       2502.294445801098
1                        1                        1.79666                  1                        1.4000000000000001       0.7142857142857142       5.261531311635317E-13    4.76974261225625E-13     0.25                     5.0E10                   2700                     3516.906267145183        2030.4867800509533       2502.294445801098
1                        1                        1.79666                  1                        1.5000000000000002       0.6666666666666665       5.42710947786009E-13     4.960370991487392E-13    0.25                     5.0E10                   2700                     3516.906267145183        2030.4867800509533       2502.294445801098
1                        1                        1.79666                  1                        1.6                      0.625                    5.174774914418736E-13    4.853150353155305E-13    0.25                     5.0E10                   2700                     3516.906267145183        2030.4867800509533       2502.294445801098
1                        1                        1.79666                  1                        1.7000000000000002       0.588235294117647        4.691453886147672E-13    4.547063463125734E-13    0.25                     5.0E10                   2700                     3516.906267145183        2030.4867800509533       2502.294445801098
1                        1                        1.79666                  1                        1.8000000000000003       0.5555555555555555       4.3475002814167044E-13   4.3486921140814314E-13   0.25                     5.0E10                   2700                     3516.906267145183        2030.4867800509533       2502.294445801098
1                        1                        1.79666                  1                        1.9000000000000001       0.5263157894736842       4.221698061302283E-13    4.36411649454339E-13     0.25                     5.0E10                   2700                     3516.906267145183        2030.4867800509533       2502.294445801098
1                        1                        1.79666                  1                        2                        0.5                      4.197466533939526E-13    4.5315154631413017E-13   0.25                     5.0E10                   2700                     3516.906267145183        2030.4867800509533       2502.294445801098
1                        1                        1.79666                  1                        2.1                      0.47619047619047616      4.0705969397895764E-13   4.662966284646723E-13    0.25                     5.0E10                   2700                     3516.906267145183        2030.4867800509533       2502.294445801098
1                        1                        1.79666                  1                        2.2                      0.4545454545454545       3.760841432922279E-13    4.630815159723646E-13    0.25                     5.0E10                   2700                     3516.906267145183        2030.4867800509533       2502.294445801098
1                        1                        1.79666                  1                        2.3000000000000003       0.43478260869565216      3.3814450500896457E-13   4.493169034529682E-13    0.25                     5.0E10                   2700                     3516.906267145183        2030.4867800509533       2502.294445801098
1                        1                        1.79666                  1                        2.4000000000000004       0.4166666666666666       3.073019391734216E-13    4.3765840586215697E-13   0.25                     5.0E10                   2700                     3516.906267145183        2030.4867800509533       2502.294445801098
1                        1                        1.79666                  1                        2.5000000000000004       0.3999999999999999       2.896023780007608E-13    4.3526748406268286E-13   0.25                     5.0E10                   2700                     3516.906267145183        2030.4867800509533       2502.294445801098
1                        1                        1.79666                  1                        2.6                      0.3846153846153846       2.8480839841040136E-13   4.4321040195224754E-13   0.25                     5.0E10                   2700                     3516.906267145183        2030.4867800509533       2502.294445801098
1                        1                        1.79666                  1                        2.7                      0.37037037037037035      2.9041137099708824E-13   4.595916363204972E-13    0.25                     5.0E10                   2700                     3516.906267145183        2030.4867800509533       2502.294445801098
1                        1                        1.79666                  1                        2.8000000000000003       0.3571428571428571       3.033493955949696E-13    4.814398790390449E-13    0.25                     5.0E10                   2700                     3516.906267145183        2030.4867800509533       2502.294445801098
1                        1                        1.79666                  1                        2.9000000000000004       0.3448275862068965       3.205738421281971E-13    5.054550405258111E-13    0.25                     5.0E10                   2700                     3516.906267145183        2030.4867800509533       2502.294445801098
1                        1                        1.79666                  1                        3.0000000000000004       0.33333333333333326      3.3923116327638057E-13   5.283996471828558E-13    0.25                     5.0E10                   2700                     3516.906267145183        2030.4867800509533       2502.294445801098
1                        1                        1.79666                  1                        3.1                      0.32258064516129037      3.568527962128472E-13    5.474902121718285E-13    0.25                     5.0E10                   2700                     3516.906267145183        2030.4867800509533       2502.294445801098
1                        1                        1.79666                  1                        3.2                      0.3125                   3.7159830190558677E-13   5.607988042039767E-13    0.25                     5.0E10                   2700                     3516.906267145183        2030.4867800509533       2502.294445801098
1                        1                        1.79666                  1                        3.3000000000000003       0.30303030303030304      3.824359201313516E-13    5.675008538748236E-13    0.25                     5.0E10                   2700                     3516.906267145183        2030.4867800509533       2502.294445801098
1                        1                        1.79666                  1                        3.4000000000000004       0.2941176470588235       3.891226049343268E-13    5.678049672689032E-13    0.25                     5.0E10                   2700                     3516.906267145183        2030.4867800509533       2502.294445801098
1                        1                        1.79666                  1                        3.5000000000000004       0.2857142857142857       3.921012432056508E-13    5.627604321840626E-13    0.25                     5.0E10                   2700                     3516.906267145183        2030.4867800509533       2502.294445801098
1                        1                        1.79666                  1                        3.6                      0.2777777777777778       3.921905776202443E-13    5.538139855842651E-13    0.25                     5.0E10                   2700                     3516.906267145183        2030.4867800509533       2502.294445801098
1                        1                        1.79666                  1                        3.7                      0.2702702702702703       3.9029508384776117E-13   5.424036100837455E-13    0.25                     5.0E10                   2700                     3516.906267145183        2030.4867800509533       2502.294445801098
1                        1                        1.79666                  1                        3.8000000000000003       0.2631578947368421       3.8725109244019365E-13   5.29775399768521E-13     0.25                     5.0E10                   2700                     3516.906267145183        2030.4867800509533       2502.294445801098
1                        1                        1.79666                  1                        3.9000000000000004       0.2564102564102564       3.837383068828837E-13    5.168913099028131E-13    0.25                     5.0E10                   2700                     3516.906267145183        2030.4867800509533       2502.294445801098
1                        1                        1.79666                  1                        4                        0.25                     3.8025905729767534E-13   5.044272722187979E-13    0.25                     5.0E10                   2700                     3516.906267145183        2030.4867800509533       2502.294445801098
1                        1                        1.79666                  1                        4.1                      0.24390243902439027      3.7715512603724273E-13   4.928164740216226E-13    0.25                     5.0E10                   2700                     3516.906267145183        2030.4867800509533       2502.294445801098
1                        1                        1.79666                  1                        4.2                      0.23809523809523808      3.746397824678919E-13    4.823067984656804E-13    0.25                     5.0E10                   2700                     3516.906267145183        2030.4867800509533       2502.294445801098
1                        1                        1.79666                  1                        4.3                      0.23255813953488372      3.728312208873664E-13    4.730147971601378E-13    0.25                     5.0E10                   2700                     3516.906267145183        2030.4867800509533       2502.294445801098
1                        1                        1.79666                  1                        4.3999999999999995       0.22727272727272732      3.717812640937229E-13    4.649694136923462E-13    0.25                     5.0E10                   2700                     3516.906267145183        2030.4867800509533       2502.294445801098
1                        1                        1.79666                  1                        4.5                      0.22222222222222224      3.71497585452453E-13     4.581444455658262E-13    0.25                     5.0E10                   2700                     3516.906267145183        2030.4867800509533       2502.294445801098
1                        1                        1.79666                  1                        4.6                      0.2173913043478261       3.719599140043919E-13    4.524813484312975E-13    0.25                     5.0E10                   2700                     3516.906267145183        2030.4867800509533       2502.294445801098
1                        1                        1.79666                  1                        4.7                      0.2127659574468085       3.7313090367406644E-13   4.479041029247218E-13    0.25                     5.0E10                   2700                     3516.906267145183        2030.4867800509533       2502.294445801098
1                        1                        1.79666                  1                        4.8                      0.20833333333333334      3.7496408038128636E-13   4.44329477065366E-13     0.25                     5.0E10                   2700                     3516.906267145183        2030.4867800509533       2502.294445801098
1                        1                        1.79666                  1                        4.9                      0.20408163265306117      3.774083886194609E-13    4.4167273530020766E-13   0.25                     5.0E10                   2700                     3516.906267145183        2030.4867800509533       2502.294445801098
1                        1                        1.79666                  1                        5                        0.2                      3.8044325036770157E-13   4.398759294965546E-13    0.25                     5.0E10                   2700                     3516.906267145183        2030.4867800509533       2502.294445801098
1                        1                        1.79666                  1                        5.1                      0.19607843137254904      3.8397040687295713E-13   4.388321839391244E-13    0.25                     5.0E10                   2700                     3516.906267145183        2030.4867800509533       2502.294445801098
1                        1                        1.79666                  1                        5.2                      0.1923076923076923       3.8795112361195985E-13   4.3846833772871195E-13   0.25                     5.0E10                   2700                     3516.906267145183        2030.4867800509533       2502.294445801098
1                        1                        1.79666                  1                        5.3                      0.18867924528301888      3.923368995374505E-13    4.3871632318171305E-13   0.25                     5.0E10                   2700                     3516.906267145183        2030.4867800509533       2502.294445801098
1                        1                        1.79666                  1                        5.4                      0.18518518518518517      3.9708146343087253E-13   4.395131567032199E-13    0.25                     5.0E10                   2700                     3516.906267145183        2030.4867800509533       2502.294445801098
1                        1                        1.79666                  1                        5.5                      0.18181818181818182      4.02140849120558E-13     4.4080067868847755E-13   0.25                     5.0E10                   2700                     3516.906267145183        2030.4867800509533       2502.294445801098
1                        1                        1.79666                  1                        5.6                      0.17857142857142858      4.074733726685067E-13    4.425252044938777E-13    0.25                     5.0E10                   2700                     3516.906267145183        2030.4867800509533       2502.294445801098
1                        1                        1.79666                  1                        5.7                      0.17543859649122806      4.1303964209732183E-13   4.446372478886637E-13    0.25                     5.0E10                   2700                     3516.906267145183        2030.4867800509533       2502.294445801098
1                        1                        1.79666                  1                        5.8                      0.1724137931034483       4.1880214584726214E-13   4.4709075452716105E-13   0.25                     5.0E10                   2700                     3516.906267145183        2030.4867800509533       2502.294445801098
1                        1                        1.79666                  1                        5.9                      0.1694915254237288       4.247256532300136E-13    4.4984336312363017E-13   0.25                     5.0E10                   2700                     3516.906267145183        2030.4867800509533       2502.294445801098
1                        1                        1.79666                  1                        6                        0.16666666666666666      4.3077680818703297E-13   4.528557023378961E-13    0.25                     5.0E10                   2700                     3516.906267145183        2030.4867800509533       2502.294445801098
1                        1                        1.79666                  1                        6.1                      0.16393442622950818      4.3692414682563295E-13   4.56091228758821E-13     0.25                     5.0E10                   2700                     3516.906267145183        2030.4867800509533       2502.294445801098
1                        1                        1.79666                  1                        6.2                      0.16129032258064518      4.4313804648288696E-13   4.595160028430217E-13    0.25                     5.0E10                   2700                     3516.906267145183        2030.4867800509533       2502.294445801098
1                        1                        1.79666                  1                        6.3                      0.15873015873015872      4.4939068735895703E-13   4.630984997750701E-13    0.25                     5.0E10                   2700                     3516.906267145183        2030.4867800509533       2502.294445801098
1                        1                        1.79666                  1                        6.4                      0.15625                  4.556560244235205E-13    4.668094508429194E-13    0.25                     5.0E10                   2700                     3516.906267145183        2030.4867800509533       2502.294445801098
1                        1                        1.79666                  1                        6.5                      0.15384615384615383      4.619097666188726E-13    4.70621710489873E-13     0.25                     5.0E10                   2700                     3516.906267145183        2030.4867800509533       2502.294445801098
1                        1                        1.79666                  1                        6.6                      0.15151515151515152      4.68129360360909E-13     4.745101442602415E-13    0.25                     5.0E10                   2700                     3516.906267145183        2030.4867800509533       2502.294445801098
1                        1                        1.79666                  1                        6.7                      0.1492537313432836       4.742939745795055E-13    4.784515332143221E-13    0.25                     5.0E10                   2700                     3516.906267145183        2030.4867800509533       2502.294445801098
1                        1                        1.79666                  1                        6.8                      0.14705882352941177      4.803844847162794E-13    4.824244907531064E-13    0.25                     5.0E10                   2700                     3516.906267145183        2030.4867800509533       2502.294445801098
1                        1                        1.79666                  1                        6.9                      0.14492753623188404      4.863834535984217E-13    4.86409388384442E-13     0.25                     5.0E10                   2700                     3516.906267145183        2030.4867800509533       2502.294445801098
1                        1                        1.79666                  1                        7                        0.14285714285714285      4.922751075518552E-13    4.903882874832492E-13    0.25                     5.0E10                   2700                     3516.906267145183        2030.4867800509533       2502.294445801098
1                        1                        1.79666                  1                        7.1                      0.14084507042253522      4.980453065322085E-13    4.943448746556829E-13    0.25                     5.0E10                   2700                     3516.906267145183        2030.4867800509533       2502.294445801098
1                        1                        1.79666                  1                        7.2                      0.1388888888888889       5.036815074934142E-13    4.98264398787964E-13     0.25                     5.0E10                   2700                     3516.906267145183        2030.4867800509533       2502.294445801098
1                        1                        1.79666                  1                        7.3                      0.13698630136986303      5.091727206303453E-13    5.021336083896791E-13    0.25                     5.0E10                   2700                     3516.906267145183        2030.4867800509533       2502.294445801098
1                        1                        1.79666                  1                        7.4                      0.13513513513513514      5.14509458522016E-13     5.059406882348455E-13    0.25                     5.0E10                   2700                     3516.906267145183        2030.4867800509533       2502.294445801098
1                        1                        1.79666                  1                        7.5                      0.13333333333333333      5.196836783814228E-13    5.096751946453167E-13    0.25                     5.0E10                   2700                     3516.906267145183        2030.4867800509533       2502.294445801098
1                        1                        1.79666                  1                        7.6                      0.13157894736842105      5.24688966110294E-13     5.133281872407675E-13    0.25                     5.0E10                   2700                     3516.906267145183        2030.4867800509533       2502.294445801098
1                        1                        1.79666                  1                        7.7                      0.12987012987012989      5.295194994244241E-13    5.168913862522457E-13    0.25                     5.0E10                   2700                     3516.906267145183        2030.4867800509533       2502.294445801098
1                        1                        1.79666                  1                        7.8                      0.12820512820512822      5.341713887495707E-13    5.203582397091143E-13    0.25                     5.0E10                   2700                     3516.906267145183        2030.4867800509533       2502.294445801098
1                        1                        1.79666                  1                        7.9                      0.12658227848101267      5.386416785877519E-13    5.237231105157241E-13    0.25                     5.0E10                   2700                     3516.906267145183        2030.4867800509533       2502.294445801098
1                        1                        1.79666                  1                        8                        0.125                    5.429284915491865E-13    5.269813865395747E-13    0.25                     5.0E10                   2700                     3516.906267145183        2030.4867800509533       2502.294445801098
1                        1                        1.79666                  1                        8.1                      0.1234567901234568       5.470309460472547E-13    5.301294085933939E-13    0.25                     5.0E10                   2700                     3516.906267145183        2030.4867800509533       2502.294445801098
1                        1                        1.79666                  1                        8.2                      0.12195121951219513      5.509490731693246E-13    5.33164398524186E-13     0.25                     5.0E10                   2700                     3516.906267145183        2030.4867800509533       2502.294445801098
1                        1                        1.79666                  1                        8.3                      0.12048192771084336      5.546837338810989E-13    5.360843880546156E-13    0.25                     5.0E10                   2700                     3516.906267145183        2030.4867800509533       2502.294445801098
1                        1                        1.79666                  1                        8.4                      0.11904761904761904      5.582365372718852E-13    5.388881488168387E-13    0.25                     5.0E10                   2700                     3516.906267145183        2030.4867800509533       2502.294445801098
1                        1                        1.79666                  1                        8.5                      0.11764705882352941      5.616097606828649E-13    5.415751240871481E-13    0.25                     5.0E10                   2700                     3516.906267145183        2030.4867800509533       2502.294445801098
1                        1                        1.79666                  1                        8.6                      0.11627906976744186      5.648062723709232E-13    5.441453626704593E-13    0.25                     5.0E10                   2700                     3516.906267145183        2030.4867800509533       2502.294445801098
1                        1                        1.79666                  1                        8.7                      0.11494252873563218      5.678294572580258E-13    5.465994552818347E-13    0.25                     5.0E10                   2700                     3516.906267145183        2030.4867800509533       2502.294445801098
1                        1                        1.79666                  1                        8.8                      0.11363636363636362      5.70683146252525E-13     5.48938473776477E-13     0.25                     5.0E10                   2700                     3516.906267145183        2030.4867800509533       2502.294445801098
1                        1                        1.79666                  1                        8.9                      0.11235955056179775      5.733715494763689E-13    5.511639134640507E-13    0.25                     5.0E10                   2700                     3516.906267145183        2030.4867800509533       2502.294445801098
1                        1                        1.79666                  1                        9                        0.11111111111111112      5.758991937146876E-13    5.532776387319472E-13    0.25                     5.0E10                   2700                     3516.906267145183        2030.4867800509533       2502.294445801098
1                        1                        1.79666                  1                        9.1                      0.1098901098901099       5.782708641462927E-13    5.552818320583358E-13    0.25                     5.0E10                   2700                     3516.906267145183        2030.4867800509533       2502.294445801098
1                        1                        1.79666                  1                        9.2                      0.10869565217391305      5.804915505725593E-13    5.571789465479173E-13    0.25                     5.0E10                   2700                     3516.906267145183        2030.4867800509533       2502.294445801098
1                        1                        1.79666                  1                        9.3                      0.10752688172043011      5.825663981194269E-13    5.589716620041014E-13    0.25                     5.0E10                   2700                     3516.906267145183        2030.4867800509533       2502.294445801098
1                        1                        1.79666                  1                        9.4                      0.10638297872340426      5.845006622908542E-13    5.606628444787467E-13    0.25                     5.0E10                   2700                     3516.906267145183        2030.4867800509533       2502.294445801098
1                        1                        1.79666                  1                        9.5                      0.10526315789473685      5.862996684387401E-13    5.622555093099893E-13    0.25                     5.0E10                   2700                     3516.906267145183        2030.4867800509533       2502.294445801098
1                        1                        1.79666                  1                        9.6                      0.10416666666666667      5.879687753155297E-13    5.637527874911732E-13    0.25                     5.0E10                   2700                     3516.906267145183        2030.4867800509533       2502.294445801098
1                        1                        1.79666                  1                        9.700000000000001        0.1030927835051546       5.895133427095631E-13    5.651578952917625E-13    0.25                     5.0E10                   2700                     3516.906267145183        2030.4867800509533       2502.294445801098
1                        1                        1.79666                  1                        9.8                      0.10204081632653059      5.90938702881617E-13     5.664741069964037E-13    0.25                     5.0E10                   2700                     3516.906267145183        2030.4867800509533       2502.294445801098
1                        1                        1.79666                  1                        9.9                      0.101010101010101        5.922501355185963E-13    5.677047305393859E-13    0.25                     5.0E10                   2700                     3516.906267145183        2030.4867800509533       2502.294445801098
1                        1                        1.79666                  1                        10                       0.1                      5.93668821728975E-13     5.690519167375623E-13    0.25                     5.0E10                   2700                     3516.906267145183        2030.4867800509533       2502.294445801098
