1                        1                        0.897738                 1                        0.1                      10                       5.331378837802996E-13    5.331368193338789E-13    0.25                     5.0E10                   2700                     4975.296172322192        2872.4885843883326       2502.294445801098
1                        1                        0.897738                 1                        0.2                      5                        5.334873156852654E-13    5.331492794772932E-13    0.25                     5.0E10                   2700                     4975.296172322192        2872.4885843883326       2502.294445801098
1                        1                        0.897738                 1                        0.30000000000000004      3.3333333333333326       5.366580924459452E-13    5.363080090186346E-13    0.25                     5.0E10                   2700                     4975.296172322192        2872.4885843883326       2502.294445801098
1                        1                        0.897738                 1                        0.4                      2.5                      5.32922764234006E-13     5.332040627183897E-13    0.25                     5.0E10                   2700                     4975.296172322192        2872.4885843883326       2502.294445801098
1                        1                        0.897738                 1                        0.5                      2                        5.332304679786406E-13    5.333389280806104E-13    0.25                     5.0E10                   2700                     4975.296172322192        2872.4885843883326       2502.294445801098
1                        1                        0.897738                 1                        0.6                      1.6666666666666667       5.364945549657834E-13    5.369640644249662E-13    0.25                     5.0E10                   2700                     4975.296172322192        2872.4885843883326       2502.294445801098
1                        1                        0.897738                 1                        0.7000000000000001       1.4285714285714284       5.37546448322846E-13     5.384903980947999E-13    0.25                     5.0E10                   2700                     4975.296172322192        2872.4885843883326       2502.294445801098
1                        1                        0.897738                 1                        0.8                      1.25                     5.337712995240238E-13    5.348787837300239E-13    0.25                     5.0E10                   2700                     4975.296172322192        2872.4885843883326       2502.294445801098
1                        1                        0.897738                 1                        0.9                      1.1111111111111112       5.312413370081451E-13    5.366173510753433E-13    0.25                     5.0E10                   2700                     4975.296172322192        2872.4885843883326       2502.294445801098
1                        1                        0.897738                 1                        1                        1                        5.335989668552614E-13    5.370139456071439E-13    0.25                     5.0E10                   2700                     4975.296172322192        2872.4885843883326       2502.294445801098
1                        1                        0.897738                 1                        1.1                      0.909090909090909        5.342426615670813E-13    5.399741718215621E-13    0.25                     5.0E10                   2700                     4975.296172322192        2872.4885843883326       2502.294445801098
1                        1                        0.897738                 1                        1.2000000000000002       0.8333333333333331       5.383181468764092E-13    5.432305964209436E-13    0.25                     5.0E10                   2700                     4975.296172322192        2872.4885843883326       2502.294445801098
1                        1                        0.897738                 1                        1.3000000000000003       0.769230769230769        5.413876635706372E-13    5.420660565341008E-13    0.25                     5.0E10                   2700                     4975.296172322192        2872.4885843883326       2502.294445801098
1                        1                        0.897738                 1                        1.4000000000000001       0.7142857142857142       5.439416725336703E-13    5.421286612982065E-13    0.25                     5.0E10                   2700                     4975.296172322192        2872.4885843883326       2502.294445801098
1                        1                        0.897738                 1                        1.5000000000000002       0.6666666666666665       5.459696547745026E-13    5.432178908367105E-13    0.25                     5.0E10                   2700                     4975.296172322192        2872.4885843883326       2502.294445801098
1                        1                        0.897738                 1                        1.6                      0.625                    5.468364896129499E-13    5.422827479033295E-13    0.25                     5.0E10                   2700                     4975.296172322192        2872.4885843883326       2502.294445801098
1                        1                        0.897738                 1                        1.7000000000000002       0.588235294117647        5.550104779983011E-13    5.468779208216917E-13    0.25                     5.0E10                   2700                     4975.296172322192        2872.4885843883326       2502.294445801098
1                        1                        0.897738                 1                        1.8000000000000003       0.5555555555555555       5.612363128359614E-13    5.486443094851131E-13    0.25                     5.0E10                   2700                     4975.296172322192        2872.4885843883326       2502.294445801098
1                        1                        0.897738                 1                        1.9000000000000001       0.5263157894736842       5.621452225661888E-13    5.454065044462661E-13    0.25                     5.0E10                   2700                     4975.296172322192        2872.4885843883326       2502.294445801098
1                        1                        0.897738                 1                        2                        0.5                      5.633790299465483E-13    5.433470801997274E-13    0.25                     5.0E10                   2700                     4975.296172322192        2872.4885843883326       2502.294445801098
1                        1                        0.897738                 1                        2.1                      0.47619047619047616      5.673446732385201E-13    5.45077561303738E-13     0.25                     5.0E10                   2700                     4975.296172322192        2872.4885843883326       2502.294445801098
1                        1                        0.897738                 1                        2.2                      0.4545454545454545       5.717844614172532E-13    5.483558807356234E-13    0.25                     5.0E10                   2700                     4975.296172322192        2872.4885843883326       2502.294445801098
1                        1                        0.897738                 1                        2.3000000000000003       0.43478260869565216      5.738074492903686E-13    5.501141326097567E-13    0.25                     5.0E10                   2700                     4975.296172322192        2872.4885843883326       2502.294445801098
1                        1                        0.897738                 1                        2.4000000000000004       0.4166666666666666       5.726731549934207E-13    5.492675781637508E-13    0.25                     5.0E10                   2700                     4975.296172322192        2872.4885843883326       2502.294445801098
1                        1                        0.897738                 1                        2.5000000000000004       0.3999999999999999       5.695801860560177E-13    5.465834771419621E-13    0.25                     5.0E10                   2700                     4975.296172322192        2872.4885843883326       2502.294445801098
1                        1                        0.897738                 1                        2.6                      0.3846153846153846       5.659209497747219E-13    5.433706273630539E-13    0.25                     5.0E10                   2700                     4975.296172322192        2872.4885843883326       2502.294445801098
1                        1                        0.897738                 1                        2.7                      0.37037037037037035      5.627698908295963E-13    5.405284931125328E-13    0.25                     5.0E10                   2700                     4975.296172322192        2872.4885843883326       2502.294445801098
1                        1                        0.897738                 1                        2.8000000000000003       0.3571428571428571       5.604647053865341E-13    5.383900949341091E-13    0.25                     5.0E10                   2700                     4975.296172322192        2872.4885843883326       2502.294445801098
1                        1                        0.897738                 1                        2.9000000000000004       0.3448275862068965       5.589142235613659E-13    5.369049628269182E-13    0.25                     5.0E10                   2700                     4975.296172322192        2872.4885843883326       2502.294445801098
1                        1                        0.897738                 1                        3.0000000000000004       0.33333333333333326      5.57877923840036E-13     5.358836319624522E-13    0.25                     5.0E10                   2700                     4975.296172322192        2872.4885843883326       2502.294445801098
1                        1                        0.897738                 1                        3.1                      0.32258064516129037      5.571436003100188E-13    5.351579860187154E-13    0.25                     5.0E10                   2700                     4975.296172322192        2872.4885843883326       2502.294445801098
1                        1                        0.897738                 1                        3.2                      0.3125                   5.565944188209118E-13    5.346434559825756E-13    0.25                     5.0E10                   2700                     4975.296172322192        2872.4885843883326       2502.294445801098
1                        1                        0.897738                 1                        3.3000000000000003       0.30303030303030304      5.562031516475701E-13    5.34334406207422E-13     0.25                     5.0E10                   2700                     4975.296172322192        2872.4885843883326       2502.294445801098
1                        1                        0.897738                 1                        3.4000000000000004       0.2941176470588235       5.561171236065963E-13    5.344041822888785E-13    0.25                     5.0E10                   2700                     4975.296172322192        2872.4885843883326       2502.294445801098
1                        1                        0.897738                 1                        3.5000000000000004       0.2857142857142857       5.561248850953815E-13    5.346282262577836E-13    0.25                     5.0E10                   2700                     4975.296172322192        2872.4885843883326       2502.294445801098
1                        1                        0.897738                 1                        3.6                      0.2777777777777778       5.563854706762388E-13    5.351830227145974E-13    0.25                     5.0E10                   2700                     4975.296172322192        2872.4885843883326       2502.294445801098
1                        1                        0.897738                 1                        3.7                      0.2702702702702703       5.569000999574862E-13    5.36074880792887E-13     0.25                     5.0E10                   2700                     4975.296172322192        2872.4885843883326       2502.294445801098
1                        1                        0.897738                 1                        3.8000000000000003       0.2631578947368421       5.576413837946511E-13    5.37279826158196E-13     0.25                     5.0E10                   2700                     4975.296172322192        2872.4885843883326       2502.294445801098
1                        1                        0.897738                 1                        3.9000000000000004       0.2564102564102564       5.585580443188382E-13    5.387481674724686E-13    0.25                     5.0E10                   2700                     4975.296172322192        2872.4885843883326       2502.294445801098
1                        1                        0.897738                 1                        4                        0.25                     5.595830457364115E-13    5.404122166955474E-13    0.25                     5.0E10                   2700                     4975.296172322192        2872.4885843883326       2502.294445801098
1                        1                        0.897738                 1                        4.1                      0.24390243902439027      5.606421976035107E-13    5.421947665484461E-13    0.25                     5.0E10                   2700                     4975.296172322192        2872.4885843883326       2502.294445801098
1                        1                        0.897738                 1                        4.2                      0.23809523809523808      5.616619021027489E-13    5.440168156749427E-13    0.25                     5.0E10                   2700                     4975.296172322192        2872.4885843883326       2502.294445801098
1                        1                        0.897738                 1                        4.3                      0.23255813953488372      5.625751967714096E-13    5.458037993804483E-13    0.25                     5.0E10                   2700                     4975.296172322192        2872.4885843883326       2502.294445801098
1                        1                        0.897738                 1                        4.3999999999999995       0.22727272727272732      5.633258840274968E-13    5.474900713476563E-13    0.25                     5.0E10                   2700                     4975.296172322192        2872.4885843883326       2502.294445801098
1                        1                        0.897738                 1                        4.5                      0.22222222222222224      5.638708423008464E-13    5.490216792187026E-13    0.25                     5.0E10                   2700                     4975.296172322192        2872.4885843883326       2502.294445801098
1                        1                        0.897738                 1                        4.6                      0.2173913043478261       5.641809009665349E-13    5.50357719677163E-13     0.25                     5.0E10                   2700                     4975.296172322192        2872.4885843883326       2502.294445801098
1                        1                        0.897738                 1                        4.7                      0.2127659574468085       5.642399441258328E-13    5.51470120963662E-13     0.25                     5.0E10                   2700                     4975.296172322192        2872.4885843883326       2502.294445801098
1                        1                        0.897738                 1                        4.8                      0.20833333333333334      5.640442525718527E-13    5.523432229212622E-13    0.25                     5.0E10                   2700                     4975.296172322192        2872.4885843883326       2502.294445801098
1                        1                        0.897738                 1                        4.9                      0.20408163265306117      5.636002595817701E-13    5.529721021456801E-13    0.25                     5.0E10                   2700                     4975.296172322192        2872.4885843883326       2502.294445801098
1                        1                        0.897738                 1                        5                        0.2                      5.630249216916258E-13    5.534578950530913E-13    0.25                     5.0E10                   2700                     4975.296172322192        2872.4885843883326       2502.294445801098
1                        1                        0.897738                 1                        5.1                      0.19607843137254904      5.621198992361175E-13    5.536039376216362E-13    0.25                     5.0E10                   2700                     4975.296172322192        2872.4885843883326       2502.294445801098
1                        1                        0.897738                 1                        5.2                      0.1923076923076923       5.610283493184025E-13    5.535393920925475E-13    0.25                     5.0E10                   2700                     4975.296172322192        2872.4885843883326       2502.294445801098
1                        1                        0.897738                 1                        5.3                      0.18867924528301888      5.597772191807131E-13    5.532843612062822E-13    0.25                     5.0E10                   2700                     4975.296172322192        2872.4885843883326       2502.294445801098
1                        1                        0.897738                 1                        5.4                      0.18518518518518517      5.583943188370418E-13    5.528610784794935E-13    0.25                     5.0E10                   2700                     4975.296172322192        2872.4885843883326       2502.294445801098
1                        1                        0.897738                 1                        5.5                      0.18181818181818182      5.569071600107672E-13    5.522926947066195E-13    0.25                     5.0E10                   2700                     4975.296172322192        2872.4885843883326       2502.294445801098
1                        1                        0.897738                 1                        5.6                      0.17857142857142858      5.553420778795294E-13    5.516023120907464E-13    0.25                     5.0E10                   2700                     4975.296172322192        2872.4885843883326       2502.294445801098
1                        1                        0.897738                 1                        5.7                      0.17543859649122806      5.537237900503579E-13    5.508124481269564E-13    0.25                     5.0E10                   2700                     4975.296172322192        2872.4885843883326       2502.294445801098
1                        1                        0.897738                 1                        5.8                      0.1724137931034483       5.520742747642252E-13    5.499437354179052E-13    0.25                     5.0E10                   2700                     4975.296172322192        2872.4885843883326       2502.294445801098
1                        1                        0.897738                 1                        5.9                      0.1694915254237288       5.504136175505657E-13    5.490157232360804E-13    0.25                     5.0E10                   2700                     4975.296172322192        2872.4885843883326       2502.294445801098
1                        1                        0.897738                 1                        6                        0.16666666666666666      5.487592241067868E-13    5.480459187370602E-13    0.25                     5.0E10                   2700                     4975.296172322192        2872.4885843883326       2502.294445801098
1                        1                        0.897738                 1                        6.1                      0.16393442622950818      5.471260229994601E-13    5.470498861100609E-13    0.25                     5.0E10                   2700                     4975.296172322192        2872.4885843883326       2502.294445801098
1                        1                        0.897738                 1                        6.2                      0.16129032258064518      5.455265699306266E-13    5.460412457719406E-13    0.25                     5.0E10                   2700                     4975.296172322192        2872.4885843883326       2502.294445801098
1                        1                        0.897738                 1                        6.3                      0.15873015873015872      5.439712036169223E-13    5.450317365376683E-13    0.25                     5.0E10                   2700                     4975.296172322192        2872.4885843883326       2502.294445801098
1                        1                        0.897738                 1                        6.4                      0.15625                  5.424682332256176E-13    5.44031321083564E-13     0.25                     5.0E10                   2700                     4975.296172322192        2872.4885843883326       2502.294445801098
1                        1                        0.897738                 1                        6.5                      0.15384615384615383      5.410241416209473E-13    5.430483188126112E-13    0.25                     5.0E10                   2700                     4975.296172322192        2872.4885843883326       2502.294445801098
1                        1                        0.897738                 1                        6.6                      0.15151515151515152      5.396437927344439E-13    5.42089553790141E-13     0.25                     5.0E10                   2700                     4975.296172322192        2872.4885843883326       2502.294445801098
1                        1                        0.897738                 1                        6.7                      0.1492537313432836       5.383306347716835E-13    5.411605085059737E-13    0.25                     5.0E10                   2700                     4975.296172322192        2872.4885843883326       2502.294445801098
1                        1                        0.897738                 1                        6.8                      0.14705882352941177      5.37086893477449E-13     5.40265476668014E-13     0.25                     5.0E10                   2700                     4975.296172322192        2872.4885843883326       2502.294445801098
1                        1                        0.897738                 1                        6.9                      0.14492753623188404      5.359137518731206E-13    5.394077103532027E-13    0.25                     5.0E10                   2700                     4975.296172322192        2872.4885843883326       2502.294445801098
1                        1                        0.897738                 1                        7                        0.14285714285714285      5.348115144987784E-13    5.385895584384199E-13    0.25                     5.0E10                   2700                     4975.296172322192        2872.4885843883326       2502.294445801098
1                        1                        0.897738                 1                        7.1                      0.14084507042253522      5.337797552657742E-13    5.378125944582271E-13    0.25                     5.0E10                   2700                     4975.296172322192        2872.4885843883326       2502.294445801098
1                        1                        0.897738                 1                        7.2                      0.1388888888888889       5.328174489391131E-13    5.370777329556434E-13    0.25                     5.0E10                   2700                     4975.296172322192        2872.4885843883326       2502.294445801098
1                        1                        0.897738                 1                        7.3                      0.13698630136986303      5.319230867912092E-13    5.363853340791228E-13    0.25                     5.0E10                   2700                     4975.296172322192        2872.4885843883326       2502.294445801098
1                        1                        0.897738                 1                        7.4                      0.13513513513513514      5.310947774130889E-13    5.357352966494179E-13    0.25                     5.0E10                   2700                     4975.296172322192        2872.4885843883326       2502.294445801098
1                        1                        0.897738                 1                        7.5                      0.13333333333333333      5.303303337334473E-13    5.351271401837482E-13    0.25                     5.0E10                   2700                     4975.296172322192        2872.4885843883326       2502.294445801098
1                        1                        0.897738                 1                        7.6                      0.13157894736842105      5.296278729981846E-13    5.345606094200006E-13    0.25                     5.0E10                   2700                     4975.296172322192        2872.4885843883326       2502.294445801098
1                        1                        0.897738                 1                        7.7                      0.12987012987012989      5.289838071419786E-13    5.34033632539557E-13     0.25                     5.0E10                   2700                     4975.296172322192        2872.4885843883326       2502.294445801098
1                        1                        0.897738                 1                        7.8                      0.12820512820512822      5.283959631475302E-13    5.335454908304667E-13    0.25                     5.0E10                   2700                     4975.296172322192        2872.4885843883326       2502.294445801098
1                        1                        0.897738                 1                        7.9                      0.12658227848101267      5.278616111106881E-13    5.330948137273718E-13    0.25                     5.0E10                   2700                     4975.296172322192        2872.4885843883326       2502.294445801098
1                        1                        0.897738                 1                        8                        0.125                    5.273779984087465E-13    5.326801241319651E-13    0.25                     5.0E10                   2700                     4975.296172322192        2872.4885843883326       2502.294445801098
1                        1                        0.897738                 1                        8.1                      0.1234567901234568       5.269423800813672E-13    5.322998714797137E-13    0.25                     5.0E10                   2700                     4975.296172322192        2872.4885843883326       2502.294445801098
1                        1                        0.897738                 1                        8.2                      0.12195121951219513      5.265520433612973E-13    5.319524594206426E-13    0.25                     5.0E10                   2700                     4975.296172322192        2872.4885843883326       2502.294445801098
1                        1                        0.897738                 1                        8.3                      0.12048192771084336      5.262043273731427E-13    5.316362689069239E-13    0.25                     5.0E10                   2700                     4975.296172322192        2872.4885843883326       2502.294445801098
1                        1                        0.897738                 1                        8.4                      0.11904761904761904      5.258966385782165E-13    5.313496772249032E-13    0.25                     5.0E10                   2700                     4975.296172322192        2872.4885843883326       2502.294445801098
1                        1                        0.897738                 1                        8.5                      0.11764705882352941      5.256264626845269E-13    5.310910735560615E-13    0.25                     5.0E10                   2700                     4975.296172322192        2872.4885843883326       2502.294445801098
1                        1                        0.897738                 1                        8.6                      0.11627906976744186      5.253913735419064E-13    5.308588715551399E-13    0.25                     5.0E10                   2700                     4975.296172322192        2872.4885843883326       2502.294445801098
1                        1                        0.897738                 1                        8.7                      0.11494252873563218      5.251890395136705E-13    5.306515193612828E-13    0.25                     5.0E10                   2700                     4975.296172322192        2872.4885843883326       2502.294445801098
1                        1                        0.897738                 1                        8.8                      0.11363636363636362      5.250172277393088E-13    5.304675074314204E-13    0.25                     5.0E10                   2700                     4975.296172322192        2872.4885843883326       2502.294445801098
1                        1                        0.897738                 1                        8.9                      0.11235955056179775      5.248738066557864E-13    5.303053745285362E-13    0.25                     5.0E10                   2700                     4975.296172322192        2872.4885843883326       2502.294445801098
1                        1                        0.897738                 1                        9                        0.11111111111111112      5.247567471160975E-13    5.30163712168028E-13     0.25                     5.0E10                   2700                     4975.296172322192        2872.4885843883326       2502.294445801098
1                        1                        0.897738                 1                        9.1                      0.1098901098901099       5.246641222723576E-13    5.300411677247484E-13    0.25                     5.0E10                   2700                     4975.296172322192        2872.4885843883326       2502.294445801098
1                        1                        0.897738                 1                        9.2                      0.10869565217391305      5.245941065647826E-13    5.299364464697593E-13    0.25                     5.0E10                   2700                     4975.296172322192        2872.4885843883326       2502.294445801098
1                        1                        0.897738                 1                        9.3                      0.10752688172043011      5.24544973965789E-13     5.29848312709854E-13     0.25                     5.0E10                   2700                     4975.296172322192        2872.4885843883326       2502.294445801098
1                        1                        0.897738                 1                        9.4                      0.10638297872340426      5.245150955713907E-13    5.297755901504901E-13    0.25                     5.0E10                   2700                     4975.296172322192        2872.4885843883326       2502.294445801098
1                        1                        0.897738                 1                        9.5                      0.10526315789473685      5.245029368308095E-13    5.297171616925568E-13    0.25                     5.0E10                   2700                     4975.296172322192        2872.4885843883326       2502.294445801098
1                        1                        0.897738                 1                        9.6                      0.10416666666666667      5.245070543208848E-13    5.296719686891871E-13    0.25                     5.0E10                   2700                     4975.296172322192        2872.4885843883326       2502.294445801098
1                        1                        0.897738                 1                        9.700000000000001        0.1030927835051546       5.245260923730313E-13    5.296390098479736E-13    0.25                     5.0E10                   2700                     4975.296172322192        2872.4885843883326       2502.294445801098
1                        1                        0.897738                 1                        9.8                      0.10204081632653059      5.245587795102565E-13    5.29617339823343E-13     0.25                     5.0E10                   2700                     4975.296172322192        2872.4885843883326       2502.294445801098
1                        1                        0.897738                 1                        9.9                      0.101010101010101        5.246039247246485E-13    5.296060675337185E-13    0.25                     5.0E10                   2700                     4975.296172322192        2872.4885843883326       2502.294445801098
1                        1                        0.897738                 1                        10                       0.1                      5.247163054636132E-13    5.296339188049644E-13    0.25                     5.0E10                   2700                     4975.296172322192        2872.4885843883326       2502.294445801098
