1                        1                        1.89829                  1                        0.1                      10                       5.33127130235268E-13     5.331341168524161E-13    0.25                     5.0E10                   2700                     3421.467847394773        1975.3853827170212       2502.294445801098
1                        1                        1.89829                  1                        0.2                      5                        5.334838496198492E-13    5.331509564621914E-13    0.25                     5.0E10                   2700                     3421.467847394773        1975.3853827170212       2502.294445801098
1                        1                        1.89829                  1                        0.30000000000000004      3.3333333333333326       5.36659046523522E-13     5.363045914941233E-13    0.25                     5.0E10                   2700                     3421.467847394773        1975.3853827170212       2502.294445801098
1                        1                        1.89829                  1                        0.4                      2.5                      5.330591459475139E-13    5.332729446163365E-13    0.25                     5.0E10                   2700                     3421.467847394773        1975.3853827170212       2502.294445801098
1                        1                        1.89829                  1                        0.5                      2                        5.322237595718507E-13    5.328836079945721E-13    0.25                     5.0E10                   2700                     3421.467847394773        1975.3853827170212       2502.294445801098
1                        1                        1.89829                  1                        0.6                      1.6666666666666667       5.3713360838516E-13      5.351106471566971E-13    0.25                     5.0E10                   2700                     3421.467847394773        1975.3853827170212       2502.294445801098
1                        1                        1.89829                  1                        0.7000000000000001       1.4285714285714284       5.357882954928469E-13    5.335473824392222E-13    0.25                     5.0E10                   2700                     3421.467847394773        1975.3853827170212       2502.294445801098
1                        1                        1.89829                  1                        0.8                      1.25                     5.432699032155639E-13    5.268611023254784E-13    0.25                     5.0E10                   2700                     3421.467847394773        1975.3853827170212       2502.294445801098
1                        1                        1.89829                  1                        0.9                      1.1111111111111112       5.360778261210893E-13    5.193368899648291E-13    0.25                     5.0E10                   2700                     3421.467847394773        1975.3853827170212       2502.294445801098
1                        1                        1.89829                  1                        1                        1                        5.463625352100468E-13    5.156120596087095E-13    0.25                     5.0E10                   2700                     3421.467847394773        1975.3853827170212       2502.294445801098
1                        1                        1.89829                  1                        1.1                      0.909090909090909        5.439173224149704E-13    5.066084494975764E-13    0.25                     5.0E10                   2700                     3421.467847394773        1975.3853827170212       2502.294445801098
1                        1                        1.89829                  1                        1.2000000000000002       0.8333333333333331       5.461421799045356E-13    5.031506696151106E-13    0.25                     5.0E10                   2700                     3421.467847394773        1975.3853827170212       2502.294445801098
1                        1                        1.89829                  1                        1.3000000000000003       0.769230769230769        5.324142317072511E-13    4.806119269456468E-13    0.25                     5.0E10                   2700                     3421.467847394773        1975.3853827170212       2502.294445801098
1                        1                        1.89829                  1                        1.4000000000000001       0.7142857142857142       5.253129488739185E-13    4.69748417961854E-13     0.25                     5.0E10                   2700                     3421.467847394773        1975.3853827170212       2502.294445801098
1                        1                        1.89829                  1                        1.5000000000000002       0.6666666666666665       5.459807439206841E-13    4.904975671926745E-13    0.25                     5.0E10                   2700                     3421.467847394773        1975.3853827170212       2502.294445801098
1                        1                        1.89829                  1                        1.6                      0.625                    5.244294839388155E-13    4.830791143958048E-13    0.25                     5.0E10                   2700                     3421.467847394773        1975.3853827170212       2502.294445801098
1                        1                        1.89829                  1                        1.7000000000000002       0.588235294117647        4.705115414372255E-13    4.4924842079634697E-13   0.25                     5.0E10                   2700                     3421.467847394773        1975.3853827170212       2502.294445801098
1                        1                        1.89829                  1                        1.8000000000000003       0.5555555555555555       4.2878579083696445E-13   4.2388770690335203E-13   0.25                     5.0E10                   2700                     3421.467847394773        1975.3853827170212       2502.294445801098
1                        1                        1.89829                  1                        1.9000000000000001       0.5263157894736842       4.12514136771765E-13     4.2182614185204966E-13   0.25                     5.0E10                   2700                     3421.467847394773        1975.3853827170212       2502.294445801098
1                        1                        1.89829                  1                        2                        0.5                      4.1192060254302934E-13   4.397074801416526E-13    0.25                     5.0E10                   2700                     3421.467847394773        1975.3853827170212       2502.294445801098
1                        1                        1.89829                  1                        2.1                      0.47619047619047616      4.035630424385189E-13    4.578942432405596E-13    0.25                     5.0E10                   2700                     3421.467847394773        1975.3853827170212       2502.294445801098
1                        1                        1.89829                  1                        2.2                      0.4545454545454545       3.7277659556139923E-13   4.577307206860843E-13    0.25                     5.0E10                   2700                     3421.467847394773        1975.3853827170212       2502.294445801098
1                        1                        1.89829                  1                        2.3000000000000003       0.43478260869565216      3.2979807345365306E-13   4.42492413332445E-13     0.25                     5.0E10                   2700                     3421.467847394773        1975.3853827170212       2502.294445801098
1                        1                        1.89829                  1                        2.4000000000000004       0.4166666666666666       2.9247085362680313E-13   4.2768118937670553E-13   0.25                     5.0E10                   2700                     3421.467847394773        1975.3853827170212       2502.294445801098
1                        1                        1.89829                  1                        2.5000000000000004       0.3999999999999999       2.693461308546396E-13    4.23043884840194E-13     0.25                     5.0E10                   2700                     3421.467847394773        1975.3853827170212       2502.294445801098
1                        1                        1.89829                  1                        2.6                      0.3846153846153846       2.608165176367437E-13    4.3045575752034095E-13   0.25                     5.0E10                   2700                     3421.467847394773        1975.3853827170212       2502.294445801098
1                        1                        1.89829                  1                        2.7                      0.37037037037037035      2.6425649199130963E-13   4.4789174504897797E-13   0.25                     5.0E10                   2700                     3421.467847394773        1975.3853827170212       2502.294445801098
1                        1                        1.89829                  1                        2.8000000000000003       0.3571428571428571       2.763638251633231E-13    4.719911071210974E-13    0.25                     5.0E10                   2700                     3421.467847394773        1975.3853827170212       2502.294445801098
1                        1                        1.89829                  1                        2.9000000000000004       0.3448275862068965       2.938305764613701E-13    4.989925780272676E-13    0.25                     5.0E10                   2700                     3421.467847394773        1975.3853827170212       2502.294445801098
1                        1                        1.89829                  1                        3.0000000000000004       0.33333333333333326      3.1352144518969946E-13   5.251743676500206E-13    0.25                     5.0E10                   2700                     3421.467847394773        1975.3853827170212       2502.294445801098
1                        1                        1.89829                  1                        3.1                      0.32258064516129037      3.326591093332573E-13    5.472844771318041E-13    0.25                     5.0E10                   2700                     3421.467847394773        1975.3853827170212       2502.294445801098
1                        1                        1.89829                  1                        3.2                      0.3125                   3.49094736381801E-13     5.630095551671797E-13    0.25                     5.0E10                   2700                     3421.467847394773        1975.3853827170212       2502.294445801098
1                        1                        1.89829                  1                        3.3000000000000003       0.30303030303030304      3.6153787204715527E-13   5.712924924130542E-13    0.25                     5.0E10                   2700                     3421.467847394773        1975.3853827170212       2502.294445801098
1                        1                        1.89829                  1                        3.4000000000000004       0.2941176470588235       3.695722895273156E-13    5.722779039019971E-13    0.25                     5.0E10                   2700                     3421.467847394773        1975.3853827170212       2502.294445801098
1                        1                        1.89829                  1                        3.5000000000000004       0.2857142857142857       3.735785836856163E-13    5.671354257360358E-13    0.25                     5.0E10                   2700                     3421.467847394773        1975.3853827170212       2502.294445801098
1                        1                        1.89829                  1                        3.6                      0.2777777777777778       3.7438379550298765E-13   5.574971475435781E-13    0.25                     5.0E10                   2700                     3421.467847394773        1975.3853827170212       2502.294445801098
1                        1                        1.89829                  1                        3.7                      0.2702702702702703       3.729452937061484E-13    5.45007774268104E-13     0.25                     5.0E10                   2700                     3421.467847394773        1975.3853827170212       2502.294445801098
1                        1                        1.89829                  1                        3.8000000000000003       0.2631578947368421       3.7016594559067316E-13   5.31094327108611E-13     0.25                     5.0E10                   2700                     3421.467847394773        1975.3853827170212       2502.294445801098
1                        1                        1.89829                  1                        3.9000000000000004       0.2564102564102564       3.667872836685792E-13    5.1685506554306E-13      0.25                     5.0E10                   2700                     3421.467847394773        1975.3853827170212       2502.294445801098
1                        1                        1.89829                  1                        4                        0.25                     3.633610471801432E-13    5.030570905247631E-13    0.25                     5.0E10                   2700                     3421.467847394773        1975.3853827170212       2502.294445801098
1                        1                        1.89829                  1                        4.1                      0.24390243902439027      3.60265052196002E-13     4.901878942065041E-13    0.25                     5.0E10                   2700                     3421.467847394773        1975.3853827170212       2502.294445801098
1                        1                        1.89829                  1                        4.2                      0.23809523809523808      3.5773734886530256E-13   4.785232499446932E-13    0.25                     5.0E10                   2700                     3421.467847394773        1975.3853827170212       2502.294445801098
1                        1                        1.89829                  1                        4.3                      0.23255813953488372      3.5591257759723516E-13   4.681904187593828E-13    0.25                     5.0E10                   2700                     3421.467847394773        1975.3853827170212       2502.294445801098
1                        1                        1.89829                  1                        4.3999999999999995       0.22727272727272732      3.548533061554709E-13    4.59218819870063E-13     0.25                     5.0E10                   2700                     3421.467847394773        1975.3853827170212       2502.294445801098
1                        1                        1.89829                  1                        4.5                      0.22222222222222224      3.545742606406355E-13    4.5157722364060555E-13   0.25                     5.0E10                   2700                     3421.467847394773        1975.3853827170212       2502.294445801098
1                        1                        1.89829                  1                        4.6                      0.2173913043478261       3.550599178543855E-13    4.451995490658323E-13    0.25                     5.0E10                   2700                     3421.467847394773        1975.3853827170212       2502.294445801098
1                        1                        1.89829                  1                        4.7                      0.2127659574468085       3.5627629799690794E-13   4.400014914242834E-13    0.25                     5.0E10                   2700                     3421.467847394773        1975.3853827170212       2502.294445801098
1                        1                        1.89829                  1                        4.8                      0.20833333333333334      3.581794391588136E-13    4.3589176645621643E-13   0.25                     5.0E10                   2700                     3421.467847394773        1975.3853827170212       2502.294445801098
1                        1                        1.89829                  1                        4.9                      0.20408163265306117      3.607202864259772E-13    4.327782813527742E-13    0.25                     5.0E10                   2700                     3421.467847394773        1975.3853827170212       2502.294445801098
1                        1                        1.89829                  1                        5                        0.2                      3.638699590581265E-13    4.305847298279161E-13    0.25                     5.0E10                   2700                     3421.467847394773        1975.3853827170212       2502.294445801098
1                        1                        1.89829                  1                        5.1                      0.19607843137254904      3.6755320404724733E-13   4.2922496535662457E-13   0.25                     5.0E10                   2700                     3421.467847394773        1975.3853827170212       2502.294445801098
1                        1                        1.89829                  1                        5.2                      0.1923076923076923       3.7172074374243833E-13   4.2860629652299856E-13   0.25                     5.0E10                   2700                     3421.467847394773        1975.3853827170212       2502.294445801098
1                        1                        1.89829                  1                        5.3                      0.18867924528301888      3.763250731222566E-13    4.286566452131646E-13    0.25                     5.0E10                   2700                     3421.467847394773        1975.3853827170212       2502.294445801098
1                        1                        1.89829                  1                        5.4                      0.18518518518518517      3.8132068903338417E-13   4.2930959222289734E-13   0.25                     5.0E10                   2700                     3421.467847394773        1975.3853827170212       2502.294445801098
1                        1                        1.89829                  1                        5.5                      0.18181818181818182      3.86664148991075E-13     4.3050399872701485E-13   0.25                     5.0E10                   2700                     3421.467847394773        1975.3853827170212       2502.294445801098
1                        1                        1.89829                  1                        5.6                      0.17857142857142858      3.923140310841674E-13    4.3218354854537655E-13   0.25                     5.0E10                   2700                     3421.467847394773        1975.3853827170212       2502.294445801098
1                        1                        1.89829                  1                        5.7                      0.17543859649122806      3.982309176669235E-13    4.342963679882445E-13    0.25                     5.0E10                   2700                     3421.467847394773        1975.3853827170212       2502.294445801098
1                        1                        1.89829                  1                        5.8                      0.1724137931034483       4.0437701621157085E-13   4.36794208514769E-13     0.25                     5.0E10                   2700                     3421.467847394773        1975.3853827170212       2502.294445801098
1                        1                        1.89829                  1                        5.9                      0.1694915254237288       4.107164900648986E-13    4.396325956047009E-13    0.25                     5.0E10                   2700                     3421.467847394773        1975.3853827170212       2502.294445801098
1                        1                        1.89829                  1                        6                        0.16666666666666666      4.1721509404575525E-13   4.427701002248458E-13    0.25                     5.0E10                   2700                     3421.467847394773        1975.3853827170212       2502.294445801098
1                        1                        1.89829                  1                        6.1                      0.16393442622950818      4.2384018724760767E-13   4.4616812764574985E-13   0.25                     5.0E10                   2700                     3421.467847394773        1975.3853827170212       2502.294445801098
1                        1                        1.89829                  1                        6.2                      0.16129032258064518      4.3056069332833623E-13   4.497906622737716E-13    0.25                     5.0E10                   2700                     3421.467847394773        1975.3853827170212       2502.294445801098
1                        1                        1.89829                  1                        6.3                      0.15873015873015872      4.373470786798836E-13    4.5360405727662053E-13   0.25                     5.0E10                   2700                     3421.467847394773        1975.3853827170212       2502.294445801098
1                        1                        1.89829                  1                        6.4                      0.15625                  4.4417134565164903E-13   4.575768634020661E-13    0.25                     5.0E10                   2700                     3421.467847394773        1975.3853827170212       2502.294445801098
1                        1                        1.89829                  1                        6.5                      0.15384615384615383      4.510070372512079E-13    4.616796910059066E-13    0.25                     5.0E10                   2700                     3421.467847394773        1975.3853827170212       2502.294445801098
1                        1                        1.89829                  1                        6.6                      0.15151515151515152      4.578292495980093E-13    4.658850993800942E-13    0.25                     5.0E10                   2700                     3421.467847394773        1975.3853827170212       2502.294445801098
1                        1                        1.89829                  1                        6.7                      0.1492537313432836       4.646146485812144E-13    4.701675078687847E-13    0.25                     5.0E10                   2700                     3421.467847394773        1975.3853827170212       2502.294445801098
1                        1                        1.89829                  1                        6.8                      0.14705882352941177      4.713414873165231E-13    4.745031236712917E-13    0.25                     5.0E10                   2700                     3421.467847394773        1975.3853827170212       2502.294445801098
1                        1                        1.89829                  1                        6.9                      0.14492753623188404      4.779896214794035E-13    4.788698818653296E-13    0.25                     5.0E10                   2700                     3421.467847394773        1975.3853827170212       2502.294445801098
1                        1                        1.89829                  1                        7                        0.14285714285714285      4.845405200592447E-13    4.83247393772091E-13     0.25                     5.0E10                   2700                     3421.467847394773        1975.3853827170212       2502.294445801098
1                        1                        1.89829                  1                        7.1                      0.14084507042253522      4.909772695339198E-13    4.876169004010539E-13    0.25                     5.0E10                   2700                     3421.467847394773        1975.3853827170212       2502.294445801098
1                        1                        1.89829                  1                        7.2                      0.1388888888888889       4.972845699753706E-13    4.919612282768899E-13    0.25                     5.0E10                   2700                     3421.467847394773        1975.3853827170212       2502.294445801098
1                        1                        1.89829                  1                        7.3                      0.13698630136986303      5.034487220936091E-13    4.962647455476514E-13    0.25                     5.0E10                   2700                     3421.467847394773        1975.3853827170212       2502.294445801098
1                        1                        1.89829                  1                        7.4                      0.13513513513513514      5.094576047169741E-13    5.005133167804135E-13    0.25                     5.0E10                   2700                     3421.467847394773        1975.3853827170212       2502.294445801098
1                        1                        1.89829                  1                        7.5                      0.13333333333333333      5.153006424951383E-13    5.046942552781955E-13    0.25                     5.0E10                   2700                     3421.467847394773        1975.3853827170212       2502.294445801098
1                        1                        1.89829                  1                        7.6                      0.13157894736842105      5.209689753738028E-13    5.08796430835522E-13     0.25                     5.0E10                   2700                     3421.467847394773        1975.3853827170212       2502.294445801098
1                        1                        1.89829                  1                        7.7                      0.12987012987012989      5.264545865757378E-13    5.128095967986725E-13    0.25                     5.0E10                   2700                     3421.467847394773        1975.3853827170212       2502.294445801098
1                        1                        1.89829                  1                        7.8                      0.12820512820512822      5.317514420290683E-13    5.16725237730395E-13     0.25                     5.0E10                   2700                     3421.467847394773        1975.3853827170212       2502.294445801098
1                        1                        1.89829                  1                        7.9                      0.12658227848101267      5.368546466701879E-13    5.20535917999151E-13     0.25                     5.0E10                   2700                     3421.467847394773        1975.3853827170212       2502.294445801098
1                        1                        1.89829                  1                        8                        0.125                    5.417605615835972E-13    5.242353615802789E-13    0.25                     5.0E10                   2700                     3421.467847394773        1975.3853827170212       2502.294445801098
1                        1                        1.89829                  1                        8.1                      0.1234567901234568       5.464667269612842E-13    5.278183850590784E-13    0.25                     5.0E10                   2700                     3421.467847394773        1975.3853827170212       2502.294445801098
1                        1                        1.89829                  1                        8.2                      0.12195121951219513      5.509717811923818E-13    5.312808286102534E-13    0.25                     5.0E10                   2700                     3421.467847394773        1975.3853827170212       2502.294445801098
1                        1                        1.89829                  1                        8.3                      0.12048192771084336      5.552753775791631E-13    5.346194857516178E-13    0.25                     5.0E10                   2700                     3421.467847394773        1975.3853827170212       2502.294445801098
1                        1                        1.89829                  1                        8.4                      0.11904761904761904      5.593780996248553E-13    5.378320324542125E-13    0.25                     5.0E10                   2700                     3421.467847394773        1975.3853827170212       2502.294445801098
1                        1                        1.89829                  1                        8.5                      0.11764705882352941      5.632813760918138E-13    5.409169563218335E-13    0.25                     5.0E10                   2700                     3421.467847394773        1975.3853827170212       2502.294445801098
1                        1                        1.89829                  1                        8.6                      0.11627906976744186      5.669873967959423E-13    5.438734864938413E-13    0.25                     5.0E10                   2700                     3421.467847394773        1975.3853827170212       2502.294445801098
1                        1                        1.89829                  1                        8.7                      0.11494252873563218      5.704990300138212E-13    5.467015248313442E-13    0.25                     5.0E10                   2700                     3421.467847394773        1975.3853827170212       2502.294445801098
1                        1                        1.89829                  1                        8.8                      0.11363636363636362      5.73819742303273E-13     5.49401578957583E-13     0.25                     5.0E10                   2700                     3421.467847394773        1975.3853827170212       2502.294445801098
1                        1                        1.89829                  1                        8.9                      0.11235955056179775      5.769535213680476E-13    5.519746975960427E-13    0.25                     5.0E10                   2700                     3421.467847394773        1975.3853827170212       2502.294445801098
1                        1                        1.89829                  1                        9                        0.11111111111111112      5.799048025530924E-13    5.54422408629162E-13     0.25                     5.0E10                   2700                     3421.467847394773        1975.3853827170212       2502.294445801098
1                        1                        1.89829                  1                        9.1                      0.1098901098901099       5.826783992797467E-13    5.567466601462722E-13    0.25                     5.0E10                   2700                     3421.467847394773        1975.3853827170212       2502.294445801098
1                        1                        1.89829                  1                        9.2                      0.10869565217391305      5.852794378543958E-13    5.589497647776054E-13    0.25                     5.0E10                   2700                     3421.467847394773        1975.3853827170212       2502.294445801098
1                        1                        1.89829                  1                        9.3                      0.10752688172043011      5.877132968169735E-13    5.610343474797516E-13    0.25                     5.0E10                   2700                     3421.467847394773        1975.3853827170212       2502.294445801098
1                        1                        1.89829                  1                        9.4                      0.10638297872340426      5.899855508654448E-13    5.630032968414027E-13    0.25                     5.0E10                   2700                     3421.467847394773        1975.3853827170212       2502.294445801098
1                        1                        1.89829                  1                        9.5                      0.10526315789473685      5.921019195550869E-13    5.648597200296168E-13    0.25                     5.0E10                   2700                     3421.467847394773        1975.3853827170212       2502.294445801098
1                        1                        1.89829                  1                        9.6                      0.10416666666666667      5.940682205477827E-13    5.666069013156984E-13    0.25                     5.0E10                   2700                     3421.467847394773        1975.3853827170212       2502.294445801098
1                        1                        1.89829                  1                        9.700000000000001        0.1030927835051546       5.958903274881531E-13    5.682482641677968E-13    0.25                     5.0E10                   2700                     3421.467847394773        1975.3853827170212       2502.294445801098
1                        1                        1.89829                  1                        9.8                      0.10204081632653059      5.975741322717162E-13    5.697873368306311E-13    0.25                     5.0E10                   2700                     3421.467847394773        1975.3853827170212       2502.294445801098
1                        1                        1.89829                  1                        9.9                      0.101010101010101        5.991255115136141E-13    5.71227721238546E-13     0.25                     5.0E10                   2700                     3421.467847394773        1975.3853827170212       2502.294445801098
1                        1                        1.89829                  1                        10                       0.1                      6.007917184901516E-13    5.727974161206894E-13    0.25                     5.0E10                   2700                     3421.467847394773        1975.3853827170212       2502.294445801098
