1                        1                        1.01146                  1                        0.1                      10                       5.331346948381495E-13    5.331373853011122E-13    0.25                     5.0E10                   2700                     4687.263697374054        2706.1929574416704       2502.294445801098
1                        1                        1.01146                  1                        0.2                      5                        5.334825725443929E-13    5.331480470065795E-13    0.25                     5.0E10                   2700                     4687.263697374054        2706.1929574416704       2502.294445801098
1                        1                        1.01146                  1                        0.30000000000000004      3.3333333333333326       5.366583353027479E-13    5.363076981527073E-13    0.25                     5.0E10                   2700                     4687.263697374054        2706.1929574416704       2502.294445801098
1                        1                        1.01146                  1                        0.4                      2.5                      5.329229079911645E-13    5.331844527367392E-13    0.25                     5.0E10                   2700                     4687.263697374054        2706.1929574416704       2502.294445801098
1                        1                        1.01146                  1                        0.5                      2                        5.33145186685254E-13     5.331486078828154E-13    0.25                     5.0E10                   2700                     4687.263697374054        2706.1929574416704       2502.294445801098
1                        1                        1.01146                  1                        0.6                      1.6666666666666667       5.365722603462656E-13    5.36504612365765E-13     0.25                     5.0E10                   2700                     4687.263697374054        2706.1929574416704       2502.294445801098
1                        1                        1.01146                  1                        0.7000000000000001       1.4285714285714284       5.373576293813652E-13    5.372539867892258E-13    0.25                     5.0E10                   2700                     4687.263697374054        2706.1929574416704       2502.294445801098
1                        1                        1.01146                  1                        0.8                      1.25                     5.346647820307873E-13    5.331247938152896E-13    0.25                     5.0E10                   2700                     4687.263697374054        2706.1929574416704       2502.294445801098
1                        1                        1.01146                  1                        0.9                      1.1111111111111112       5.32534650797542E-13     5.334123140603212E-13    0.25                     5.0E10                   2700                     4687.263697374054        2706.1929574416704       2502.294445801098
1                        1                        1.01146                  1                        1                        1                        5.349553379567096E-13    5.327264909791564E-13    0.25                     5.0E10                   2700                     4687.263697374054        2706.1929574416704       2502.294445801098
1                        1                        1.01146                  1                        1.1                      0.909090909090909        5.353440152695138E-13    5.354916387494388E-13    0.25                     5.0E10                   2700                     4687.263697374054        2706.1929574416704       2502.294445801098
1                        1                        1.01146                  1                        1.2000000000000002       0.8333333333333331       5.353686343473149E-13    5.358821447083462E-13    0.25                     5.0E10                   2700                     4687.263697374054        2706.1929574416704       2502.294445801098
1                        1                        1.01146                  1                        1.3000000000000003       0.769230769230769        5.356932369747821E-13    5.337687411744674E-13    0.25                     5.0E10                   2700                     4687.263697374054        2706.1929574416704       2502.294445801098
1                        1                        1.01146                  1                        1.4000000000000001       0.7142857142857142       5.372118234323736E-13    5.353980668018911E-13    0.25                     5.0E10                   2700                     4687.263697374054        2706.1929574416704       2502.294445801098
1                        1                        1.01146                  1                        1.5000000000000002       0.6666666666666665       5.356553332229145E-13    5.362615918358947E-13    0.25                     5.0E10                   2700                     4687.263697374054        2706.1929574416704       2502.294445801098
1                        1                        1.01146                  1                        1.6                      0.625                    5.303082429174156E-13    5.326932885512741E-13    0.25                     5.0E10                   2700                     4687.263697374054        2706.1929574416704       2502.294445801098
1                        1                        1.01146                  1                        1.7000000000000002       0.588235294117647        5.326937311274144E-13    5.350662603344204E-13    0.25                     5.0E10                   2700                     4687.263697374054        2706.1929574416704       2502.294445801098
1                        1                        1.01146                  1                        1.8000000000000003       0.5555555555555555       5.35450226493862E-13     5.367424327582246E-13    0.25                     5.0E10                   2700                     4687.263697374054        2706.1929574416704       2502.294445801098
1                        1                        1.01146                  1                        1.9000000000000001       0.5263157894736842       5.342595330712918E-13    5.344600764485232E-13    0.25                     5.0E10                   2700                     4687.263697374054        2706.1929574416704       2502.294445801098
1                        1                        1.01146                  1                        2                        0.5                      5.330565153931019E-13    5.327512128200222E-13    0.25                     5.0E10                   2700                     4687.263697374054        2706.1929574416704       2502.294445801098
1                        1                        1.01146                  1                        2.1                      0.47619047619047616      5.338066645860201E-13    5.337858766678073E-13    0.25                     5.0E10                   2700                     4687.263697374054        2706.1929574416704       2502.294445801098
1                        1                        1.01146                  1                        2.2                      0.4545454545454545       5.349185097741276E-13    5.358392131135327E-13    0.25                     5.0E10                   2700                     4687.263697374054        2706.1929574416704       2502.294445801098
1                        1                        1.01146                  1                        2.3000000000000003       0.43478260869565216      5.344857233063972E-13    5.366616885743254E-13    0.25                     5.0E10                   2700                     4687.263697374054        2706.1929574416704       2502.294445801098
1                        1                        1.01146                  1                        2.4000000000000004       0.4166666666666666       5.324194844702237E-13    5.35792336895885E-13     0.25                     5.0E10                   2700                     4687.263697374054        2706.1929574416704       2502.294445801098
1                        1                        1.01146                  1                        2.5000000000000004       0.3999999999999999       5.300254107654366E-13    5.342206682507595E-13    0.25                     5.0E10                   2700                     4687.263697374054        2706.1929574416704       2502.294445801098
1                        1                        1.01146                  1                        2.6                      0.3846153846153846       5.283869999463364E-13    5.330932715012779E-13    0.25                     5.0E10                   2700                     4687.263697374054        2706.1929574416704       2502.294445801098
1                        1                        1.01146                  1                        2.7                      0.37037037037037035      5.281251444454716E-13    5.329906911726924E-13    0.25                     5.0E10                   2700                     4687.263697374054        2706.1929574416704       2502.294445801098
1                        1                        1.01146                  1                        2.8000000000000003       0.3571428571428571       5.291072942929214E-13    5.338566416407933E-13    0.25                     5.0E10                   2700                     4687.263697374054        2706.1929574416704       2502.294445801098
1                        1                        1.01146                  1                        2.9000000000000004       0.3448275862068965       5.308222620334632E-13    5.352623187117872E-13    0.25                     5.0E10                   2700                     4687.263697374054        2706.1929574416704       2502.294445801098
1                        1                        1.01146                  1                        3.0000000000000004       0.33333333333333326      5.326914377613279E-13    5.366990933715185E-13    0.25                     5.0E10                   2700                     4687.263697374054        2706.1929574416704       2502.294445801098
1                        1                        1.01146                  1                        3.1                      0.32258064516129037      5.342683515466641E-13    5.37773390872516E-13     0.25                     5.0E10                   2700                     4687.263697374054        2706.1929574416704       2502.294445801098
1                        1                        1.01146                  1                        3.2                      0.3125                   5.353150925600991E-13    5.382849614614621E-13    0.25                     5.0E10                   2700                     4687.263697374054        2706.1929574416704       2502.294445801098
1                        1                        1.01146                  1                        3.3000000000000003       0.30303030303030304      5.357878530415287E-13    5.382161526383389E-13    0.25                     5.0E10                   2700                     4687.263697374054        2706.1929574416704       2502.294445801098
1                        1                        1.01146                  1                        3.4000000000000004       0.2941176470588235       5.35868049559982E-13     5.377827552317802E-13    0.25                     5.0E10                   2700                     4687.263697374054        2706.1929574416704       2502.294445801098
1                        1                        1.01146                  1                        3.5000000000000004       0.2857142857142857       5.355155333129743E-13    5.369262216119974E-13    0.25                     5.0E10                   2700                     4687.263697374054        2706.1929574416704       2502.294445801098
1                        1                        1.01146                  1                        3.6                      0.2777777777777778       5.350025497426679E-13    5.359441210273097E-13    0.25                     5.0E10                   2700                     4687.263697374054        2706.1929574416704       2502.294445801098
1                        1                        1.01146                  1                        3.7                      0.2702702702702703       5.344697922239528E-13    5.349846678772567E-13    0.25                     5.0E10                   2700                     4687.263697374054        2706.1929574416704       2502.294445801098
1                        1                        1.01146                  1                        3.8000000000000003       0.2631578947368421       5.340182436636554E-13    5.341544953761344E-13    0.25                     5.0E10                   2700                     4687.263697374054        2706.1929574416704       2502.294445801098
1                        1                        1.01146                  1                        3.9000000000000004       0.2564102564102564       5.337071995161455E-13    5.335169324824339E-13    0.25                     5.0E10                   2700                     4687.263697374054        2706.1929574416704       2502.294445801098
1                        1                        1.01146                  1                        4                        0.25                     5.335600602747713E-13    5.330977513652835E-13    0.25                     5.0E10                   2700                     4687.263697374054        2706.1929574416704       2502.294445801098
1                        1                        1.01146                  1                        4.1                      0.24390243902439027      5.335730172490916E-13    5.328939737648466E-13    0.25                     5.0E10                   2700                     4687.263697374054        2706.1929574416704       2502.294445801098
1                        1                        1.01146                  1                        4.2                      0.23809523809523808      5.337241935713668E-13    5.328830900147484E-13    0.25                     5.0E10                   2700                     4687.263697374054        2706.1929574416704       2502.294445801098
1                        1                        1.01146                  1                        4.3                      0.23255813953488372      5.339816405044628E-13    5.330311995552704E-13    0.25                     5.0E10                   2700                     4687.263697374054        2706.1929574416704       2502.294445801098
1                        1                        1.01146                  1                        4.3999999999999995       0.22727272727272732      5.343096289687014E-13    5.332994934151515E-13    0.25                     5.0E10                   2700                     4687.263697374054        2706.1929574416704       2502.294445801098
1                        1                        1.01146                  1                        4.5                      0.22222222222222224      5.346731672152033E-13    5.336489952945225E-13    0.25                     5.0E10                   2700                     4687.263697374054        2706.1929574416704       2502.294445801098
1                        1                        1.01146                  1                        4.6                      0.2173913043478261       5.350410472530941E-13    5.34043811109064E-13     0.25                     5.0E10                   2700                     4687.263697374054        2706.1929574416704       2502.294445801098
1                        1                        1.01146                  1                        4.7                      0.2127659574468085       5.353870539362664E-13    5.34452718887984E-13     0.25                     5.0E10                   2700                     4687.263697374054        2706.1929574416704       2502.294445801098
1                        1                        1.01146                  1                        4.8                      0.20833333333333334      5.356912665214193E-13    5.348504719170287E-13    0.25                     5.0E10                   2700                     4687.263697374054        2706.1929574416704       2502.294445801098
1                        1                        1.01146                  1                        4.9                      0.20408163265306117      5.359396268196571E-13    5.352177103493602E-13    0.25                     5.0E10                   2700                     4687.263697374054        2706.1929574416704       2502.294445801098
1                        1                        1.01146                  1                        5                        0.2                      5.362224671985566E-13    5.35634884352776E-13     0.25                     5.0E10                   2700                     4687.263697374054        2706.1929574416704       2502.294445801098
1                        1                        1.01146                  1                        5.1                      0.19607843137254904      5.363299798834302E-13    5.358970271022488E-13    0.25                     5.0E10                   2700                     4687.263697374054        2706.1929574416704       2502.294445801098
1                        1                        1.01146                  1                        5.2                      0.1923076923076923       5.363700460598497E-13    5.361025216508161E-13    0.25                     5.0E10                   2700                     4687.263697374054        2706.1929574416704       2502.294445801098
1                        1                        1.01146                  1                        5.3                      0.18867924528301888      5.363457071306303E-13    5.362503790115261E-13    0.25                     5.0E10                   2700                     4687.263697374054        2706.1929574416704       2502.294445801098
1                        1                        1.01146                  1                        5.4                      0.18518518518518517      5.362622160124315E-13    5.36342278764411E-13     0.25                     5.0E10                   2700                     4687.263697374054        2706.1929574416704       2502.294445801098
1                        1                        1.01146                  1                        5.5                      0.18181818181818182      5.361263166431073E-13    5.363818616808838E-13    0.25                     5.0E10                   2700                     4687.263697374054        2706.1929574416704       2502.294445801098
1                        1                        1.01146                  1                        5.6                      0.17857142857142858      5.359456317976259E-13    5.363741119588939E-13    0.25                     5.0E10                   2700                     4687.263697374054        2706.1929574416704       2502.294445801098
1                        1                        1.01146                  1                        5.7                      0.17543859649122806      5.357283324616626E-13    5.363250199871177E-13    0.25                     5.0E10                   2700                     4687.263697374054        2706.1929574416704       2502.294445801098
1                        1                        1.01146                  1                        5.8                      0.1724137931034483       5.35482080208705E-13     5.362404456533595E-13    0.25                     5.0E10                   2700                     4687.263697374054        2706.1929574416704       2502.294445801098
1                        1                        1.01146                  1                        5.9                      0.1694915254237288       5.352147293459801E-13    5.361268541120031E-13    0.25                     5.0E10                   2700                     4687.263697374054        2706.1929574416704       2502.294445801098
1                        1                        1.01146                  1                        6                        0.16666666666666666      5.349334626196185E-13    5.359903692451053E-13    0.25                     5.0E10                   2700                     4687.263697374054        2706.1929574416704       2502.294445801098
1                        1                        1.01146                  1                        6.1                      0.16393442622950818      5.346448201297499E-13    5.358367718679866E-13    0.25                     5.0E10                   2700                     4687.263697374054        2706.1929574416704       2502.294445801098
1                        1                        1.01146                  1                        6.2                      0.16129032258064518      5.343546224704077E-13    5.356713829491871E-13    0.25                     5.0E10                   2700                     4687.263697374054        2706.1929574416704       2502.294445801098
1                        1                        1.01146                  1                        6.3                      0.15873015873015872      5.340679388654411E-13    5.354989937092333E-13    0.25                     5.0E10                   2700                     4687.263697374054        2706.1929574416704       2502.294445801098
1                        1                        1.01146                  1                        6.4                      0.15625                  5.337890893878088E-13    5.353238323970944E-13    0.25                     5.0E10                   2700                     4687.263697374054        2706.1929574416704       2502.294445801098
1                        1                        1.01146                  1                        6.5                      0.15384615384615383      5.33521671775872E-13     5.351495587951555E-13    0.25                     5.0E10                   2700                     4687.263697374054        2706.1929574416704       2502.294445801098
1                        1                        1.01146                  1                        6.6                      0.15151515151515152      5.332686051151532E-13    5.349792789460082E-13    0.25                     5.0E10                   2700                     4687.263697374054        2706.1929574416704       2502.294445801098
1                        1                        1.01146                  1                        6.7                      0.1492537313432836       5.330321842855032E-13    5.348155739975425E-13    0.25                     5.0E10                   2700                     4687.263697374054        2706.1929574416704       2502.294445801098
1                        1                        1.01146                  1                        6.8                      0.14705882352941177      5.328141402787025E-13    5.346605382087319E-13    0.25                     5.0E10                   2700                     4687.263697374054        2706.1929574416704       2502.294445801098
1                        1                        1.01146                  1                        6.9                      0.14492753623188404      5.326157027648083E-13    5.345158223119979E-13    0.25                     5.0E10                   2700                     4687.263697374054        2706.1929574416704       2502.294445801098
1                        1                        1.01146                  1                        7                        0.14285714285714285      5.32437662278564E-13     5.343826793255302E-13    0.25                     5.0E10                   2700                     4687.263697374054        2706.1929574416704       2502.294445801098
1                        1                        1.01146                  1                        7.1                      0.14084507042253522      5.322804301004934E-13    5.342620106659207E-13    0.25                     5.0E10                   2700                     4687.263697374054        2706.1929574416704       2502.294445801098
1                        1                        1.01146                  1                        7.2                      0.1388888888888889       5.321440945903208E-13    5.341544110087947E-13    0.25                     5.0E10                   2700                     4687.263697374054        2706.1929574416704       2502.294445801098
1                        1                        1.01146                  1                        7.3                      0.13698630136986303      5.320284731864101E-13    5.340602108667448E-13    0.25                     5.0E10                   2700                     4687.263697374054        2706.1929574416704       2502.294445801098
1                        1                        1.01146                  1                        7.4                      0.13513513513513514      5.319331597129745E-13    5.339795162237829E-13    0.25                     5.0E10                   2700                     4687.263697374054        2706.1929574416704       2502.294445801098
1                        1                        1.01146                  1                        7.5                      0.13333333333333333      5.318575667652719E-13    5.339122448121229E-13    0.25                     5.0E10                   2700                     4687.263697374054        2706.1929574416704       2502.294445801098
1                        1                        1.01146                  1                        7.6                      0.13157894736842105      5.318014596966306E-13    5.338586525618892E-13    0.25                     5.0E10                   2700                     4687.263697374054        2706.1929574416704       2502.294445801098
1                        1                        1.01146                  1                        7.7                      0.12987012987012989      5.317630330112852E-13    5.338174149063524E-13    0.25                     5.0E10                   2700                     4687.263697374054        2706.1929574416704       2502.294445801098
1                        1                        1.01146                  1                        7.8                      0.12820512820512822      5.317418311257151E-13    5.337885353320351E-13    0.25                     5.0E10                   2700                     4687.263697374054        2706.1929574416704       2502.294445801098
1                        1                        1.01146                  1                        7.9                      0.12658227848101267      5.317368730739028E-13    5.337714720552285E-13    0.25                     5.0E10                   2700                     4687.263697374054        2706.1929574416704       2502.294445801098
1                        1                        1.01146                  1                        8                        0.125                    5.317471415284411E-13    5.337656253329864E-13    0.25                     5.0E10                   2700                     4687.263697374054        2706.1929574416704       2502.294445801098
1                        1                        1.01146                  1                        8.1                      0.1234567901234568       5.317716005520467E-13    5.337703543913579E-13    0.25                     5.0E10                   2700                     4687.263697374054        2706.1929574416704       2502.294445801098
1                        1                        1.01146                  1                        8.2                      0.12195121951219513      5.318092102956864E-13    5.337849917847506E-13    0.25                     5.0E10                   2700                     4687.263697374054        2706.1929574416704       2502.294445801098
1                        1                        1.01146                  1                        8.3                      0.12048192771084336      5.318589391921717E-13    5.338088555572988E-13    0.25                     5.0E10                   2700                     4687.263697374054        2706.1929574416704       2502.294445801098
1                        1                        1.01146                  1                        8.4                      0.11904761904761904      5.319197738158791E-13    5.338412593753395E-13    0.25                     5.0E10                   2700                     4687.263697374054        2706.1929574416704       2502.294445801098
1                        1                        1.01146                  1                        8.5                      0.11764705882352941      5.319907267867071E-13    5.338815209001263E-13    0.25                     5.0E10                   2700                     4687.263697374054        2706.1929574416704       2502.294445801098
1                        1                        1.01146                  1                        8.6                      0.11627906976744186      5.32070842951721E-13     5.339289686181243E-13    0.25                     5.0E10                   2700                     4687.263697374054        2706.1929574416704       2502.294445801098
1                        1                        1.01146                  1                        8.7                      0.11494252873563218      5.321592040933252E-13    5.339829473127149E-13    0.25                     5.0E10                   2700                     4687.263697374054        2706.1929574416704       2502.294445801098
1                        1                        1.01146                  1                        8.8                      0.11363636363636362      5.322549323786871E-13    5.340428223703944E-13    0.25                     5.0E10                   2700                     4687.263697374054        2706.1929574416704       2502.294445801098
1                        1                        1.01146                  1                        8.9                      0.11235955056179775      5.323571927497343E-13    5.341079830861598E-13    0.25                     5.0E10                   2700                     4687.263697374054        2706.1929574416704       2502.294445801098
1                        1                        1.01146                  1                        9                        0.11111111111111112      5.324651944492975E-13    5.341778451274268E-13    0.25                     5.0E10                   2700                     4687.263697374054        2706.1929574416704       2502.294445801098
1                        1                        1.01146                  1                        9.1                      0.1098901098901099       5.325781917438863E-13    5.342518522436111E-13    0.25                     5.0E10                   2700                     4687.263697374054        2706.1929574416704       2502.294445801098
1                        1                        1.01146                  1                        9.2                      0.10869565217391305      5.326954840773575E-13    5.343294773832552E-13    0.25                     5.0E10                   2700                     4687.263697374054        2706.1929574416704       2502.294445801098
1                        1                        1.01146                  1                        9.3                      0.10752688172043011      5.328164157366206E-13    5.34410223310791E-13     0.25                     5.0E10                   2700                     4687.263697374054        2706.1929574416704       2502.294445801098
1                        1                        1.01146                  1                        9.4                      0.10638297872340426      5.329403750504277E-13    5.34493622769164E-13     0.25                     5.0E10                   2700                     4687.263697374054        2706.1929574416704       2502.294445801098
1                        1                        1.01146                  1                        9.5                      0.10526315789473685      5.330667933628673E-13    5.345792383389494E-13    0.25                     5.0E10                   2700                     4687.263697374054        2706.1929574416704       2502.294445801098
1                        1                        1.01146                  1                        9.6                      0.10416666666666667      5.331951436426106E-13    5.346666619696421E-13    0.25                     5.0E10                   2700                     4687.263697374054        2706.1929574416704       2502.294445801098
1                        1                        1.01146                  1                        9.700000000000001        0.1030927835051546       5.333249390031289E-13    5.347555143249355E-13    0.25                     5.0E10                   2700                     4687.263697374054        2706.1929574416704       2502.294445801098
1                        1                        1.01146                  1                        9.8                      0.10204081632653059      5.334557310620267E-13    5.348454439525827E-13    0.25                     5.0E10                   2700                     4687.263697374054        2706.1929574416704       2502.294445801098
1                        1                        1.01146                  1                        9.9                      0.101010101010101        5.335871081460192E-13    5.349361262816591E-13    0.25                     5.0E10                   2700                     4687.263697374054        2706.1929574416704       2502.294445801098
1                        1                        1.01146                  1                        10                       0.1                      5.337889731162004E-13    5.350729475837927E-13    0.25                     5.0E10                   2700                     4687.263697374054        2706.1929574416704       2502.294445801098
