1                        1                        1.03561                  1                        0.1                      10                       5.331347252318498E-13    5.331377023078479E-13    0.25                     5.0E10                   2700                     4632.288776181574        2674.4531718925136       2502.294445801098
1                        1                        1.03561                  1                        0.2                      5                        5.334817314224169E-13    5.331478883810464E-13    0.25                     5.0E10                   2700                     4632.288776181574        2674.4531718925136       2502.294445801098
1                        1                        1.03561                  1                        0.30000000000000004      3.3333333333333326       5.366583364112846E-13    5.363077388012146E-13    0.25                     5.0E10                   2700                     4632.288776181574        2674.4531718925136       2502.294445801098
1                        1                        1.03561                  1                        0.4                      2.5                      5.329242111141262E-13    5.331816096571924E-13    0.25                     5.0E10                   2700                     4632.288776181574        2674.4531718925136       2502.294445801098
1                        1                        1.03561                  1                        0.5                      2                        5.33124521629265E-13     5.331141669880912E-13    0.25                     5.0E10                   2700                     4632.288776181574        2674.4531718925136       2502.294445801098
1                        1                        1.03561                  1                        0.6                      1.6666666666666667       5.366150130084404E-13    5.364245642023092E-13    0.25                     5.0E10                   2700                     4632.288776181574        2674.4531718925136       2502.294445801098
1                        1                        1.03561                  1                        0.7000000000000001       1.4285714285714284       5.373435707692938E-13    5.370266752318811E-13    0.25                     5.0E10                   2700                     4632.288776181574        2674.4531718925136       2502.294445801098
1                        1                        1.03561                  1                        0.8                      1.25                     5.348507017550326E-13    5.327899638747493E-13    0.25                     5.0E10                   2700                     4632.288776181574        2674.4531718925136       2502.294445801098
1                        1                        1.03561                  1                        0.9                      1.1111111111111112       5.327647626985785E-13    5.327411119208355E-13    0.25                     5.0E10                   2700                     4632.288776181574        2674.4531718925136       2502.294445801098
1                        1                        1.03561                  1                        1                        1                        5.352639966982505E-13    5.318387580442193E-13    0.25                     5.0E10                   2700                     4632.288776181574        2674.4531718925136       2502.294445801098
1                        1                        1.03561                  1                        1.1                      0.909090909090909        5.356874082813529E-13    5.345498883275497E-13    0.25                     5.0E10                   2700                     4632.288776181574        2674.4531718925136       2502.294445801098
1                        1                        1.03561                  1                        1.2000000000000002       0.8333333333333331       5.350140251006964E-13    5.343891047328305E-13    0.25                     5.0E10                   2700                     4632.288776181574        2674.4531718925136       2502.294445801098
1                        1                        1.03561                  1                        1.3000000000000003       0.769230769230769        5.347379797458187E-13    5.31906495777921E-13     0.25                     5.0E10                   2700                     4632.288776181574        2674.4531718925136       2502.294445801098
1                        1                        1.03561                  1                        1.4000000000000001       0.7142857142857142       5.362339764775007E-13    5.339077018996674E-13    0.25                     5.0E10                   2700                     4632.288776181574        2674.4531718925136       2502.294445801098
1                        1                        1.03561                  1                        1.5000000000000002       0.6666666666666665       5.340772017252206E-13    5.348031174901339E-13    0.25                     5.0E10                   2700                     4632.288776181574        2674.4531718925136       2502.294445801098
1                        1                        1.03561                  1                        1.6                      0.625                    5.273385851732461E-13    5.305937690607907E-13    0.25                     5.0E10                   2700                     4632.288776181574        2674.4531718925136       2502.294445801098
1                        1                        1.03561                  1                        1.7000000000000002       0.588235294117647        5.283795931783579E-13    5.323982652326302E-13    0.25                     5.0E10                   2700                     4632.288776181574        2674.4531718925136       2502.294445801098
1                        1                        1.03561                  1                        1.8000000000000003       0.5555555555555555       5.303567845153251E-13    5.340666193519231E-13    0.25                     5.0E10                   2700                     4632.288776181574        2674.4531718925136       2502.294445801098
1                        1                        1.03561                  1                        1.9000000000000001       0.5263157894736842       5.287090998449679E-13    5.320645753020249E-13    0.25                     5.0E10                   2700                     4632.288776181574        2674.4531718925136       2502.294445801098
1                        1                        1.03561                  1                        2                        0.5                      5.269438143264257E-13    5.304831879187971E-13    0.25                     5.0E10                   2700                     4632.288776181574        2674.4531718925136       2502.294445801098
1                        1                        1.03561                  1                        2.1                      0.47619047619047616      5.269281144196054E-13    5.313709328029365E-13    0.25                     5.0E10                   2700                     4632.288776181574        2674.4531718925136       2502.294445801098
1                        1                        1.03561                  1                        2.2                      0.4545454545454545       5.272431972336538E-13    5.331360751243682E-13    0.25                     5.0E10                   2700                     4632.288776181574        2674.4531718925136       2502.294445801098
1                        1                        1.03561                  1                        2.3000000000000003       0.43478260869565216      5.262159367134305E-13    5.337311335470001E-13    0.25                     5.0E10                   2700                     4632.288776181574        2674.4531718925136       2502.294445801098
1                        1                        1.03561                  1                        2.4000000000000004       0.4166666666666666       5.238981061187999E-13    5.328388829707961E-13    0.25                     5.0E10                   2700                     4632.288776181574        2674.4531718925136       2502.294445801098
1                        1                        1.03561                  1                        2.5000000000000004       0.3999999999999999       5.216085989833428E-13    5.314940491037665E-13    0.25                     5.0E10                   2700                     4632.288776181574        2674.4531718925136       2502.294445801098
1                        1                        1.03561                  1                        2.6                      0.3846153846153846       5.20359578122222E-13     5.30805576910317E-13     0.25                     5.0E10                   2700                     4632.288776181574        2674.4531718925136       2502.294445801098
1                        1                        1.03561                  1                        2.7                      0.37037037037037035      5.20675929278235E-13     5.312860742504434E-13    0.25                     5.0E10                   2700                     4632.288776181574        2674.4531718925136       2502.294445801098
1                        1                        1.03561                  1                        2.8000000000000003       0.3571428571428571       5.223298921113714E-13    5.327986481887195E-13    0.25                     5.0E10                   2700                     4632.288776181574        2674.4531718925136       2502.294445801098
1                        1                        1.03561                  1                        2.9000000000000004       0.3448275862068965       5.247252088816605E-13    5.348351747133226E-13    0.25                     5.0E10                   2700                     4632.288776181574        2674.4531718925136       2502.294445801098
1                        1                        1.03561                  1                        3.0000000000000004       0.33333333333333326      5.272125269401147E-13    5.368176590125923E-13    0.25                     5.0E10                   2700                     4632.288776181574        2674.4531718925136       2502.294445801098
1                        1                        1.03561                  1                        3.1                      0.32258064516129037      5.292935771888399E-13    5.383010236193053E-13    0.25                     5.0E10                   2700                     4632.288776181574        2674.4531718925136       2502.294445801098
1                        1                        1.03561                  1                        3.2                      0.3125                   5.307010885358088E-13    5.390565255887118E-13    0.25                     5.0E10                   2700                     4632.288776181574        2674.4531718925136       2502.294445801098
1                        1                        1.03561                  1                        3.3000000000000003       0.30303030303030304      5.313841604738614E-13    5.390612803612558E-13    0.25                     5.0E10                   2700                     4632.288776181574        2674.4531718925136       2502.294445801098
1                        1                        1.03561                  1                        3.4000000000000004       0.2941176470588235       5.315293369884899E-13    5.385393957617814E-13    0.25                     5.0E10                   2700                     4632.288776181574        2674.4531718925136       2502.294445801098
1                        1                        1.03561                  1                        3.5000000000000004       0.2857142857142857       5.311305898882386E-13    5.374679782407456E-13    0.25                     5.0E10                   2700                     4632.288776181574        2674.4531718925136       2502.294445801098
1                        1                        1.03561                  1                        3.6                      0.2777777777777778       5.304839532692229E-13    5.361719634471034E-13    0.25                     5.0E10                   2700                     4632.288776181574        2674.4531718925136       2502.294445801098
1                        1                        1.03561                  1                        3.7                      0.2702702702702703       5.297593102847053E-13    5.348311837707349E-13    0.25                     5.0E10                   2700                     4632.288776181574        2674.4531718925136       2502.294445801098
1                        1                        1.03561                  1                        3.8000000000000003       0.2631578947368421       5.290843773105765E-13    5.335810353321838E-13    0.25                     5.0E10                   2700                     4632.288776181574        2674.4531718925136       2502.294445801098
1                        1                        1.03561                  1                        3.9000000000000004       0.2564102564102564       5.285411734694752E-13    5.325092397077025E-13    0.25                     5.0E10                   2700                     4632.288776181574        2674.4531718925136       2502.294445801098
1                        1                        1.03561                  1                        4                        0.25                     5.281713468449635E-13    5.316612133790199E-13    0.25                     5.0E10                   2700                     4632.288776181574        2674.4531718925136       2502.294445801098
1                        1                        1.03561                  1                        4.1                      0.24390243902439027      5.27984998700447E-13     5.310491062497261E-13    0.25                     5.0E10                   2700                     4632.288776181574        2674.4531718925136       2502.294445801098
1                        1                        1.03561                  1                        4.2                      0.23809523809523808      5.27970264572995E-13     5.306615393584087E-13    0.25                     5.0E10                   2700                     4632.288776181574        2674.4531718925136       2502.294445801098
1                        1                        1.03561                  1                        4.3                      0.23255813953488372      5.281018511329724E-13    5.304723388637164E-13    0.25                     5.0E10                   2700                     4632.288776181574        2674.4531718925136       2502.294445801098
1                        1                        1.03561                  1                        4.3999999999999995       0.22727272727272732      5.283478724120981E-13    5.30447590347994E-13     0.25                     5.0E10                   2700                     4632.288776181574        2674.4531718925136       2502.294445801098
1                        1                        1.03561                  1                        4.5                      0.22222222222222224      5.286748755610288E-13    5.305508937900863E-13    0.25                     5.0E10                   2700                     4632.288776181574        2674.4531718925136       2502.294445801098
1                        1                        1.03561                  1                        4.6                      0.2173913043478261       5.290513456013893E-13    5.307470631930437E-13    0.25                     5.0E10                   2700                     4632.288776181574        2674.4531718925136       2502.294445801098
1                        1                        1.03561                  1                        4.7                      0.2127659574468085       5.294493263194785E-13    5.310041072413645E-13    0.25                     5.0E10                   2700                     4632.288776181574        2674.4531718925136       2502.294445801098
1                        1                        1.03561                  1                        4.8                      0.20833333333333334      5.298460802951803E-13    5.312948751802831E-13    0.25                     5.0E10                   2700                     4632.288776181574        2674.4531718925136       2502.294445801098
1                        1                        1.03561                  1                        4.9                      0.20408163265306117      5.302239747829554E-13    5.315972630278391E-13    0.25                     5.0E10                   2700                     4632.288776181574        2674.4531718925136       2502.294445801098
1                        1                        1.03561                  1                        5                        0.2                      5.306681801819857E-13    5.31987417745441E-13     0.25                     5.0E10                   2700                     4632.288776181574        2674.4531718925136       2502.294445801098
1                        1                        1.03561                  1                        5.1                      0.19607843137254904      5.309679909667245E-13    5.322598290999733E-13    0.25                     5.0E10                   2700                     4632.288776181574        2674.4531718925136       2502.294445801098
1                        1                        1.03561                  1                        5.2                      0.1923076923076923       5.312243947180552E-13    5.325066422764499E-13    0.25                     5.0E10                   2700                     4632.288776181574        2674.4531718925136       2502.294445801098
1                        1                        1.03561                  1                        5.3                      0.18867924528301888      5.314361382096529E-13    5.327229665081861E-13    0.25                     5.0E10                   2700                     4632.288776181574        2674.4531718925136       2502.294445801098
1                        1                        1.03561                  1                        5.4                      0.18518518518518517      5.316043704217743E-13    5.329066584515836E-13    0.25                     5.0E10                   2700                     4632.288776181574        2674.4531718925136       2502.294445801098
1                        1                        1.03561                  1                        5.5                      0.18181818181818182      5.317320011863701E-13    5.330577009416747E-13    0.25                     5.0E10                   2700                     4632.288776181574        2674.4531718925136       2502.294445801098
1                        1                        1.03561                  1                        5.6                      0.17857142857142858      5.31823140788847E-13     5.331776464055069E-13    0.25                     5.0E10                   2700                     4632.288776181574        2674.4531718925136       2502.294445801098
1                        1                        1.03561                  1                        5.7                      0.17543859649122806      5.318827955962688E-13    5.33269316439268E-13     0.25                     5.0E10                   2700                     4632.288776181574        2674.4531718925136       2502.294445801098
1                        1                        1.03561                  1                        5.8                      0.1724137931034483       5.319158320652029E-13    5.333356994670217E-13    0.25                     5.0E10                   2700                     4632.288776181574        2674.4531718925136       2502.294445801098
1                        1                        1.03561                  1                        5.9                      0.1694915254237288       5.319276597849033E-13    5.333806773122345E-13    0.25                     5.0E10                   2700                     4632.288776181574        2674.4531718925136       2502.294445801098
1                        1                        1.03561                  1                        6                        0.16666666666666666      5.319233639101372E-13    5.334080875858887E-13    0.25                     5.0E10                   2700                     4632.288776181574        2674.4531718925136       2502.294445801098
1                        1                        1.03561                  1                        6.1                      0.16393442622950818      5.319077108524957E-13    5.334217087853857E-13    0.25                     5.0E10                   2700                     4632.288776181574        2674.4531718925136       2502.294445801098
1                        1                        1.03561                  1                        6.2                      0.16129032258064518      5.318850461996833E-13    5.334251276805372E-13    0.25                     5.0E10                   2700                     4632.288776181574        2674.4531718925136       2502.294445801098
1                        1                        1.03561                  1                        6.3                      0.15873015873015872      5.318592352085936E-13    5.33421650073141E-13     0.25                     5.0E10                   2700                     4632.288776181574        2674.4531718925136       2502.294445801098
1                        1                        1.03561                  1                        6.4                      0.15625                  5.318336365544939E-13    5.334142462967109E-13    0.25                     5.0E10                   2700                     4632.288776181574        2674.4531718925136       2502.294445801098
1                        1                        1.03561                  1                        6.5                      0.15384615384615383      5.318111010284585E-13    5.334055237172155E-13    0.25                     5.0E10                   2700                     4632.288776181574        2674.4531718925136       2502.294445801098
1                        1                        1.03561                  1                        6.6                      0.15151515151515152      5.317939882703284E-13    5.333977196124763E-13    0.25                     5.0E10                   2700                     4632.288776181574        2674.4531718925136       2502.294445801098
1                        1                        1.03561                  1                        6.7                      0.1492537313432836       5.317841959793693E-13    5.333927089603411E-13    0.25                     5.0E10                   2700                     4632.288776181574        2674.4531718925136       2502.294445801098
1                        1                        1.03561                  1                        6.8                      0.14705882352941177      5.317831970225867E-13    5.333920225919035E-13    0.25                     5.0E10                   2700                     4632.288776181574        2674.4531718925136       2502.294445801098
1                        1                        1.03561                  1                        6.9                      0.14492753623188404      5.31792080970054E-13     5.333968721623981E-13    0.25                     5.0E10                   2700                     4632.288776181574        2674.4531718925136       2502.294445801098
1                        1                        1.03561                  1                        7                        0.14285714285714285      5.318115974572097E-13    5.334081791610738E-13    0.25                     5.0E10                   2700                     4632.288776181574        2674.4531718925136       2502.294445801098
1                        1                        1.03561                  1                        7.1                      0.14084507042253522      5.318421993899478E-13    5.334266058471896E-13    0.25                     5.0E10                   2700                     4632.288776181574        2674.4531718925136       2502.294445801098
1                        1                        1.03561                  1                        7.2                      0.1388888888888889       5.318840846407303E-13    5.334525865367788E-13    0.25                     5.0E10                   2700                     4632.288776181574        2674.4531718925136       2502.294445801098
1                        1                        1.03561                  1                        7.3                      0.13698630136986303      5.319372352984698E-13    5.334863581344295E-13    0.25                     5.0E10                   2700                     4632.288776181574        2674.4531718925136       2502.294445801098
1                        1                        1.03561                  1                        7.4                      0.13513513513513514      5.320014539513266E-13    5.335279891544172E-13    0.25                     5.0E10                   2700                     4632.288776181574        2674.4531718925136       2502.294445801098
1                        1                        1.03561                  1                        7.5                      0.13333333333333333      5.320763966004855E-13    5.335774067024011E-13    0.25                     5.0E10                   2700                     4632.288776181574        2674.4531718925136       2502.294445801098
1                        1                        1.03561                  1                        7.6                      0.13157894736842105      5.321620921421122E-13    5.336349063518736E-13    0.25                     5.0E10                   2700                     4632.288776181574        2674.4531718925136       2502.294445801098
1                        1                        1.03561                  1                        7.7                      0.12987012987012989      5.32257037600401E-13     5.336992602211437E-13    0.25                     5.0E10                   2700                     4632.288776181574        2674.4531718925136       2502.294445801098
1                        1                        1.03561                  1                        7.8                      0.12820512820512822      5.32361074522489E-13     5.337705689878283E-13    0.25                     5.0E10                   2700                     4632.288776181574        2674.4531718925136       2502.294445801098
1                        1                        1.03561                  1                        7.9                      0.12658227848101267      5.324735345319667E-13    5.33848416860638E-13     0.25                     5.0E10                   2700                     4632.288776181574        2674.4531718925136       2502.294445801098
1                        1                        1.03561                  1                        8                        0.125                    5.325937178851279E-13    5.339323461078543E-13    0.25                     5.0E10                   2700                     4632.288776181574        2674.4531718925136       2502.294445801098
1                        1                        1.03561                  1                        8.1                      0.1234567901234568       5.327209078689217E-13    5.340218701879953E-13    0.25                     5.0E10                   2700                     4632.288776181574        2674.4531718925136       2502.294445801098
1                        1                        1.03561                  1                        8.2                      0.12195121951219513      5.328543827492908E-13    5.341164848903132E-13    0.25                     5.0E10                   2700                     4632.288776181574        2674.4531718925136       2502.294445801098
1                        1                        1.03561                  1                        8.3                      0.12048192771084336      5.329934257250321E-13    5.342156777736132E-13    0.25                     5.0E10                   2700                     4632.288776181574        2674.4531718925136       2502.294445801098
1                        1                        1.03561                  1                        8.4                      0.11904761904761904      5.331373329847341E-13    5.343189360086697E-13    0.25                     5.0E10                   2700                     4632.288776181574        2674.4531718925136       2502.294445801098
1                        1                        1.03561                  1                        8.5                      0.11764705882352941      5.332854201789531E-13    5.344257528353862E-13    0.25                     5.0E10                   2700                     4632.288776181574        2674.4531718925136       2502.294445801098
1                        1                        1.03561                  1                        8.6                      0.11627906976744186      5.334370274831714E-13    5.345356327984193E-13    0.25                     5.0E10                   2700                     4632.288776181574        2674.4531718925136       2502.294445801098
1                        1                        1.03561                  1                        8.7                      0.11494252873563218      5.335915234520212E-13    5.346480959018257E-13    0.25                     5.0E10                   2700                     4632.288776181574        2674.4531718925136       2502.294445801098
1                        1                        1.03561                  1                        8.8                      0.11363636363636362      5.337483078363686E-13    5.34762680834537E-13     0.25                     5.0E10                   2700                     4632.288776181574        2674.4531718925136       2502.294445801098
1                        1                        1.03561                  1                        8.9                      0.11235955056179775      5.339068135270058E-13    5.348789473988408E-13    0.25                     5.0E10                   2700                     4632.288776181574        2674.4531718925136       2502.294445801098
1                        1                        1.03561                  1                        9                        0.11111111111111112      5.340665077909032E-13    5.349964782710831E-13    0.25                     5.0E10                   2700                     4632.288776181574        2674.4531718925136       2502.294445801098
1                        1                        1.03561                  1                        9.1                      0.1098901098901099       5.342268928280032E-13    5.351148801537805E-13    0.25                     5.0E10                   2700                     4632.288776181574        2674.4531718925136       2502.294445801098
1                        1                        1.03561                  1                        9.2                      0.10869565217391305      5.343875058711229E-13    5.352337844638701E-13    0.25                     5.0E10                   2700                     4632.288776181574        2674.4531718925136       2502.294445801098
1                        1                        1.03561                  1                        9.3                      0.10752688172043011      5.34547918879414E-13     5.353528476237088E-13    0.25                     5.0E10                   2700                     4632.288776181574        2674.4531718925136       2502.294445801098
1                        1                        1.03561                  1                        9.4                      0.10638297872340426      5.347077378388002E-13    5.354717509907793E-13    0.25                     5.0E10                   2700                     4632.288776181574        2674.4531718925136       2502.294445801098
1                        1                        1.03561                  1                        9.5                      0.10526315789473685      5.348666018911688E-13    5.355902005564736E-13    0.25                     5.0E10                   2700                     4632.288776181574        2674.4531718925136       2502.294445801098
1                        1                        1.03561                  1                        9.6                      0.10416666666666667      5.350241821480024E-13    5.35707926383576E-13     0.25                     5.0E10                   2700                     4632.288776181574        2674.4531718925136       2502.294445801098
1                        1                        1.03561                  1                        9.700000000000001        0.1030927835051546       5.351801804460911E-13    5.358246819077064E-13    0.25                     5.0E10                   2700                     4632.288776181574        2674.4531718925136       2502.294445801098
1                        1                        1.03561                  1                        9.8                      0.10204081632653059      5.353343279730359E-13    5.359402431094788E-13    0.25                     5.0E10                   2700                     4632.288776181574        2674.4531718925136       2502.294445801098
1                        1                        1.03561                  1                        9.9                      0.101010101010101        5.354863837580515E-13    5.360544075499388E-13    0.25                     5.0E10                   2700                     4632.288776181574        2674.4531718925136       2502.294445801098
1                        1                        1.03561                  1                        10                       0.1                      5.357096644203887E-13    5.362162851069125E-13    0.25                     5.0E10                   2700                     4632.288776181574        2674.4531718925136       2502.294445801098
