1                        1                        0.954577                 1                        0.1                      10                       5.331356001753039E-13    5.331368252138929E-13    0.25                     5.0E10                   2700                     4824.899371312132        2785.656950839915        2502.294445801098
1                        1                        0.954577                 1                        0.2                      5                        5.334848485261901E-13    5.331484956485363E-13    0.25                     5.0E10                   2700                     4824.899371312132        2785.656950839915        2502.294445801098
1                        1                        0.954577                 1                        0.30000000000000004      3.3333333333333326       5.36658256999561E-13     5.363076626326529E-13    0.25                     5.0E10                   2700                     4824.899371312132        2785.656950839915        2502.294445801098
1                        1                        0.954577                 1                        0.4                      2.5                      5.329214956057636E-13    5.33192703127814E-13     0.25                     5.0E10                   2700                     4824.899371312132        2785.656950839915        2502.294445801098
1                        1                        0.954577                 1                        0.5                      2                        5.331903946283655E-13    5.332393539432067E-13    0.25                     5.0E10                   2700                     4824.899371312132        2785.656950839915        2502.294445801098
1                        1                        0.954577                 1                        0.6                      1.6666666666666667       5.365057360325769E-13    5.367171283591254E-13    0.25                     5.0E10                   2700                     4824.899371312132        2785.656950839915        2502.294445801098
1                        1                        0.954577                 1                        0.7000000000000001       1.4285714285714284       5.374325839634347E-13    5.378424854261042E-13    0.25                     5.0E10                   2700                     4824.899371312132        2785.656950839915        2502.294445801098
1                        1                        0.954577                 1                        0.8                      1.25                     5.342191833342336E-13    5.339651035582841E-13    0.25                     5.0E10                   2700                     4824.899371312132        2785.656950839915        2502.294445801098
1                        1                        0.954577                 1                        0.9                      1.1111111111111112       5.319229949792136E-13    5.350042817521523E-13    0.25                     5.0E10                   2700                     4824.899371312132        2785.656950839915        2502.294445801098
1                        1                        0.954577                 1                        1                        1                        5.342524879514456E-13    5.348616558562375E-13    0.25                     5.0E10                   2700                     4824.899371312132        2785.656950839915        2502.294445801098
1                        1                        0.954577                 1                        1.1                      0.909090909090909        5.346657213015487E-13    5.377206528663612E-13    0.25                     5.0E10                   2700                     4824.899371312132        2785.656950839915        2502.294445801098
1                        1                        0.954577                 1                        1.2000000000000002       0.8333333333333331       5.365664322729164E-13    5.39509926004582E-13     0.25                     5.0E10                   2700                     4824.899371312132        2785.656950839915        2502.294445801098
1                        1                        0.954577                 1                        1.3000000000000003       0.769230769230769        5.38260564039924E-13     5.380281671571495E-13    0.25                     5.0E10                   2700                     4824.899371312132        2785.656950839915        2502.294445801098
1                        1                        0.954577                 1                        1.4000000000000001       0.7142857142857142       5.400974097024802E-13    5.388222124122522E-13    0.25                     5.0E10                   2700                     4824.899371312132        2785.656950839915        2502.294445801098
1                        1                        0.954577                 1                        1.5000000000000002       0.6666666666666665       5.402140664542199E-13    5.397388411548601E-13    0.25                     5.0E10                   2700                     4824.899371312132        2785.656950839915        2502.294445801098
1                        1                        0.954577                 1                        1.6                      0.625                    5.38071023350374E-13     5.375738606045296E-13    0.25                     5.0E10                   2700                     4824.899371312132        2785.656950839915        2502.294445801098
1                        1                        0.954577                 1                        1.7000000000000002       0.588235294117647        5.434663213186751E-13    5.411375556696242E-13    0.25                     5.0E10                   2700                     4824.899371312132        2785.656950839915        2502.294445801098
1                        1                        0.954577                 1                        1.8000000000000003       0.5555555555555555       5.480005227370449E-13    5.428358938610994E-13    0.25                     5.0E10                   2700                     4824.899371312132        2785.656950839915        2502.294445801098
1                        1                        0.954577                 1                        1.9000000000000001       0.5263157894736842       5.478793667582255E-13    5.400032487038508E-13    0.25                     5.0E10                   2700                     4824.899371312132        2785.656950839915        2502.294445801098
1                        1                        0.954577                 1                        2                        0.5                      5.479461389054739E-13    5.380757595003356E-13    0.25                     5.0E10                   2700                     4824.899371312132        2785.656950839915        2502.294445801098
1                        1                        0.954577                 1                        2.1                      0.47619047619047616      5.50385047759981E-13     5.394615827231605E-13    0.25                     5.0E10                   2700                     4824.899371312132        2785.656950839915        2502.294445801098
1                        1                        0.954577                 1                        2.2                      0.4545454545454545       5.532426614873767E-13    5.421535770994599E-13    0.25                     5.0E10                   2700                     4824.899371312132        2785.656950839915        2502.294445801098
1                        1                        0.954577                 1                        2.3000000000000003       0.43478260869565216      5.541009411649885E-13    5.434684407347581E-13    0.25                     5.0E10                   2700                     4824.899371312132        2785.656950839915        2502.294445801098
1                        1                        0.954577                 1                        2.4000000000000004       0.4166666666666666       5.525459126158626E-13    5.426248036361046E-13    0.25                     5.0E10                   2700                     4824.899371312132        2785.656950839915        2502.294445801098
1                        1                        0.954577                 1                        2.5000000000000004       0.3999999999999999       5.498398113756908E-13    5.405038145982102E-13    0.25                     5.0E10                   2700                     4824.899371312132        2785.656950839915        2502.294445801098
1                        1                        0.954577                 1                        2.6                      0.3846153846153846       5.472259317990478E-13    5.383361201782165E-13    0.25                     5.0E10                   2700                     4824.899371312132        2785.656950839915        2502.294445801098
1                        1                        0.954577                 1                        2.7                      0.37037037037037035      5.455509841751982E-13    5.368614595201365E-13    0.25                     5.0E10                   2700                     4824.899371312132        2785.656950839915        2502.294445801098
1                        1                        0.954577                 1                        2.8000000000000003       0.3571428571428571       5.449125397219654E-13    5.36215922747773E-13     0.25                     5.0E10                   2700                     4824.899371312132        2785.656950839915        2502.294445801098
1                        1                        0.954577                 1                        2.9000000000000004       0.3448275862068965       5.450052736552153E-13    5.361588744441801E-13    0.25                     5.0E10                   2700                     4824.899371312132        2785.656950839915        2502.294445801098
1                        1                        0.954577                 1                        3.0000000000000004       0.33333333333333326      5.454186935653406E-13    5.363429351398389E-13    0.25                     5.0E10                   2700                     4824.899371312132        2785.656950839915        2502.294445801098
1                        1                        0.954577                 1                        3.1                      0.32258064516129037      5.458255857446017E-13    5.364908696794115E-13    0.25                     5.0E10                   2700                     4824.899371312132        2785.656950839915        2502.294445801098
1                        1                        0.954577                 1                        3.2                      0.3125                   5.460521604012365E-13    5.364640707607846E-13    0.25                     5.0E10                   2700                     4824.899371312132        2785.656950839915        2502.294445801098
1                        1                        0.954577                 1                        3.3000000000000003       0.30303030303030304      5.460663006458067E-13    5.362534121141175E-13    0.25                     5.0E10                   2700                     4824.899371312132        2785.656950839915        2502.294445801098
1                        1                        0.954577                 1                        3.4000000000000004       0.2941176470588235       5.460343083253345E-13    5.360540462848271E-13    0.25                     5.0E10                   2700                     4824.899371312132        2785.656950839915        2502.294445801098
1                        1                        0.954577                 1                        3.5000000000000004       0.2857142857142857       5.458324323302814E-13    5.357239405159817E-13    0.25                     5.0E10                   2700                     4824.899371312132        2785.656950839915        2502.294445801098
1                        1                        0.954577                 1                        3.6                      0.2777777777777778       5.456764565121005E-13    5.354984768985265E-13    0.25                     5.0E10                   2700                     4824.899371312132        2785.656950839915        2502.294445801098
1                        1                        0.954577                 1                        3.7                      0.2702702702702703       5.456376825074267E-13    5.354534506267226E-13    0.25                     5.0E10                   2700                     4824.899371312132        2785.656950839915        2502.294445801098
1                        1                        0.954577                 1                        3.8000000000000003       0.2631578947368421       5.457533837001178E-13    5.356291808902121E-13    0.25                     5.0E10                   2700                     4824.899371312132        2785.656950839915        2502.294445801098
1                        1                        0.954577                 1                        3.9000000000000004       0.2564102564102564       5.460283004665692E-13    5.360321045549932E-13    0.25                     5.0E10                   2700                     4824.899371312132        2785.656950839915        2502.294445801098
1                        1                        0.954577                 1                        4                        0.25                     5.464415661072546E-13    5.366414705954584E-13    0.25                     5.0E10                   2700                     4824.899371312132        2785.656950839915        2502.294445801098
1                        1                        0.954577                 1                        4.1                      0.24390243902439027      5.469552253765633E-13    5.374178238725546E-13    0.25                     5.0E10                   2700                     4824.899371312132        2785.656950839915        2502.294445801098
1                        1                        0.954577                 1                        4.2                      0.23809523809523808      5.475225287166426E-13    5.38311278582016E-13     0.25                     5.0E10                   2700                     4824.899371312132        2785.656950839915        2502.294445801098
1                        1                        0.954577                 1                        4.3                      0.23255813953488372      5.480948198368429E-13    5.392685161404749E-13    0.25                     5.0E10                   2700                     4824.899371312132        2785.656950839915        2502.294445801098
1                        1                        0.954577                 1                        4.3999999999999995       0.22727272727272732      5.486266550363289E-13    5.402381185649068E-13    0.25                     5.0E10                   2700                     4824.899371312132        2785.656950839915        2502.294445801098
1                        1                        0.954577                 1                        4.5                      0.22222222222222224      5.490791741948964E-13    5.411742279207866E-13    0.25                     5.0E10                   2700                     4824.899371312132        2785.656950839915        2502.294445801098
1                        1                        0.954577                 1                        4.6                      0.2173913043478261       5.494220625280588E-13    5.420387990156882E-13    0.25                     5.0E10                   2700                     4824.899371312132        2785.656950839915        2502.294445801098
1                        1                        0.954577                 1                        4.7                      0.2127659574468085       5.496337428020118E-13    5.42802278030009E-13     0.25                     5.0E10                   2700                     4824.899371312132        2785.656950839915        2502.294445801098
1                        1                        0.954577                 1                        4.8                      0.20833333333333334      5.497017569268193E-13    5.434440679549791E-13    0.25                     5.0E10                   2700                     4824.899371312132        2785.656950839915        2502.294445801098
1                        1                        0.954577                 1                        4.9                      0.20408163265306117      5.496214981499375E-13    5.439516909059859E-13    0.25                     5.0E10                   2700                     4824.899371312132        2785.656950839915        2502.294445801098
1                        1                        0.954577                 1                        5                        0.2                      5.494961146533253E-13    5.444158433834404E-13    0.25                     5.0E10                   2700                     4824.899371312132        2785.656950839915        2502.294445801098
1                        1                        0.954577                 1                        5.1                      0.19607843137254904      5.491199517845005E-13    5.446344567922753E-13    0.25                     5.0E10                   2700                     4824.899371312132        2785.656950839915        2502.294445801098
1                        1                        0.954577                 1                        5.2                      0.1923076923076923       5.486179381508208E-13    5.447210052397514E-13    0.25                     5.0E10                   2700                     4824.899371312132        2785.656950839915        2502.294445801098
1                        1                        0.954577                 1                        5.3                      0.18867924528301888      5.480042830181299E-13    5.446844617483735E-13    0.25                     5.0E10                   2700                     4824.899371312132        2785.656950839915        2502.294445801098
1                        1                        0.954577                 1                        5.4                      0.18518518518518517      5.472948346436628E-13    5.445362390722321E-13    0.25                     5.0E10                   2700                     4824.899371312132        2785.656950839915        2502.294445801098
1                        1                        0.954577                 1                        5.5                      0.18181818181818182      5.465061533381229E-13    5.442892504953429E-13    0.25                     5.0E10                   2700                     4824.899371312132        2785.656950839915        2502.294445801098
1                        1                        0.954577                 1                        5.6                      0.17857142857142858      5.456547699219217E-13    5.439571302130091E-13    0.25                     5.0E10                   2700                     4824.899371312132        2785.656950839915        2502.294445801098
1                        1                        0.954577                 1                        5.7                      0.17543859649122806      5.447567958037882E-13    5.435538012523021E-13    0.25                     5.0E10                   2700                     4824.899371312132        2785.656950839915        2502.294445801098
1                        1                        0.954577                 1                        5.8                      0.1724137931034483       5.438268239307666E-13    5.430922564284741E-13    0.25                     5.0E10                   2700                     4824.899371312132        2785.656950839915        2502.294445801098
1                        1                        0.954577                 1                        5.9                      0.1694915254237288       5.428786903700513E-13    5.425853213022564E-13    0.25                     5.0E10                   2700                     4824.899371312132        2785.656950839915        2502.294445801098
1                        1                        0.954577                 1                        6                        0.16666666666666666      5.419246344308941E-13    5.42044694300877E-13     0.25                     5.0E10                   2700                     4824.899371312132        2785.656950839915        2502.294445801098
1                        1                        0.954577                 1                        6.1                      0.16393442622950818      5.409753999699366E-13    5.414809863378807E-13    0.25                     5.0E10                   2700                     4824.899371312132        2785.656950839915        2502.294445801098
1                        1                        0.954577                 1                        6.2                      0.16129032258064518      5.400402352685663E-13    5.409036526576383E-13    0.25                     5.0E10                   2700                     4824.899371312132        2785.656950839915        2502.294445801098
1                        1                        0.954577                 1                        6.3                      0.15873015873015872      5.391269424555172E-13    5.403209798621762E-13    0.25                     5.0E10                   2700                     4824.899371312132        2785.656950839915        2502.294445801098
1                        1                        0.954577                 1                        6.4                      0.15625                  5.382419613031556E-13    5.397401136048423E-13    0.25                     5.0E10                   2700                     4824.899371312132        2785.656950839915        2502.294445801098
1                        1                        0.954577                 1                        6.5                      0.15384615384615383      5.373904748995625E-13    5.391671147815721E-13    0.25                     5.0E10                   2700                     4824.899371312132        2785.656950839915        2502.294445801098
1                        1                        0.954577                 1                        6.6                      0.15151515151515152      5.365765274625292E-13    5.386070344041418E-13    0.25                     5.0E10                   2700                     4824.899371312132        2785.656950839915        2502.294445801098
1                        1                        0.954577                 1                        6.7                      0.1492537313432836       5.358031469965494E-13    5.380639994997816E-13    0.25                     5.0E10                   2700                     4824.899371312132        2785.656950839915        2502.294445801098
1                        1                        0.954577                 1                        6.8                      0.14705882352941177      5.350724672917926E-13    5.375413041048272E-13    0.25                     5.0E10                   2700                     4824.899371312132        2785.656950839915        2502.294445801098
1                        1                        0.954577                 1                        6.9                      0.14492753623188404      5.34385845481143E-13     5.370415010260944E-13    0.25                     5.0E10                   2700                     4824.899371312132        2785.656950839915        2502.294445801098
1                        1                        0.954577                 1                        7                        0.14285714285714285      5.337439726685552E-13    5.365664912678774E-13    0.25                     5.0E10                   2700                     4824.899371312132        2785.656950839915        2502.294445801098
1                        1                        0.954577                 1                        7.1                      0.14084507042253522      5.331469760421079E-13    5.361176090092016E-13    0.25                     5.0E10                   2700                     4824.899371312132        2785.656950839915        2502.294445801098
1                        1                        0.954577                 1                        7.2                      0.1388888888888889       5.325945116979458E-13    5.356957007738361E-13    0.25                     5.0E10                   2700                     4824.899371312132        2785.656950839915        2502.294445801098
1                        1                        0.954577                 1                        7.3                      0.13698630136986303      5.320858479104815E-13    5.353011980549307E-13    0.25                     5.0E10                   2700                     4824.899371312132        2785.656950839915        2502.294445801098
1                        1                        0.954577                 1                        7.4                      0.13513513513513514      5.316199390401267E-13    5.349341830780515E-13    0.25                     5.0E10                   2700                     4824.899371312132        2785.656950839915        2502.294445801098
1                        1                        0.954577                 1                        7.5                      0.13333333333333333      5.31195490387768E-13     5.345944476609614E-13    0.25                     5.0E10                   2700                     4824.899371312132        2785.656950839915        2502.294445801098
1                        1                        0.954577                 1                        7.6                      0.13157894736842105      5.308115258006735E-13    5.342820588125364E-13    0.25                     5.0E10                   2700                     4824.899371312132        2785.656950839915        2502.294445801098
1                        1                        0.954577                 1                        7.7                      0.12987012987012989      5.304654205920354E-13    5.33995377930633E-13     0.25                     5.0E10                   2700                     4824.899371312132        2785.656950839915        2502.294445801098
1                        1                        0.954577                 1                        7.8                      0.12820512820512822      5.30155924168468E-13     5.337341011146281E-13    0.25                     5.0E10                   2700                     4824.899371312132        2785.656950839915        2502.294445801098
1                        1                        0.954577                 1                        7.9                      0.12658227848101267      5.298812361502619E-13    5.334973197168272E-13    0.25                     5.0E10                   2700                     4824.899371312132        2785.656950839915        2502.294445801098
1                        1                        0.954577                 1                        8                        0.125                    5.296395188993726E-13    5.332840371807104E-13    0.25                     5.0E10                   2700                     4824.899371312132        2785.656950839915        2502.294445801098
1                        1                        0.954577                 1                        8.1                      0.1234567901234568       5.294289222877698E-13    5.330931944457025E-13    0.25                     5.0E10                   2700                     4824.899371312132        2785.656950839915        2502.294445801098
1                        1                        0.954577                 1                        8.2                      0.12195121951219513      5.292476039991971E-13    5.329236913872016E-13    0.25                     5.0E10                   2700                     4824.899371312132        2785.656950839915        2502.294445801098
1                        1                        0.954577                 1                        8.3                      0.12048192771084336      5.290937461327749E-13    5.327744048629393E-13    0.25                     5.0E10                   2700                     4824.899371312132        2785.656950839915        2502.294445801098
1                        1                        0.954577                 1                        8.4                      0.11904761904761904      5.289655684772975E-13    5.326442037076625E-13    0.25                     5.0E10                   2700                     4824.899371312132        2785.656950839915        2502.294445801098
1                        1                        0.954577                 1                        8.5                      0.11764705882352941      5.288613389989474E-13    5.325319610975845E-13    0.25                     5.0E10                   2700                     4824.899371312132        2785.656950839915        2502.294445801098
1                        1                        0.954577                 1                        8.6                      0.11627906976744186      5.287793819157929E-13    5.324365646307319E-13    0.25                     5.0E10                   2700                     4824.899371312132        2785.656950839915        2502.294445801098
1                        1                        0.954577                 1                        8.7                      0.11494252873563218      5.28718083729353E-13     5.323569244211909E-13    0.25                     5.0E10                   2700                     4824.899371312132        2785.656950839915        2502.294445801098
1                        1                        0.954577                 1                        8.8                      0.11363636363636362      5.286758975287614E-13    5.322919794966541E-13    0.25                     5.0E10                   2700                     4824.899371312132        2785.656950839915        2502.294445801098
1                        1                        0.954577                 1                        8.9                      0.11235955056179775      5.286513458496474E-13    5.322407027465908E-13    0.25                     5.0E10                   2700                     4824.899371312132        2785.656950839915        2502.294445801098
1                        1                        0.954577                 1                        9                        0.11111111111111112      5.286430223627094E-13    5.32202104654244E-13     0.25                     5.0E10                   2700                     4824.899371312132        2785.656950839915        2502.294445801098
1                        1                        0.954577                 1                        9.1                      0.1098901098901099       5.286495924993802E-13    5.321752359544621E-13    0.25                     5.0E10                   2700                     4824.899371312132        2785.656950839915        2502.294445801098
1                        1                        0.954577                 1                        9.2                      0.10869565217391305      5.286697933156802E-13    5.321591894390578E-13    0.25                     5.0E10                   2700                     4824.899371312132        2785.656950839915        2502.294445801098
1                        1                        0.954577                 1                        9.3                      0.10752688172043011      5.287024327027953E-13    5.321531010383619E-13    0.25                     5.0E10                   2700                     4824.899371312132        2785.656950839915        2502.294445801098
1                        1                        0.954577                 1                        9.4                      0.10638297872340426      5.287463880097306E-13    5.321561502673707E-13    0.25                     5.0E10                   2700                     4824.899371312132        2785.656950839915        2502.294445801098
1                        1                        0.954577                 1                        9.5                      0.10526315789473685      5.288006043434806E-13    5.321675602163927E-13    0.25                     5.0E10                   2700                     4824.899371312132        2785.656950839915        2502.294445801098
1                        1                        0.954577                 1                        9.6                      0.10416666666666667      5.288640924370456E-13    5.321865970911507E-13    0.25                     5.0E10                   2700                     4824.899371312132        2785.656950839915        2502.294445801098
1                        1                        0.954577                 1                        9.700000000000001        0.1030927835051546       5.289359263738971E-13    5.322125694641318E-13    0.25                     5.0E10                   2700                     4824.899371312132        2785.656950839915        2502.294445801098
1                        1                        0.954577                 1                        9.8                      0.10204081632653059      5.290152411185904E-13    5.3224482726891E-13      0.25                     5.0E10                   2700                     4824.899371312132        2785.656950839915        2502.294445801098
1                        1                        0.954577                 1                        9.9                      0.101010101010101        5.291012298749414E-13    5.322827605590623E-13    0.25                     5.0E10                   2700                     4824.899371312132        2785.656950839915        2502.294445801098
1                        1                        0.954577                 1                        10                       0.1                      5.292560363260233E-13    5.323632434826625E-13    0.25                     5.0E10                   2700                     4824.899371312132        2785.656950839915        2502.294445801098
