1                        1                        1.14814                  1                        0.1                      10                       5.331347210777244E-13    5.331383362000678E-13    0.25                     5.0E10                   2700                     4399.429061545611        2540.011552964021        2502.294445801098
1                        1                        1.14814                  1                        0.2                      5                        5.33479308973687E-13     5.331473001316575E-13    0.25                     5.0E10                   2700                     4399.429061545611        2540.011552964021        2502.294445801098
1                        1                        1.14814                  1                        0.30000000000000004      3.3333333333333326       5.366593643121092E-13    5.36307820930968E-13     0.25                     5.0E10                   2700                     4399.429061545611        2540.011552964021        2502.294445801098
1                        1                        1.14814                  1                        0.4                      2.5                      5.329302005110882E-13    5.33170347647435E-13     0.25                     5.0E10                   2700                     4399.429061545611        2540.011552964021        2502.294445801098
1                        1                        1.14814                  1                        0.5                      2                        5.330243410471596E-13    5.329975983208693E-13    0.25                     5.0E10                   2700                     4399.429061545611        2540.011552964021        2502.294445801098
1                        1                        1.14814                  1                        0.6                      1.6666666666666667       5.368727341908394E-13    5.361154048279584E-13    0.25                     5.0E10                   2700                     4399.429061545611        2540.011552964021        2502.294445801098
1                        1                        1.14814                  1                        0.7000000000000001       1.4285714285714284       5.374282252331641E-13    5.36141887908202E-13     0.25                     5.0E10                   2700                     4399.429061545611        2540.011552964021        2502.294445801098
1                        1                        1.14814                  1                        0.8                      1.25                     5.356369337719155E-13    5.313658861069867E-13    0.25                     5.0E10                   2700                     4399.429061545611        2540.011552964021        2502.294445801098
1                        1                        1.14814                  1                        0.9                      1.1111111111111112       5.335761740007457E-13    5.296603864004657E-13    0.25                     5.0E10                   2700                     4399.429061545611        2540.011552964021        2502.294445801098
1                        1                        1.14814                  1                        1                        1                        5.367469893058042E-13    5.279606551207624E-13    0.25                     5.0E10                   2700                     4399.429061545611        2540.011552964021        2502.294445801098
1                        1                        1.14814                  1                        1.1                      0.909090909090909        5.375033476950825E-13    5.301629164281985E-13    0.25                     5.0E10                   2700                     4399.429061545611        2540.011552964021        2502.294445801098
1                        1                        1.14814                  1                        1.2000000000000002       0.8333333333333331       5.344578666519817E-13    5.279366133980282E-13    0.25                     5.0E10                   2700                     4399.429061545611        2540.011552964021        2502.294445801098
1                        1                        1.14814                  1                        1.3000000000000003       0.769230769230769        5.310839030433627E-13    5.229792779133547E-13    0.25                     5.0E10                   2700                     4399.429061545611        2540.011552964021        2502.294445801098
1                        1                        1.14814                  1                        1.4000000000000001       0.7142857142857142       5.33118989311409E-13     5.266395211231643E-13    0.25                     5.0E10                   2700                     4399.429061545611        2540.011552964021        2502.294445801098
1                        1                        1.14814                  1                        1.5000000000000002       0.6666666666666665       5.292989323355249E-13    5.282657507566701E-13    0.25                     5.0E10                   2700                     4399.429061545611        2540.011552964021        2502.294445801098
1                        1                        1.14814                  1                        1.6                      0.625                    5.161366066521722E-13    5.208637523201401E-13    0.25                     5.0E10                   2700                     4399.429061545611        2540.011552964021        2502.294445801098
1                        1                        1.14814                  1                        1.7000000000000002       0.588235294117647        5.104546162671659E-13    5.194077144396069E-13    0.25                     5.0E10                   2700                     4399.429061545611        2540.011552964021        2502.294445801098
1                        1                        1.14814                  1                        1.8000000000000003       0.5555555555555555       5.086182258364105E-13    5.208736234939742E-13    0.25                     5.0E10                   2700                     4399.429061545611        2540.011552964021        2502.294445801098
1                        1                        1.14814                  1                        1.9000000000000001       0.5263157894736842       5.049346011379437E-13    5.205334593319089E-13    0.25                     5.0E10                   2700                     4399.429061545611        2540.011552964021        2502.294445801098
1                        1                        1.14814                  1                        2                        0.5                      5.005051440809125E-13    5.199183995392482E-13    0.25                     5.0E10                   2700                     4399.429061545611        2540.011552964021        2502.294445801098
1                        1                        1.14814                  1                        2.1                      0.47619047619047616      4.965827189795563E-13    5.202070258245079E-13    0.25                     5.0E10                   2700                     4399.429061545611        2540.011552964021        2502.294445801098
1                        1                        1.14814                  1                        2.2                      0.4545454545454545       4.927011158091865E-13    5.20493832619351E-13     0.25                     5.0E10                   2700                     4399.429061545611        2540.011552964021        2502.294445801098
1                        1                        1.14814                  1                        2.3000000000000003       0.43478260869565216      4.884520151124156E-13    5.198456252822867E-13    0.25                     5.0E10                   2700                     4399.429061545611        2540.011552964021        2502.294445801098
1                        1                        1.14814                  1                        2.4000000000000004       0.4166666666666666       4.846056255038292E-13    5.187110378354966E-13    0.25                     5.0E10                   2700                     4399.429061545611        2540.011552964021        2502.294445801098
1                        1                        1.14814                  1                        2.5000000000000004       0.3999999999999999       4.825200381590555E-13    5.183444601404532E-13    0.25                     5.0E10                   2700                     4399.429061545611        2540.011552964021        2502.294445801098
1                        1                        1.14814                  1                        2.6                      0.3846153846153846       4.828477327664073E-13    5.196643493878909E-13    0.25                     5.0E10                   2700                     4399.429061545611        2540.011552964021        2502.294445801098
1                        1                        1.14814                  1                        2.7                      0.37037037037037035      4.856578579186277E-13    5.228582927373484E-13    0.25                     5.0E10                   2700                     4399.429061545611        2540.011552964021        2502.294445801098
1                        1                        1.14814                  1                        2.8000000000000003       0.3571428571428571       4.902917481107974E-13    5.274175996196874E-13    0.25                     5.0E10                   2700                     4399.429061545611        2540.011552964021        2502.294445801098
1                        1                        1.14814                  1                        2.9000000000000004       0.3448275862068965       4.957717562659094E-13    5.324673382526044E-13    0.25                     5.0E10                   2700                     4399.429061545611        2540.011552964021        2502.294445801098
1                        1                        1.14814                  1                        3.0000000000000004       0.33333333333333326      5.01123596678704E-13     5.370994333928064E-13    0.25                     5.0E10                   2700                     4399.429061545611        2540.011552964021        2502.294445801098
1                        1                        1.14814                  1                        3.1                      0.32258064516129037      5.055992118550293E-13    5.406126872221092E-13    0.25                     5.0E10                   2700                     4399.429061545611        2540.011552964021        2502.294445801098
1                        1                        1.14814                  1                        3.2                      0.3125                   5.087779385861591E-13    5.426270309838922E-13    0.25                     5.0E10                   2700                     4399.429061545611        2540.011552964021        2502.294445801098
1                        1                        1.14814                  1                        3.3000000000000003       0.30303030303030304      5.105583709669115E-13    5.430816124455395E-13    0.25                     5.0E10                   2700                     4399.429061545611        2540.011552964021        2502.294445801098
1                        1                        1.14814                  1                        3.4000000000000004       0.2941176470588235       5.111395525591093E-13    5.422348558440797E-13    0.25                     5.0E10                   2700                     4399.429061545611        2540.011552964021        2502.294445801098
1                        1                        1.14814                  1                        3.5000000000000004       0.2857142857142857       5.106623919506529E-13    5.4023095025095E-13      0.25                     5.0E10                   2700                     4399.429061545611        2540.011552964021        2502.294445801098
1                        1                        1.14814                  1                        3.6                      0.2777777777777778       5.09531390417633E-13     5.375297194765385E-13    0.25                     5.0E10                   2700                     4399.429061545611        2540.011552964021        2502.294445801098
1                        1                        1.14814                  1                        3.7                      0.2702702702702703       5.080497808523814E-13    5.344651721096486E-13    0.25                     5.0E10                   2700                     4399.429061545611        2540.011552964021        2502.294445801098
1                        1                        1.14814                  1                        3.8000000000000003       0.2631578947368421       5.064672229747119E-13    5.313116466529462E-13    0.25                     5.0E10                   2700                     4399.429061545611        2540.011552964021        2502.294445801098
1                        1                        1.14814                  1                        3.9000000000000004       0.2564102564102564       5.049683458565455E-13    5.282726232922678E-13    0.25                     5.0E10                   2700                     4399.429061545611        2540.011552964021        2502.294445801098
1                        1                        1.14814                  1                        4                        0.25                     5.036759343610967E-13    5.254845125200552E-13    0.25                     5.0E10                   2700                     4399.429061545611        2540.011552964021        2502.294445801098
1                        1                        1.14814                  1                        4.1                      0.24390243902439027      5.026608297895175E-13    5.230275155225481E-13    0.25                     5.0E10                   2700                     4399.429061545611        2540.011552964021        2502.294445801098
1                        1                        1.14814                  1                        4.2                      0.23809523809523808      5.019540896638162E-13    5.20938670595222E-13     0.25                     5.0E10                   2700                     4399.429061545611        2540.011552964021        2502.294445801098
1                        1                        1.14814                  1                        4.3                      0.23255813953488372      5.015584944016127E-13    5.192241547234008E-13    0.25                     5.0E10                   2700                     4399.429061545611        2540.011552964021        2502.294445801098
1                        1                        1.14814                  1                        4.3999999999999995       0.22727272727272732      5.014582151256258E-13    5.178696064343435E-13    0.25                     5.0E10                   2700                     4399.429061545611        2540.011552964021        2502.294445801098
1                        1                        1.14814                  1                        4.5                      0.22222222222222224      5.016263286558462E-13    5.168481579347279E-13    0.25                     5.0E10                   2700                     4399.429061545611        2540.011552964021        2502.294445801098
1                        1                        1.14814                  1                        4.6                      0.2173913043478261       5.020304300483406E-13    5.161264153778849E-13    0.25                     5.0E10                   2700                     4399.429061545611        2540.011552964021        2502.294445801098
1                        1                        1.14814                  1                        4.7                      0.2127659574468085       5.026360343850584E-13    5.156682855972142E-13    0.25                     5.0E10                   2700                     4399.429061545611        2540.011552964021        2502.294445801098
1                        1                        1.14814                  1                        4.8                      0.20833333333333334      5.034096952757758E-13    5.154381329562673E-13    0.25                     5.0E10                   2700                     4399.429061545611        2540.011552964021        2502.294445801098
1                        1                        1.14814                  1                        4.9                      0.20408163265306117      5.043201304837176E-13    5.154022032249795E-13    0.25                     5.0E10                   2700                     4399.429061545611        2540.011552964021        2502.294445801098
1                        1                        1.14814                  1                        5                        0.2                      5.05430417127303E-13     5.156168348014762E-13    0.25                     5.0E10                   2700                     4399.429061545611        2540.011552964021        2502.294445801098
1                        1                        1.14814                  1                        5.1                      0.19607843137254904      5.065315367741923E-13    5.158786644505614E-13    0.25                     5.0E10                   2700                     4399.429061545611        2540.011552964021        2502.294445801098
1                        1                        1.14814                  1                        5.2                      0.1923076923076923       5.076948708993209E-13    5.162519464735255E-13    0.25                     5.0E10                   2700                     4399.429061545611        2540.011552964021        2502.294445801098
1                        1                        1.14814                  1                        5.3                      0.18867924528301888      5.089023339414953E-13    5.167158928709607E-13    0.25                     5.0E10                   2700                     4399.429061545611        2540.011552964021        2502.294445801098
1                        1                        1.14814                  1                        5.4                      0.18518518518518517      5.101388073230886E-13    5.172527404753335E-13    0.25                     5.0E10                   2700                     4399.429061545611        2540.011552964021        2502.294445801098
1                        1                        1.14814                  1                        5.5                      0.18181818181818182      5.113918020920813E-13    5.178474425858315E-13    0.25                     5.0E10                   2700                     4399.429061545611        2540.011552964021        2502.294445801098
1                        1                        1.14814                  1                        5.6                      0.17857142857142858      5.126511093179272E-13    5.184873392348033E-13    0.25                     5.0E10                   2700                     4399.429061545611        2540.011552964021        2502.294445801098
1                        1                        1.14814                  1                        5.7                      0.17543859649122806      5.139086153427815E-13    5.191619968519328E-13    0.25                     5.0E10                   2700                     4399.429061545611        2540.011552964021        2502.294445801098
1                        1                        1.14814                  1                        5.8                      0.1724137931034483       5.151573843467905E-13    5.198622533995985E-13    0.25                     5.0E10                   2700                     4399.429061545611        2540.011552964021        2502.294445801098
1                        1                        1.14814                  1                        5.9                      0.1694915254237288       5.163922854408147E-13    5.205809107547481E-13    0.25                     5.0E10                   2700                     4399.429061545611        2540.011552964021        2502.294445801098
1                        1                        1.14814                  1                        6                        0.16666666666666666      5.176091512563282E-13    5.21311854145242E-13     0.25                     5.0E10                   2700                     4399.429061545611        2540.011552964021        2502.294445801098
1                        1                        1.14814                  1                        6.1                      0.16393442622950818      5.188047215546589E-13    5.220500015120704E-13    0.25                     5.0E10                   2700                     4399.429061545611        2540.011552964021        2502.294445801098
1                        1                        1.14814                  1                        6.2                      0.16129032258064518      5.199764706689449E-13    5.227911261491096E-13    0.25                     5.0E10                   2700                     4399.429061545611        2540.011552964021        2502.294445801098
1                        1                        1.14814                  1                        6.3                      0.15873015873015872      5.211224646391541E-13    5.235317079215896E-13    0.25                     5.0E10                   2700                     4399.429061545611        2540.011552964021        2502.294445801098
1                        1                        1.14814                  1                        6.4                      0.15625                  5.222412444576057E-13    5.242688098337118E-13    0.25                     5.0E10                   2700                     4399.429061545611        2540.011552964021        2502.294445801098
1                        1                        1.14814                  1                        6.5                      0.15384615384615383      5.233317315645346E-13    5.249999764961284E-13    0.25                     5.0E10                   2700                     4399.429061545611        2540.011552964021        2502.294445801098
1                        1                        1.14814                  1                        6.6                      0.15151515151515152      5.243931520190816E-13    5.257231511865728E-13    0.25                     5.0E10                   2700                     4399.429061545611        2540.011552964021        2502.294445801098
1                        1                        1.14814                  1                        6.7                      0.1492537313432836       5.254249761871362E-13    5.264366085083905E-13    0.25                     5.0E10                   2700                     4399.429061545611        2540.011552964021        2502.294445801098
1                        1                        1.14814                  1                        6.8                      0.14705882352941177      5.264268710146317E-13    5.271388998907339E-13    0.25                     5.0E10                   2700                     4399.429061545611        2540.011552964021        2502.294445801098
1                        1                        1.14814                  1                        6.9                      0.14492753623188404      5.273986624540936E-13    5.278288095996096E-13    0.25                     5.0E10                   2700                     4399.429061545611        2540.011552964021        2502.294445801098
1                        1                        1.14814                  1                        7                        0.14285714285714285      5.28340306017755E-13     5.285053192572403E-13    0.25                     5.0E10                   2700                     4399.429061545611        2540.011552964021        2502.294445801098
1                        1                        1.14814                  1                        7.1                      0.14084507042253522      5.292518637024984E-13    5.291675791895437E-13    0.25                     5.0E10                   2700                     4399.429061545611        2540.011552964021        2502.294445801098
1                        1                        1.14814                  1                        7.2                      0.1388888888888889       5.301334858969698E-13    5.298148851923681E-13    0.25                     5.0E10                   2700                     4399.429061545611        2540.011552964021        2502.294445801098
1                        1                        1.14814                  1                        7.3                      0.13698630136986303      5.30985397129253E-13     5.304466595998546E-13    0.25                     5.0E10                   2700                     4399.429061545611        2540.011552964021        2502.294445801098
1                        1                        1.14814                  1                        7.4                      0.13513513513513514      5.318078848029848E-13    5.310624357423048E-13    0.25                     5.0E10                   2700                     4399.429061545611        2540.011552964021        2502.294445801098
1                        1                        1.14814                  1                        7.5                      0.13333333333333333      5.326012901184764E-13    5.316618450281766E-13    0.25                     5.0E10                   2700                     4399.429061545611        2540.011552964021        2502.294445801098
1                        1                        1.14814                  1                        7.6                      0.13157894736842105      5.333664596329317E-13    5.322450510750453E-13    0.25                     5.0E10                   2700                     4399.429061545611        2540.011552964021        2502.294445801098
1                        1                        1.14814                  1                        7.7                      0.12987012987012989      5.341029324906186E-13    5.328109864667248E-13    0.25                     5.0E10                   2700                     4399.429061545611        2540.011552964021        2502.294445801098
1                        1                        1.14814                  1                        7.8                      0.12820512820512822      5.34811602576725E-13     5.33359937847021E-13     0.25                     5.0E10                   2700                     4399.429061545611        2540.011552964021        2502.294445801098
1                        1                        1.14814                  1                        7.9                      0.12658227848101267      5.354929638420637E-13    5.338918350369924E-13    0.25                     5.0E10                   2700                     4399.429061545611        2540.011552964021        2502.294445801098
1                        1                        1.14814                  1                        8                        0.125                    5.36147537066248E-13     5.344066647567942E-13    0.25                     5.0E10                   2700                     4399.429061545611        2540.011552964021        2502.294445801098
1                        1                        1.14814                  1                        8.1                      0.1234567901234568       5.367758663941259E-13    5.349044650932724E-13    0.25                     5.0E10                   2700                     4399.429061545611        2540.011552964021        2502.294445801098
1                        1                        1.14814                  1                        8.2                      0.12195121951219513      5.373785160581993E-13    5.353853204103645E-13    0.25                     5.0E10                   2700                     4399.429061545611        2540.011552964021        2502.294445801098
1                        1                        1.14814                  1                        8.3                      0.12048192771084336      5.379560674365404E-13    5.358493567299668E-13    0.25                     5.0E10                   2700                     4399.429061545611        2540.011552964021        2502.294445801098
1                        1                        1.14814                  1                        8.4                      0.11904761904761904      5.38509116250861E-13     5.362967374415989E-13    0.25                     5.0E10                   2700                     4399.429061545611        2540.011552964021        2502.294445801098
1                        1                        1.14814                  1                        8.5                      0.11764705882352941      5.39038269964373E-13     5.367276593272307E-13    0.25                     5.0E10                   2700                     4399.429061545611        2540.011552964021        2502.294445801098
1                        1                        1.14814                  1                        8.6                      0.11627906976744186      5.395441453175046E-13    5.37142348865152E-13     0.25                     5.0E10                   2700                     4399.429061545611        2540.011552964021        2502.294445801098
1                        1                        1.14814                  1                        8.7                      0.11494252873563218      5.400273660122315E-13    5.375410587749439E-13    0.25                     5.0E10                   2700                     4399.429061545611        2540.011552964021        2502.294445801098
1                        1                        1.14814                  1                        8.8                      0.11363636363636362      5.404885605215583E-13    5.379240647904157E-13    0.25                     5.0E10                   2700                     4399.429061545611        2540.011552964021        2502.294445801098
1                        1                        1.14814                  1                        8.9                      0.11235955056179775      5.409283600385122E-13    5.382916626504954E-13    0.25                     5.0E10                   2700                     4399.429061545611        2540.011552964021        2502.294445801098
1                        1                        1.14814                  1                        9                        0.11111111111111112      5.413473965852893E-13    5.386441653080006E-13    0.25                     5.0E10                   2700                     4399.429061545611        2540.011552964021        2502.294445801098
1                        1                        1.14814                  1                        9.1                      0.1098901098901099       5.417463011906893E-13    5.389819003037545E-13    0.25                     5.0E10                   2700                     4399.429061545611        2540.011552964021        2502.294445801098
1                        1                        1.14814                  1                        9.2                      0.10869565217391305      5.421257022477218E-13    5.393052073478351E-13    0.25                     5.0E10                   2700                     4399.429061545611        2540.011552964021        2502.294445801098
1                        1                        1.14814                  1                        9.3                      0.10752688172043011      5.424862240108447E-13    5.396144360887741E-13    0.25                     5.0E10                   2700                     4399.429061545611        2540.011552964021        2502.294445801098
1                        1                        1.14814                  1                        9.4                      0.10638297872340426      5.428284851591008E-13    5.399099440241984E-13    0.25                     5.0E10                   2700                     4399.429061545611        2540.011552964021        2502.294445801098
1                        1                        1.14814                  1                        9.5                      0.10526315789473685      5.431530975789678E-13    5.401920946181525E-13    0.25                     5.0E10                   2700                     4399.429061545611        2540.011552964021        2502.294445801098
1                        1                        1.14814                  1                        9.6                      0.10416666666666667      5.434606651617706E-13    5.404612555349402E-13    0.25                     5.0E10                   2700                     4399.429061545611        2540.011552964021        2502.294445801098
1                        1                        1.14814                  1                        9.700000000000001        0.1030927835051546       5.43751782808839E-13     5.407177970538783E-13    0.25                     5.0E10                   2700                     4399.429061545611        2540.011552964021        2502.294445801098
1                        1                        1.14814                  1                        9.8                      0.10204081632653059      5.440270355409218E-13    5.409620906365483E-13    0.25                     5.0E10                   2700                     4399.429061545611        2540.011552964021        2502.294445801098
1                        1                        1.14814                  1                        9.9                      0.101010101010101        5.442869976514202E-13    5.411945075882193E-13    0.25                     5.0E10                   2700                     4399.429061545611        2540.011552964021        2502.294445801098
1                        1                        1.14814                  1                        10                       0.1                      5.446218579941948E-13    5.414823873853472E-13    0.25                     5.0E10                   2700                     4399.429061545611        2540.011552964021        2502.294445801098
