1                        1                        0.69636                  1                        0.1                      10                       5.331493877404553E-13    5.331537558076539E-13    0.25                     5.0E10                   2700                     5649.068419738635        3261.491172806715        2502.294445801098
1                        1                        0.69636                  1                        0.2                      5                        5.334754422425572E-13    5.331464554806239E-13    0.25                     5.0E10                   2700                     5649.068419738635        3261.491172806715        2502.294445801098
1                        1                        0.69636                  1                        0.30000000000000004      3.3333333333333326       5.366406911722842E-13    5.363041140953761E-13    0.25                     5.0E10                   2700                     5649.068419738635        3261.491172806715        2502.294445801098
1                        1                        0.69636                  1                        0.4                      2.5                      5.329274451142645E-13    5.332601276149214E-13    0.25                     5.0E10                   2700                     5649.068419738635        3261.491172806715        2502.294445801098
1                        1                        0.69636                  1                        0.5                      2                        5.33377724936496E-13     5.336977163091276E-13    0.25                     5.0E10                   2700                     5649.068419738635        3261.491172806715        2502.294445801098
1                        1                        0.69636                  1                        0.6                      1.6666666666666667       5.366864350585411E-13    5.379553187633535E-13    0.25                     5.0E10                   2700                     5649.068419738635        3261.491172806715        2502.294445801098
1                        1                        0.69636                  1                        0.7000000000000001       1.4285714285714284       5.377171215992134E-13    5.407778058485243E-13    0.25                     5.0E10                   2700                     5649.068419738635        3261.491172806715        2502.294445801098
1                        1                        0.69636                  1                        0.8                      1.25                     5.320337767557794E-13    5.383535228936056E-13    0.25                     5.0E10                   2700                     5649.068419738635        3261.491172806715        2502.294445801098
1                        1                        0.69636                  1                        0.9                      1.1111111111111112       5.29116633028881E-13     5.42608540490794E-13     0.25                     5.0E10                   2700                     5649.068419738635        3261.491172806715        2502.294445801098
1                        1                        0.69636                  1                        1                        1                        5.321538401962103E-13    5.440215352105012E-13    0.25                     5.0E10                   2700                     5649.068419738635        3261.491172806715        2502.294445801098
1                        1                        0.69636                  1                        1.1                      0.909090909090909        5.364479372490839E-13    5.481935829017539E-13    0.25                     5.0E10                   2700                     5649.068419738635        3261.491172806715        2502.294445801098
1                        1                        0.69636                  1                        1.2000000000000002       0.8333333333333331       5.504587193030059E-13    5.557816882829834E-13    0.25                     5.0E10                   2700                     5649.068419738635        3261.491172806715        2502.294445801098
1                        1                        0.69636                  1                        1.3000000000000003       0.769230769230769        5.596059146869685E-13    5.542002755497804E-13    0.25                     5.0E10                   2700                     5649.068419738635        3261.491172806715        2502.294445801098
1                        1                        0.69636                  1                        1.4000000000000001       0.7142857142857142       5.666384913189076E-13    5.527049106460374E-13    0.25                     5.0E10                   2700                     5649.068419738635        3261.491172806715        2502.294445801098
1                        1                        0.69636                  1                        1.5000000000000002       0.6666666666666665       5.745706847619775E-13    5.543205942898105E-13    0.25                     5.0E10                   2700                     5649.068419738635        3261.491172806715        2502.294445801098
1                        1                        0.69636                  1                        1.6                      0.625                    5.836053025392999E-13    5.565753470741642E-13    0.25                     5.0E10                   2700                     5649.068419738635        3261.491172806715        2502.294445801098
1                        1                        0.69636                  1                        1.7000000000000002       0.588235294117647        6.000213618062828E-13    5.644848978785003E-13    0.25                     5.0E10                   2700                     5649.068419738635        3261.491172806715        2502.294445801098
1                        1                        0.69636                  1                        1.8000000000000003       0.5555555555555555       6.116097850893425E-13    5.672115585465028E-13    0.25                     5.0E10                   2700                     5649.068419738635        3261.491172806715        2502.294445801098
1                        1                        0.69636                  1                        1.9000000000000001       0.5263157894736842       6.155840080531735E-13    5.633652001634419E-13    0.25                     5.0E10                   2700                     5649.068419738635        3261.491172806715        2502.294445801098
1                        1                        0.69636                  1                        2                        0.5                      6.200227435507147E-13    5.611376456642171E-13    0.25                     5.0E10                   2700                     5649.068419738635        3261.491172806715        2502.294445801098
1                        1                        0.69636                  1                        2.1                      0.47619047619047616      6.283524257488483E-13    5.639338920177172E-13    0.25                     5.0E10                   2700                     5649.068419738635        3261.491172806715        2502.294445801098
1                        1                        0.69636                  1                        2.2                      0.4545454545454545       6.375587664773749E-13    5.69005799126567E-13     0.25                     5.0E10                   2700                     5649.068419738635        3261.491172806715        2502.294445801098
1                        1                        0.69636                  1                        2.3000000000000003       0.43478260869565216      6.431826144499324E-13    5.72145666354487E-13     0.25                     5.0E10                   2700                     5649.068419738635        3261.491172806715        2502.294445801098
1                        1                        0.69636                  1                        2.4000000000000004       0.4166666666666666       6.431934378717909E-13    5.712156981441976E-13    0.25                     5.0E10                   2700                     5649.068419738635        3261.491172806715        2502.294445801098
1                        1                        0.69636                  1                        2.5000000000000004       0.3999999999999999       6.383782390257178E-13    5.665086828285956E-13    0.25                     5.0E10                   2700                     5649.068419738635        3261.491172806715        2502.294445801098
1                        1                        0.69636                  1                        2.6                      0.3846153846153846       6.306060804231203E-13    5.595851219767933E-13    0.25                     5.0E10                   2700                     5649.068419738635        3261.491172806715        2502.294445801098
1                        1                        0.69636                  1                        2.7                      0.37037037037037035      6.218230914690862E-13    5.519470826411776E-13    0.25                     5.0E10                   2700                     5649.068419738635        3261.491172806715        2502.294445801098
1                        1                        0.69636                  1                        2.8000000000000003       0.3571428571428571       6.1332989284144E-13      5.446786694621876E-13    0.25                     5.0E10                   2700                     5649.068419738635        3261.491172806715        2502.294445801098
1                        1                        0.69636                  1                        2.9000000000000004       0.3448275862068965       6.058690924502006E-13    5.38419926457243E-13     0.25                     5.0E10                   2700                     5649.068419738635        3261.491172806715        2502.294445801098
1                        1                        0.69636                  1                        3.0000000000000004       0.33333333333333326      5.998122473270718E-13    5.3350879180692E-13      0.25                     5.0E10                   2700                     5649.068419738635        3261.491172806715        2502.294445801098
1                        1                        0.69636                  1                        3.1                      0.32258064516129037      5.953147357133753E-13    5.301035546891936E-13    0.25                     5.0E10                   2700                     5649.068419738635        3261.491172806715        2502.294445801098
1                        1                        0.69636                  1                        3.2                      0.3125                   5.924038241011413E-13    5.282532345514392E-13    0.25                     5.0E10                   2700                     5649.068419738635        3261.491172806715        2502.294445801098
1                        1                        0.69636                  1                        3.3000000000000003       0.30303030303030304      5.910200227450948E-13    5.279299674206769E-13    0.25                     5.0E10                   2700                     5649.068419738635        3261.491172806715        2502.294445801098
1                        1                        0.69636                  1                        3.4000000000000004       0.2941176470588235       5.912194723006126E-13    5.292254984223764E-13    0.25                     5.0E10                   2700                     5649.068419738635        3261.491172806715        2502.294445801098
1                        1                        0.69636                  1                        3.5000000000000004       0.2857142857142857       5.924532823244186E-13    5.316334941111178E-13    0.25                     5.0E10                   2700                     5649.068419738635        3261.491172806715        2502.294445801098
1                        1                        0.69636                  1                        3.6                      0.2777777777777778       5.946814289407908E-13    5.351486803151021E-13    0.25                     5.0E10                   2700                     5649.068419738635        3261.491172806715        2502.294445801098
1                        1                        0.69636                  1                        3.7                      0.2702702702702703       5.976533975741173E-13    5.39554166681834E-13     0.25                     5.0E10                   2700                     5649.068419738635        3261.491172806715        2502.294445801098
1                        1                        0.69636                  1                        3.8000000000000003       0.2631578947368421       6.011051592532347E-13    5.446132224348161E-13    0.25                     5.0E10                   2700                     5649.068419738635        3261.491172806715        2502.294445801098
1                        1                        0.69636                  1                        3.9000000000000004       0.2564102564102564       6.047735902718188E-13    5.500817802808176E-13    0.25                     5.0E10                   2700                     5649.068419738635        3261.491172806715        2502.294445801098
1                        1                        0.69636                  1                        4                        0.25                     6.084098094617086E-13    5.557203775980736E-13    0.25                     5.0E10                   2700                     5649.068419738635        3261.491172806715        2502.294445801098
1                        1                        0.69636                  1                        4.1                      0.24390243902439027      6.117906257353921E-13    5.613051548742589E-13    0.25                     5.0E10                   2700                     5649.068419738635        3261.491172806715        2502.294445801098
1                        1                        0.69636                  1                        4.2                      0.23809523809523808      6.147274083813521E-13    5.666370173621519E-13    0.25                     5.0E10                   2700                     5649.068419738635        3261.491172806715        2502.294445801098
1                        1                        0.69636                  1                        4.3                      0.23255813953488372      6.17071937711396E-13     5.715485235686959E-13    0.25                     5.0E10                   2700                     5649.068419738635        3261.491172806715        2502.294445801098
1                        1                        0.69636                  1                        4.3999999999999995       0.22727272727272732      6.187190678531748E-13    5.759081645698917E-13    0.25                     5.0E10                   2700                     5649.068419738635        3261.491172806715        2502.294445801098
1                        1                        0.69636                  1                        4.5                      0.22222222222222224      6.196063382875735E-13    5.796219630764553E-13    0.25                     5.0E10                   2700                     5649.068419738635        3261.491172806715        2502.294445801098
1                        1                        0.69636                  1                        4.6                      0.2173913043478261       6.197110714041316E-13    5.826326592968917E-13    0.25                     5.0E10                   2700                     5649.068419738635        3261.491172806715        2502.294445801098
1                        1                        0.69636                  1                        4.7                      0.2127659574468085       6.190448858737633E-13    5.849164654289652E-13    0.25                     5.0E10                   2700                     5649.068419738635        3261.491172806715        2502.294445801098
1                        1                        0.69636                  1                        4.8                      0.20833333333333334      6.176480500272586E-13    5.864789782940981E-13    0.25                     5.0E10                   2700                     5649.068419738635        3261.491172806715        2502.294445801098
1                        1                        0.69636                  1                        4.9                      0.20408163265306117      6.155822154512564E-13    5.873495680039391E-13    0.25                     5.0E10                   2700                     5649.068419738635        3261.491172806715        2502.294445801098
1                        1                        0.69636                  1                        5                        0.2                      6.130231224346186E-13    5.876690999963955E-13    0.25                     5.0E10                   2700                     5649.068419738635        3261.491172806715        2502.294445801098
1                        1                        0.69636                  1                        5.1                      0.19607843137254904      6.098301596895167E-13    5.872852735100635E-13    0.25                     5.0E10                   2700                     5649.068419738635        3261.491172806715        2502.294445801098
1                        1                        0.69636                  1                        5.2                      0.1923076923076923       6.062217531639399E-13    5.863887418666448E-13    0.25                     5.0E10                   2700                     5649.068419738635        3261.491172806715        2502.294445801098
1                        1                        0.69636                  1                        5.3                      0.18867924528301888      6.022846175835186E-13    5.850503330291378E-13    0.25                     5.0E10                   2700                     5649.068419738635        3261.491172806715        2502.294445801098
1                        1                        0.69636                  1                        5.4                      0.18518518518518517      5.981012281759557E-13    5.833407882869089E-13    0.25                     5.0E10                   2700                     5649.068419738635        3261.491172806715        2502.294445801098
1                        1                        0.69636                  1                        5.5                      0.18181818181818182      5.937476444281436E-13    5.813282136338734E-13    0.25                     5.0E10                   2700                     5649.068419738635        3261.491172806715        2502.294445801098
1                        1                        0.69636                  1                        5.6                      0.17857142857142858      5.892921805085699E-13    5.790762895804536E-13    0.25                     5.0E10                   2700                     5649.068419738635        3261.491172806715        2502.294445801098
1                        1                        0.69636                  1                        5.7                      0.17543859649122806      5.847949706243742E-13    5.766433590414459E-13    0.25                     5.0E10                   2700                     5649.068419738635        3261.491172806715        2502.294445801098
1                        1                        0.69636                  1                        5.8                      0.1724137931034483       5.803070455067175E-13    5.740809328063909E-13    0.25                     5.0E10                   2700                     5649.068419738635        3261.491172806715        2502.294445801098
1                        1                        0.69636                  1                        5.9                      0.1694915254237288       5.758718104154544E-13    5.714348084791145E-13    0.25                     5.0E10                   2700                     5649.068419738635        3261.491172806715        2502.294445801098
1                        1                        0.69636                  1                        6                        0.16666666666666666      5.715247781502354E-13    5.687443133809061E-13    0.25                     5.0E10                   2700                     5649.068419738635        3261.491172806715        2502.294445801098
1                        1                        0.69636                  1                        6.1                      0.16393442622950818      5.672944498742807E-13    5.660428315296622E-13    0.25                     5.0E10                   2700                     5649.068419738635        3261.491172806715        2502.294445801098
1                        1                        0.69636                  1                        6.2                      0.16129032258064518      5.632030754366202E-13    5.633582492382123E-13    0.25                     5.0E10                   2700                     5649.068419738635        3261.491172806715        2502.294445801098
1                        1                        0.69636                  1                        6.3                      0.15873015873015872      5.592674326474497E-13    5.60713472994039E-13     0.25                     5.0E10                   2700                     5649.068419738635        3261.491172806715        2502.294445801098
1                        1                        0.69636                  1                        6.4                      0.15625                  5.554995859459608E-13    5.581269758081825E-13    0.25                     5.0E10                   2700                     5649.068419738635        3261.491172806715        2502.294445801098
1                        1                        0.69636                  1                        6.5                      0.15384615384615383      5.519075987076711E-13    5.556133408868829E-13    0.25                     5.0E10                   2700                     5649.068419738635        3261.491172806715        2502.294445801098
1                        1                        0.69636                  1                        6.6                      0.15151515151515152      5.484961842823576E-13    5.531837817835593E-13    0.25                     5.0E10                   2700                     5649.068419738635        3261.491172806715        2502.294445801098
1                        1                        0.69636                  1                        6.7                      0.1492537313432836       5.452672887929422E-13    5.508466261428189E-13    0.25                     5.0E10                   2700                     5649.068419738635        3261.491172806715        2502.294445801098
1                        1                        0.69636                  1                        6.8                      0.14705882352941177      5.422206040648988E-13    5.486077559489658E-13    0.25                     5.0E10                   2700                     5649.068419738635        3261.491172806715        2502.294445801098
1                        1                        0.69636                  1                        6.9                      0.14492753623188404      5.393540128065204E-13    5.464710014779152E-13    0.25                     5.0E10                   2700                     5649.068419738635        3261.491172806715        2502.294445801098
1                        1                        0.69636                  1                        7                        0.14285714285714285      5.366639704512983E-13    5.444384890298524E-13    0.25                     5.0E10                   2700                     5649.068419738635        3261.491172806715        2502.294445801098
1                        1                        0.69636                  1                        7.1                      0.14084507042253522      5.341458292135766E-13    5.425109443907905E-13    0.25                     5.0E10                   2700                     5649.068419738635        3261.491172806715        2502.294445801098
1                        1                        0.69636                  1                        7.2                      0.1388888888888889       5.317941105309704E-13    5.406879551097429E-13    0.25                     5.0E10                   2700                     5649.068419738635        3261.491172806715        2502.294445801098
1                        1                        0.69636                  1                        7.3                      0.13698630136986303      5.296027320693076E-13    5.389681952941188E-13    0.25                     5.0E10                   2700                     5649.068419738635        3261.491172806715        2502.294445801098
1                        1                        0.69636                  1                        7.4                      0.13513513513513514      5.275651952971217E-13    5.373496168559287E-13    0.25                     5.0E10                   2700                     5649.068419738635        3261.491172806715        2502.294445801098
1                        1                        0.69636                  1                        7.5                      0.13333333333333333      5.256747390623023E-13    5.358296110735599E-13    0.25                     5.0E10                   2700                     5649.068419738635        3261.491172806715        2502.294445801098
1                        1                        0.69636                  1                        7.6                      0.13157894736842105      5.239250362048961E-13    5.344057428042501E-13    0.25                     5.0E10                   2700                     5649.068419738635        3261.491172806715        2502.294445801098
1                        1                        0.69636                  1                        7.7                      0.12987012987012989      5.22308033785709E-13     5.33073496741978E-13     0.25                     5.0E10                   2700                     5649.068419738635        3261.491172806715        2502.294445801098
1                        1                        0.69636                  1                        7.8                      0.12820512820512822      5.208173811515628E-13    5.318298807368995E-13    0.25                     5.0E10                   2700                     5649.068419738635        3261.491172806715        2502.294445801098
1                        1                        0.69636                  1                        7.9                      0.12658227848101267      5.194462875583846E-13    5.306711903397664E-13    0.25                     5.0E10                   2700                     5649.068419738635        3261.491172806715        2502.294445801098
1                        1                        0.69636                  1                        8                        0.125                    5.181881146573738E-13    5.295936434189654E-13    0.25                     5.0E10                   2700                     5649.068419738635        3261.491172806715        2502.294445801098
1                        1                        0.69636                  1                        8.1                      0.1234567901234568       5.170364128924819E-13    5.285934314054372E-13    0.25                     5.0E10                   2700                     5649.068419738635        3261.491172806715        2502.294445801098
1                        1                        0.69636                  1                        8.2                      0.12195121951219513      5.159849481033575E-13    5.276667604198394E-13    0.25                     5.0E10                   2700                     5649.068419738635        3261.491172806715        2502.294445801098
1                        1                        0.69636                  1                        8.3                      0.12048192771084336      5.150277202973159E-13    5.268098840049696E-13    0.25                     5.0E10                   2700                     5649.068419738635        3261.491172806715        2502.294445801098
1                        1                        0.69636                  1                        8.4                      0.11904761904761904      5.141589759440273E-13    5.260191287707916E-13    0.25                     5.0E10                   2700                     5649.068419738635        3261.491172806715        2502.294445801098
1                        1                        0.69636                  1                        8.5                      0.11764705882352941      5.133732151178955E-13    5.252909141680695E-13    0.25                     5.0E10                   2700                     5649.068419738635        3261.491172806715        2502.294445801098
1                        1                        0.69636                  1                        8.6                      0.11627906976744186      5.1266519448329E-13      5.246217673866739E-13    0.25                     5.0E10                   2700                     5649.068419738635        3261.491172806715        2502.294445801098
1                        1                        0.69636                  1                        8.7                      0.11494252873563218      5.120299269982272E-13    5.240083342188927E-13    0.25                     5.0E10                   2700                     5649.068419738635        3261.491172806715        2502.294445801098
1                        1                        0.69636                  1                        8.8                      0.11363636363636362      5.114626790306462E-13    5.234473866052029E-13    0.25                     5.0E10                   2700                     5649.068419738635        3261.491172806715        2502.294445801098
1                        1                        0.69636                  1                        8.9                      0.11235955056179775      5.109589654902707E-13    5.229358274752965E-13    0.25                     5.0E10                   2700                     5649.068419738635        3261.491172806715        2502.294445801098
1                        1                        0.69636                  1                        9                        0.11111111111111112      5.105145434739182E-13    5.22470693398526E-13     0.25                     5.0E10                   2700                     5649.068419738635        3261.491172806715        2502.294445801098
1                        1                        0.69636                  1                        9.1                      0.1098901098901099       5.101254047298374E-13    5.220491554259857E-13    0.25                     5.0E10                   2700                     5649.068419738635        3261.491172806715        2502.294445801098
1                        1                        0.69636                  1                        9.2                      0.10869565217391305      5.097877673657488E-13    5.216685185273379E-13    0.25                     5.0E10                   2700                     5649.068419738635        3261.491172806715        2502.294445801098
1                        1                        0.69636                  1                        9.3                      0.10752688172043011      5.09498067022609E-13     5.213262199075925E-13    0.25                     5.0E10                   2700                     5649.068419738635        3261.491172806715        2502.294445801098
1                        1                        0.69636                  1                        9.4                      0.10638297872340426      5.092529476529343E-13    5.210198264090677E-13    0.25                     5.0E10                   2700                     5649.068419738635        3261.491172806715        2502.294445801098
1                        1                        0.69636                  1                        9.5                      0.10526315789473685      5.090492522226361E-13    5.207470312775158E-13    0.25                     5.0E10                   2700                     5649.068419738635        3261.491172806715        2502.294445801098
1                        1                        0.69636                  1                        9.6                      0.10416666666666667      5.088840132596022E-13    5.205056503659246E-13    0.25                     5.0E10                   2700                     5649.068419738635        3261.491172806715        2502.294445801098
1                        1                        0.69636                  1                        9.700000000000001        0.1030927835051546       5.087544435724771E-13    5.202936180091489E-13    0.25                     5.0E10                   2700                     5649.068419738635        3261.491172806715        2502.294445801098
1                        1                        0.69636                  1                        9.8                      0.10204081632653059      5.086579270887487E-13    5.201089826343965E-13    0.25                     5.0E10                   2700                     5649.068419738635        3261.491172806715        2502.294445801098
1                        1                        0.69636                  1                        9.9                      0.101010101010101        5.08592009848105E-13     5.199499021713787E-13    0.25                     5.0E10                   2700                     5649.068419738635        3261.491172806715        2502.294445801098
1                        1                        0.69636                  1                        10                       0.1                      5.085883325736702E-13    5.198190040870679E-13    0.25                     5.0E10                   2700                     5649.068419738635        3261.491172806715        2502.294445801098
