1                        1                        1.52183                  1                        0.1                      10                       5.331338634867727E-13    5.331365825730769E-13    0.25                     5.0E10                   2700                     3821.295936865247        2206.2262378023734       2502.294445801098
1                        1                        1.52183                  1                        0.2                      5                        5.334777032270506E-13    5.331448321346639E-13    0.25                     5.0E10                   2700                     3821.295936865247        2206.2262378023734       2502.294445801098
1                        1                        1.52183                  1                        0.30000000000000004      3.3333333333333326       5.36648960938226E-13     5.363014623059956E-13    0.25                     5.0E10                   2700                     3821.295936865247        2206.2262378023734       2502.294445801098
1                        1                        1.52183                  1                        0.4                      2.5                      5.329277514076088E-13    5.331980187131638E-13    0.25                     5.0E10                   2700                     3821.295936865247        2206.2262378023734       2502.294445801098
1                        1                        1.52183                  1                        0.5                      2                        5.326602174592266E-13    5.329344984814517E-13    0.25                     5.0E10                   2700                     3821.295936865247        2206.2262378023734       2502.294445801098
1                        1                        1.52183                  1                        0.6                      1.6666666666666667       5.370958246974393E-13    5.353123812425117E-13    0.25                     5.0E10                   2700                     3821.295936865247        2206.2262378023734       2502.294445801098
1                        1                        1.52183                  1                        0.7000000000000001       1.4285714285714284       5.37928671982245E-13     5.342848070820754E-13    0.25                     5.0E10                   2700                     3821.295936865247        2206.2262378023734       2502.294445801098
1                        1                        1.52183                  1                        0.8                      1.25                     5.372809352172011E-13    5.276908179743778E-13    0.25                     5.0E10                   2700                     3821.295936865247        2206.2262378023734       2502.294445801098
1                        1                        1.52183                  1                        0.9                      1.1111111111111112       5.352097300819765E-13    5.219802657008785E-13    0.25                     5.0E10                   2700                     3821.295936865247        2206.2262378023734       2502.294445801098
1                        1                        1.52183                  1                        1                        1                        5.416437395055802E-13    5.189888891651258E-13    0.25                     5.0E10                   2700                     3821.295936865247        2206.2262378023734       2502.294445801098
1                        1                        1.52183                  1                        1.1                      0.909090909090909        5.410535706453949E-13    5.158173783705684E-13    0.25                     5.0E10                   2700                     3821.295936865247        2206.2262378023734       2502.294445801098
1                        1                        1.52183                  1                        1.2000000000000002       0.8333333333333331       5.413640039683024E-13    5.127738512235906E-13    0.25                     5.0E10                   2700                     3821.295936865247        2206.2262378023734       2502.294445801098
1                        1                        1.52183                  1                        1.3000000000000003       0.769230769230769        5.267029997600331E-13    4.961371067772783E-13    0.25                     5.0E10                   2700                     3821.295936865247        2206.2262378023734       2502.294445801098
1                        1                        1.52183                  1                        1.4000000000000001       0.7142857142857142       5.288186223107933E-13    4.985316401089056E-13    0.25                     5.0E10                   2700                     3821.295936865247        2206.2262378023734       2502.294445801098
1                        1                        1.52183                  1                        1.5000000000000002       0.6666666666666665       5.332000339066932E-13    5.096571802181203E-13    0.25                     5.0E10                   2700                     3821.295936865247        2206.2262378023734       2502.294445801098
1                        1                        1.52183                  1                        1.6                      0.625                    5.061227604611271E-13    4.952186413699636E-13    0.25                     5.0E10                   2700                     3821.295936865247        2206.2262378023734       2502.294445801098
1                        1                        1.52183                  1                        1.7000000000000002       0.588235294117647        4.75396242564915E-13     4.767825124095763E-13    0.25                     5.0E10                   2700                     3821.295936865247        2206.2262378023734       2502.294445801098
1                        1                        1.52183                  1                        1.8000000000000003       0.5555555555555555       4.577763950757646E-13    4.704199944042469E-13    0.25                     5.0E10                   2700                     3821.295936865247        2206.2262378023734       2502.294445801098
1                        1                        1.52183                  1                        1.9000000000000001       0.5263157894736842       4.5011185454415804E-13   4.757614124670758E-13    0.25                     5.0E10                   2700                     3821.295936865247        2206.2262378023734       2502.294445801098
1                        1                        1.52183                  1                        2                        0.5                      4.422668554396452E-13    4.843944260140315E-13    0.25                     5.0E10                   2700                     3821.295936865247        2206.2262378023734       2502.294445801098
1                        1                        1.52183                  1                        2.1                      0.47619047619047616      4.266052748577191E-13    4.871992726841953E-13    0.25                     5.0E10                   2700                     3821.295936865247        2206.2262378023734       2502.294445801098
1                        1                        1.52183                  1                        2.2                      0.4545454545454545       4.0454391420738863E-13   4.82452696899632E-13     0.25                     5.0E10                   2700                     3821.295936865247        2206.2262378023734       2502.294445801098
1                        1                        1.52183                  1                        2.3000000000000003       0.43478260869565216      3.8294324786652136E-13   4.748898197212249E-13    0.25                     5.0E10                   2700                     3821.295936865247        2206.2262378023734       2502.294445801098
1                        1                        1.52183                  1                        2.4000000000000004       0.4166666666666666       3.6755657305863466E-13   4.699910029883314E-13    0.25                     5.0E10                   2700                     3821.295936865247        2206.2262378023734       2502.294445801098
1                        1                        1.52183                  1                        2.5000000000000004       0.3999999999999999       3.6068535598979257E-13   4.70736805387527E-13     0.25                     5.0E10                   2700                     3821.295936865247        2206.2262378023734       2502.294445801098
1                        1                        1.52183                  1                        2.6                      0.3846153846153846       3.618101786209705E-13    4.775027871009249E-13    0.25                     5.0E10                   2700                     3821.295936865247        2206.2262378023734       2502.294445801098
1                        1                        1.52183                  1                        2.7                      0.37037037037037035      3.693446670855727E-13    4.892201584419999E-13    0.25                     5.0E10                   2700                     3821.295936865247        2206.2262378023734       2502.294445801098
1                        1                        1.52183                  1                        2.8000000000000003       0.3571428571428571       3.811960648187937E-13    5.040462532885632E-13    0.25                     5.0E10                   2700                     3821.295936865247        2206.2262378023734       2502.294445801098
1                        1                        1.52183                  1                        2.9000000000000004       0.3448275862068965       3.9518050369244784E-13   5.198243036777326E-13    0.25                     5.0E10                   2700                     3821.295936865247        2206.2262378023734       2502.294445801098
1                        1                        1.52183                  1                        3.0000000000000004       0.33333333333333326      4.0925797278430046E-13   5.344354528449015E-13    0.25                     5.0E10                   2700                     3821.295936865247        2206.2262378023734       2502.294445801098
1                        1                        1.52183                  1                        3.1                      0.32258064516129037      4.2175359542230777E-13   5.461317184185464E-13    0.25                     5.0E10                   2700                     3821.295936865247        2206.2262378023734       2502.294445801098
1                        1                        1.52183                  1                        3.2                      0.3125                   4.3154389774129143E-13   5.538000617705695E-13    0.25                     5.0E10                   2700                     3821.295936865247        2206.2262378023734       2502.294445801098
1                        1                        1.52183                  1                        3.3000000000000003       0.30303030303030304      4.3813476853838843E-13   5.570685517475226E-13    0.25                     5.0E10                   2700                     3821.295936865247        2206.2262378023734       2502.294445801098
1                        1                        1.52183                  1                        3.4000000000000004       0.2941176470588235       4.415958383119002E-13    5.5623077041736E-13      0.25                     5.0E10                   2700                     3821.295936865247        2206.2262378023734       2502.294445801098
1                        1                        1.52183                  1                        3.5000000000000004       0.2857142857142857       4.423750401018088E-13    5.519748427385673E-13    0.25                     5.0E10                   2700                     3821.295936865247        2206.2262378023734       2502.294445801098
1                        1                        1.52183                  1                        3.6                      0.2777777777777778       4.411773930218084E-13    5.452884091434665E-13    0.25                     5.0E10                   2700                     3821.295936865247        2206.2262378023734       2502.294445801098
1                        1                        1.52183                  1                        3.7                      0.2702702702702703       4.386987318491929E-13    5.370972584928228E-13    0.25                     5.0E10                   2700                     3821.295936865247        2206.2262378023734       2502.294445801098
1                        1                        1.52183                  1                        3.8000000000000003       0.2631578947368421       4.3555598357735754E-13   5.281986092496039E-13    0.25                     5.0E10                   2700                     3821.295936865247        2206.2262378023734       2502.294445801098
1                        1                        1.52183                  1                        3.9000000000000004       0.2564102564102564       4.322390058239394E-13    5.192112812892526E-13    0.25                     5.0E10                   2700                     3821.295936865247        2206.2262378023734       2502.294445801098
1                        1                        1.52183                  1                        4                        0.25                     4.2910407917514324E-13   5.105757920036209E-13    0.25                     5.0E10                   2700                     3821.295936865247        2206.2262378023734       2502.294445801098
1                        1                        1.52183                  1                        4.1                      0.24390243902439027      4.2638932816862356E-13   5.025795788335153E-13    0.25                     5.0E10                   2700                     3821.295936865247        2206.2262378023734       2502.294445801098
1                        1                        1.52183                  1                        4.2                      0.23809523809523808      4.242387096782722E-13    4.95390736800343E-13     0.25                     5.0E10                   2700                     3821.295936865247        2206.2262378023734       2502.294445801098
1                        1                        1.52183                  1                        4.3                      0.23255813953488372      4.2272621051901774E-13   4.890904264651711E-13    0.25                     5.0E10                   2700                     3821.295936865247        2206.2262378023734       2502.294445801098
1                        1                        1.52183                  1                        4.3999999999999995       0.22727272727272732      4.21876591630675E-13     4.836998894615615E-13    0.25                     5.0E10                   2700                     3821.295936865247        2206.2262378023734       2502.294445801098
1                        1                        1.52183                  1                        4.5                      0.22222222222222224      4.2168162699448483E-13   4.792011682213224E-13    0.25                     5.0E10                   2700                     3821.295936865247        2206.2262378023734       2502.294445801098
1                        1                        1.52183                  1                        4.6                      0.2173913043478261       4.221121840704374E-13    4.755522140853514E-13    0.25                     5.0E10                   2700                     3821.295936865247        2206.2262378023734       2502.294445801098
1                        1                        1.52183                  1                        4.7                      0.2127659574468085       4.231263460113269E-13    4.726970256608397E-13    0.25                     5.0E10                   2700                     3821.295936865247        2206.2262378023734       2502.294445801098
1                        1                        1.52183                  1                        4.8                      0.20833333333333334      4.24675757202739E-13     4.705731275810853E-13    0.25                     5.0E10                   2700                     3821.295936865247        2206.2262378023734       2502.294445801098
1                        1                        1.52183                  1                        4.9                      0.20408163265306117      4.267091338242751E-13    4.691158322495313E-13    0.25                     5.0E10                   2700                     3821.295936865247        2206.2262378023734       2502.294445801098
1                        1                        1.52183                  1                        5                        0.2                      4.29234058731305E-13     4.683161846529426E-13    0.25                     5.0E10                   2700                     3821.295936865247        2206.2262378023734       2502.294445801098
1                        1                        1.52183                  1                        5.1                      0.19607843137254904      4.3209323172685026E-13   4.680155686708724E-13    0.25                     5.0E10                   2700                     3821.295936865247        2206.2262378023734       2502.294445801098
1                        1                        1.52183                  1                        5.2                      0.1923076923076923       4.352842389217476E-13    4.681956547255433E-13    0.25                     5.0E10                   2700                     3821.295936865247        2206.2262378023734       2502.294445801098
1                        1                        1.52183                  1                        5.3                      0.18867924528301888      4.3876151556766837E-13   4.688022360617562E-13    0.25                     5.0E10                   2700                     3821.295936865247        2206.2262378023734       2502.294445801098
1                        1                        1.52183                  1                        5.4                      0.18518518518518517      4.424823478038831E-13    4.697849974019183E-13    0.25                     5.0E10                   2700                     3821.295936865247        2206.2262378023734       2502.294445801098
1                        1                        1.52183                  1                        5.5                      0.18181818181818182      4.4640694758848813E-13   4.710974732380244E-13    0.25                     5.0E10                   2700                     3821.295936865247        2206.2262378023734       2502.294445801098
1                        1                        1.52183                  1                        5.6                      0.17857142857142858      4.504984290000872E-13    4.726969027792772E-13    0.25                     5.0E10                   2700                     3821.295936865247        2206.2262378023734       2502.294445801098
1                        1                        1.52183                  1                        5.7                      0.17543859649122806      4.547228387557071E-13    4.745441558687416E-13    0.25                     5.0E10                   2700                     3821.295936865247        2206.2262378023734       2502.294445801098
1                        1                        1.52183                  1                        5.8                      0.1724137931034483       4.590486039859283E-13    4.766030192164531E-13    0.25                     5.0E10                   2700                     3821.295936865247        2206.2262378023734       2502.294445801098
1                        1                        1.52183                  1                        5.9                      0.1694915254237288       4.634470722961289E-13    4.788407119133123E-13    0.25                     5.0E10                   2700                     3821.295936865247        2206.2262378023734       2502.294445801098
1                        1                        1.52183                  1                        6                        0.16666666666666666      4.678919419861764E-13    4.812271798688085E-13    0.25                     5.0E10                   2700                     3821.295936865247        2206.2262378023734       2502.294445801098
1                        1                        1.52183                  1                        6.1                      0.16393442622950818      4.723592472098602E-13    4.83735015694068E-13     0.25                     5.0E10                   2700                     3821.295936865247        2206.2262378023734       2502.294445801098
1                        1                        1.52183                  1                        6.2                      0.16129032258064518      4.768272364228162E-13    4.863392715115169E-13    0.25                     5.0E10                   2700                     3821.295936865247        2206.2262378023734       2502.294445801098
1                        1                        1.52183                  1                        6.3                      0.15873015873015872      4.812762556291826E-13    4.89017286892137E-13     0.25                     5.0E10                   2700                     3821.295936865247        2206.2262378023734       2502.294445801098
1                        1                        1.52183                  1                        6.4                      0.15625                  4.856886365176807E-13    4.91748531044664E-13     0.25                     5.0E10                   2700                     3821.295936865247        2206.2262378023734       2502.294445801098
1                        1                        1.52183                  1                        6.5                      0.15384615384615383      4.900485888905211E-13    4.945144577830355E-13    0.25                     5.0E10                   2700                     3821.295936865247        2206.2262378023734       2502.294445801098
1                        1                        1.52183                  1                        6.6                      0.15151515151515152      4.943420966949328E-13    4.972983716377274E-13    0.25                     5.0E10                   2700                     3821.295936865247        2206.2262378023734       2502.294445801098
1                        1                        1.52183                  1                        6.7                      0.1492537313432836       4.985568170553622E-13    5.000853035607123E-13    0.25                     5.0E10                   2700                     3821.295936865247        2206.2262378023734       2502.294445801098
1                        1                        1.52183                  1                        6.8                      0.14705882352941177      5.026819816627191E-13    5.028618947384815E-13    0.25                     5.0E10                   2700                     3821.295936865247        2206.2262378023734       2502.294445801098
1                        1                        1.52183                  1                        6.9                      0.14492753623188404      5.067083001246025E-13    5.056162873024633E-13    0.25                     5.0E10                   2700                     3821.295936865247        2206.2262378023734       2502.294445801098
1                        1                        1.52183                  1                        7                        0.14285714285714285      5.106278650536064E-13    5.083380209295252E-13    0.25                     5.0E10                   2700                     3821.295936865247        2206.2262378023734       2502.294445801098
1                        1                        1.52183                  1                        7.1                      0.14084507042253522      5.14434058766843E-13     5.110179345472077E-13    0.25                     5.0E10                   2700                     3821.295936865247        2206.2262378023734       2502.294445801098
1                        1                        1.52183                  1                        7.2                      0.1388888888888889       5.181214616332201E-13    5.136480725332806E-13    0.25                     5.0E10                   2700                     3821.295936865247        2206.2262378023734       2502.294445801098
1                        1                        1.52183                  1                        7.3                      0.13698630136986303      5.216857622056337E-13    5.162215950060434E-13    0.25                     5.0E10                   2700                     3821.295936865247        2206.2262378023734       2502.294445801098
1                        1                        1.52183                  1                        7.4                      0.13513513513513514      5.251236694010314E-13    5.187326919301371E-13    0.25                     5.0E10                   2700                     3821.295936865247        2206.2262378023734       2502.294445801098
1                        1                        1.52183                  1                        7.5                      0.13333333333333333      5.284328269085518E-13    5.211765008375573E-13    0.25                     5.0E10                   2700                     3821.295936865247        2206.2262378023734       2502.294445801098
1                        1                        1.52183                  1                        7.6                      0.13157894736842105      5.316120735157636E-13    5.235493328770319E-13    0.25                     5.0E10                   2700                     3821.295936865247        2206.2262378023734       2502.294445801098
1                        1                        1.52183                  1                        7.7                      0.12987012987012989      5.346600173980673E-13    5.258474006701848E-13    0.25                     5.0E10                   2700                     3821.295936865247        2206.2262378023734       2502.294445801098
1                        1                        1.52183                  1                        7.8                      0.12820512820512822      5.375769374398978E-13    5.280685101760889E-13    0.25                     5.0E10                   2700                     3821.295936865247        2206.2262378023734       2502.294445801098
1                        1                        1.52183                  1                        7.9                      0.12658227848101267      5.403634167808357E-13    5.302108373889044E-13    0.25                     5.0E10                   2700                     3821.295936865247        2206.2262378023734       2502.294445801098
1                        1                        1.52183                  1                        8                        0.125                    5.430205898877813E-13    5.322731477127112E-13    0.25                     5.0E10                   2700                     3821.295936865247        2206.2262378023734       2502.294445801098
1                        1                        1.52183                  1                        8.1                      0.1234567901234568       5.455500765575216E-13    5.342547351118603E-13    0.25                     5.0E10                   2700                     3821.295936865247        2206.2262378023734       2502.294445801098
1                        1                        1.52183                  1                        8.2                      0.12195121951219513      5.479539197413629E-13    5.361553648302543E-13    0.25                     5.0E10                   2700                     3821.295936865247        2206.2262378023734       2502.294445801098
1                        1                        1.52183                  1                        8.3                      0.12048192771084336      5.502345275022594E-13    5.379752197913387E-13    0.25                     5.0E10                   2700                     3821.295936865247        2206.2262378023734       2502.294445801098
1                        1                        1.52183                  1                        8.4                      0.11904761904761904      5.523946189785234E-13    5.397148505745345E-13    0.25                     5.0E10                   2700                     3821.295936865247        2206.2262378023734       2502.294445801098
1                        1                        1.52183                  1                        8.5                      0.11764705882352941      5.544371744292507E-13    5.413751289519607E-13    0.25                     5.0E10                   2700                     3821.295936865247        2206.2262378023734       2502.294445801098
1                        1                        1.52183                  1                        8.6                      0.11627906976744186      5.563653892847271E-13    5.429572049230861E-13    0.25                     5.0E10                   2700                     3821.295936865247        2206.2262378023734       2502.294445801098
1                        1                        1.52183                  1                        8.7                      0.11494252873563218      5.581826321074118E-13    5.444624671260708E-13    0.25                     5.0E10                   2700                     3821.295936865247        2206.2262378023734       2502.294445801098
1                        1                        1.52183                  1                        8.8                      0.11363636363636362      5.598924063649639E-13    5.458925065465452E-13    0.25                     5.0E10                   2700                     3821.295936865247        2206.2262378023734       2502.294445801098
1                        1                        1.52183                  1                        8.9                      0.11235955056179775      5.614983158574478E-13    5.472490833802364E-13    0.25                     5.0E10                   2700                     3821.295936865247        2206.2262378023734       2502.294445801098
1                        1                        1.52183                  1                        9                        0.11111111111111112      5.630040336788077E-13    5.485340969362792E-13    0.25                     5.0E10                   2700                     3821.295936865247        2206.2262378023734       2502.294445801098
1                        1                        1.52183                  1                        9.1                      0.1098901098901099       5.64413274427799E-13     5.497495583815292E-13    0.25                     5.0E10                   2700                     3821.295936865247        2206.2262378023734       2502.294445801098
1                        1                        1.52183                  1                        9.2                      0.10869565217391305      5.657297695978982E-13    5.508975662216045E-13    0.25                     5.0E10                   2700                     3821.295936865247        2206.2262378023734       2502.294445801098
1                        1                        1.52183                  1                        9.3                      0.10752688172043011      5.669572459060025E-13    5.519802843442346E-13    0.25                     5.0E10                   2700                     3821.295936865247        2206.2262378023734       2502.294445801098
1                        1                        1.52183                  1                        9.4                      0.10638297872340426      5.680994062798075E-13    5.52999922418675E-13     0.25                     5.0E10                   2700                     3821.295936865247        2206.2262378023734       2502.294445801098
1                        1                        1.52183                  1                        9.5                      0.10526315789473685      5.691599134639075E-13    5.539587185592476E-13    0.25                     5.0E10                   2700                     3821.295936865247        2206.2262378023734       2502.294445801098
1                        1                        1.52183                  1                        9.6                      0.10416666666666667      5.701423758407304E-13    5.548589240121276E-13    0.25                     5.0E10                   2700                     3821.295936865247        2206.2262378023734       2502.294445801098
1                        1                        1.52183                  1                        9.700000000000001        0.1030927835051546       5.710503354627891E-13    5.557027897640955E-13    0.25                     5.0E10                   2700                     3821.295936865247        2206.2262378023734       2502.294445801098
1                        1                        1.52183                  1                        9.8                      0.10204081632653059      5.718872580092024E-13    5.564925549080943E-13    0.25                     5.0E10                   2700                     3821.295936865247        2206.2262378023734       2502.294445801098
1                        1                        1.52183                  1                        9.9                      0.101010101010101        5.726565244303302E-13    5.572304365587617E-13    0.25                     5.0E10                   2700                     3821.295936865247        2206.2262378023734       2502.294445801098
1                        1                        1.52183                  1                        10                       0.1                      5.735164768051114E-13    5.580551195442739E-13    0.25                     5.0E10                   2700                     3821.295936865247        2206.2262378023734       2502.294445801098
