0.631994                 0.1                      10                       5.331393821070589E-13    5.331420611926593E-13    0.25                     5.0E10                   2700                     3747.5740301041565       2163.6628750886853       2502.294445801098
0.631994                 0.2                      5                        5.338672342166584E-13    5.330481792396036E-13    0.25                     5.0E10                   2700                     3747.5740301041565       2163.6628750886853       2502.294445801098
0.631994                 0.30000000000000004      3.3333333333333326       5.391069454993409E-13    5.315516058231738E-13    0.25                     5.0E10                   2700                     3747.5740301041565       2163.6628750886853       2502.294445801098
0.631994                 0.4                      2.5                      5.262098508129708E-13    5.139411466206531E-13    0.25                     5.0E10                   2700                     3747.5740301041565       2163.6628750886853       2502.294445801098
0.631994                 0.5                      2                        4.79641066458797E-13     4.815076802744716E-13    0.25                     5.0E10                   2700                     3747.5740301041565       2163.6628750886853       2502.294445801098
0.631994                 0.6                      1.6666666666666667       4.451555469171668E-13    4.645048807331302E-13    0.25                     5.0E10                   2700                     3747.5740301041565       2163.6628750886853       2502.294445801098
0.631994                 0.7000000000000001       1.4285714285714284       4.045927110965885E-13    4.515194495032771E-13    0.25                     5.0E10                   2700                     3747.5740301041565       2163.6628750886853       2502.294445801098
0.631994                 0.8                      1.25                     3.8373248015410367E-13   4.4565050074220604E-13   0.25                     5.0E10                   2700                     3747.5740301041565       2163.6628750886853       2502.294445801098
0.631994                 0.9                      1.1111111111111112       3.964199042634621E-13    4.734433488624763E-13    0.25                     5.0E10                   2700                     3747.5740301041565       2163.6628750886853       2502.294445801098
0.631994                 1                        1                        3.7657743402147826E-13   4.5190801194400963E-13   0.25                     5.0E10                   2700                     3747.5740301041565       2163.6628750886853       2502.294445801098
0.631994                 1.1                      0.909090909090909        3.89251980764256E-13     4.779953619024289E-13    0.25                     5.0E10                   2700                     3747.5740301041565       2163.6628750886853       2502.294445801098
0.631994                 1.2000000000000002       0.8333333333333331       3.8339724797228223E-13   4.827854828760582E-13    0.25                     5.0E10                   2700                     3747.5740301041565       2163.6628750886853       2502.294445801098
0.631994                 1.3000000000000003       0.769230769230769        4.147684918101918E-13    5.288380785676316E-13    0.25                     5.0E10                   2700                     3747.5740301041565       2163.6628750886853       2502.294445801098
0.631994                 1.4000000000000001       0.7142857142857142       3.827798560293314E-13    4.855931425767593E-13    0.25                     5.0E10                   2700                     3747.5740301041565       2163.6628750886853       2502.294445801098
0.631994                 1.5000000000000002       0.6666666666666665       3.80565439740746E-13     4.682303012960546E-13    0.25                     5.0E10                   2700                     3747.5740301041565       2163.6628750886853       2502.294445801098
0.631994                 1.6                      0.625                    4.3012246337977186E-13   5.050068899926313E-13    0.25                     5.0E10                   2700                     3747.5740301041565       2163.6628750886853       2502.294445801098
0.631994                 1.7000000000000002       0.588235294117647        5.043401147302921E-13    5.637312296832084E-13    0.25                     5.0E10                   2700                     3747.5740301041565       2163.6628750886853       2502.294445801098
0.631994                 1.8000000000000003       0.5555555555555555       5.5512312233213E-13      5.93288366925502E-13     0.25                     5.0E10                   2700                     3747.5740301041565       2163.6628750886853       2502.294445801098
0.631994                 1.9000000000000001       0.5263157894736842       5.634891022309908E-13    5.789548447934646E-13    0.25                     5.0E10                   2700                     3747.5740301041565       2163.6628750886853       2502.294445801098
0.631994                 2                        0.5                      5.569098017338416E-13    5.526503219376374E-13    0.25                     5.0E10                   2700                     3747.5740301041565       2163.6628750886853       2502.294445801098
0.631994                 2.1                      0.47619047619047616      5.608913129885522E-13    5.398961489896248E-13    0.25                     5.0E10                   2700                     3747.5740301041565       2163.6628750886853       2502.294445801098
0.631994                 2.2                      0.4545454545454545       5.811610152670365E-13    5.449961452363206E-13    0.25                     5.0E10                   2700                     3747.5740301041565       2163.6628750886853       2502.294445801098
0.631994                 2.3000000000000003       0.43478260869565216      6.12220858285352E-13     5.618392169544741E-13    0.25                     5.0E10                   2700                     3747.5740301041565       2163.6628750886853       2502.294445801098
0.631994                 2.4000000000000004       0.4166666666666666       6.447568583071491E-13    5.815113099995347E-13    0.25                     5.0E10                   2700                     3747.5740301041565       2163.6628750886853       2502.294445801098
0.631994                 2.5000000000000004       0.3999999999999999       6.703464632355152E-13    5.96361925853213E-13     0.25                     5.0E10                   2700                     3747.5740301041565       2163.6628750886853       2502.294445801098
0.631994                 2.6                      0.3846153846153846       6.841751304850166E-13    6.023251045920761E-13    0.25                     5.0E10                   2700                     3747.5740301041565       2163.6628750886853       2502.294445801098
0.631994                 2.7                      0.37037037037037035      6.864941108402605E-13    5.995794538577246E-13    0.25                     5.0E10                   2700                     3747.5740301041565       2163.6628750886853       2502.294445801098
0.631994                 2.8000000000000003       0.3571428571428571       6.804770111575518E-13    5.907850315333517E-13    0.25                     5.0E10                   2700                     3747.5740301041565       2163.6628750886853       2502.294445801098
0.631994                 2.9000000000000004       0.3448275862068965       6.701393668505801E-13    5.792493839914944E-13    0.25                     5.0E10                   2700                     3747.5740301041565       2163.6628750886853       2502.294445801098
0.631994                 3.0000000000000004       0.33333333333333326      6.588764970280688E-13    5.677236882525907E-13    0.25                     5.0E10                   2700                     3747.5740301041565       2163.6628750886853       2502.294445801098
0.631994                 3.1                      0.32258064516129037      6.489779096661397E-13    5.580304785044699E-13    0.25                     5.0E10                   2700                     3747.5740301041565       2163.6628750886853       2502.294445801098
0.631994                 3.2                      0.3125                   6.417161090835316E-13    5.511586088891143E-13    0.25                     5.0E10                   2700                     3747.5740301041565       2163.6628750886853       2502.294445801098
0.631994                 3.3000000000000003       0.30303030303030304      6.376162999827477E-13    5.47496128369504E-13     0.25                     5.0E10                   2700                     3747.5740301041565       2163.6628750886853       2502.294445801098
0.631994                 3.4000000000000004       0.2941176470588235       6.367440134133957E-13    5.470673835131699E-13    0.25                     5.0E10                   2700                     3747.5740301041565       2163.6628750886853       2502.294445801098
0.631994                 3.5000000000000004       0.2857142857142857       6.387767254513603E-13    5.495885609842976E-13    0.25                     5.0E10                   2700                     3747.5740301041565       2163.6628750886853       2502.294445801098
0.631994                 3.6                      0.2777777777777778       6.433015275514594E-13    5.547068825847269E-13    0.25                     5.0E10                   2700                     3747.5740301041565       2163.6628750886853       2502.294445801098
0.631994                 3.7                      0.2702702702702703       6.497802850566342E-13    5.619647931070801E-13    0.25                     5.0E10                   2700                     3747.5740301041565       2163.6628750886853       2502.294445801098
0.631994                 3.8000000000000003       0.2631578947368421       6.576274924132506E-13    5.708586412574649E-13    0.25                     5.0E10                   2700                     3747.5740301041565       2163.6628750886853       2502.294445801098
0.631994                 3.9000000000000004       0.2564102564102564       6.662469489527347E-13    5.808649278339216E-13    0.25                     5.0E10                   2700                     3747.5740301041565       2163.6628750886853       2502.294445801098
0.631994                 4                        0.25                     6.750622323965975E-13    5.914629547835988E-13    0.25                     5.0E10                   2700                     3747.5740301041565       2163.6628750886853       2502.294445801098
0.631994                 4.1                      0.24390243902439027      6.835435642811888E-13    6.02156535461376E-13     0.25                     5.0E10                   2700                     3747.5740301041565       2163.6628750886853       2502.294445801098
0.631994                 4.2                      0.23809523809523808      6.912312631874571E-13    6.124948651964401E-13    0.25                     5.0E10                   2700                     3747.5740301041565       2163.6628750886853       2502.294445801098
0.631994                 4.3                      0.23255813953488372      6.977543241529078E-13    6.220910769952177E-13    0.25                     5.0E10                   2700                     3747.5740301041565       2163.6628750886853       2502.294445801098
0.631994                 4.3999999999999995       0.22727272727272732      7.028425135300231E-13    6.306366255515589E-13    0.25                     5.0E10                   2700                     3747.5740301041565       2163.6628750886853       2502.294445801098
0.631994                 4.5                      0.22222222222222224      7.063294215395279E-13    6.37908813639758E-13     0.25                     5.0E10                   2700                     3747.5740301041565       2163.6628750886853       2502.294445801098
0.631994                 4.6                      0.2173913043478261       7.081494141417575E-13    6.437728959181713E-13    0.25                     5.0E10                   2700                     3747.5740301041565       2163.6628750886853       2502.294445801098
0.631994                 4.7                      0.2127659574468085       7.083256327269037E-13    6.481762376810098E-13    0.25                     5.0E10                   2700                     3747.5740301041565       2163.6628750886853       2502.294445801098
0.631994                 4.8                      0.20833333333333334      7.069538766895284E-13    6.511377759002859E-13    0.25                     5.0E10                   2700                     3747.5740301041565       2163.6628750886853       2502.294445801098
0.631994                 4.9                      0.20408163265306117      7.041837509395774E-13    6.527339324091064E-13    0.25                     5.0E10                   2700                     3747.5740301041565       2163.6628750886853       2502.294445801098
0.631994                 5                        0.2                      7.004181763075906E-13    6.532995872176102E-13    0.25                     5.0E10                   2700                     3747.5740301041565       2163.6628750886853       2502.294445801098
0.631994                 5.1                      0.19607843137254904      6.953652022262685E-13    6.524952840938926E-13    0.25                     5.0E10                   2700                     3747.5740301041565       2163.6628750886853       2502.294445801098
0.631994                 5.2                      0.1923076923076923       6.89513366363931E-13     6.507556294038675E-13    0.25                     5.0E10                   2700                     3747.5740301041565       2163.6628750886853       2502.294445801098
0.631994                 5.3                      0.18867924528301888      6.830586538963975E-13    6.482415849442437E-13    0.25                     5.0E10                   2700                     3747.5740301041565       2163.6628750886853       2502.294445801098
0.631994                 5.4                      0.18518518518518517      6.761811944507786E-13    6.451082106782268E-13    0.25                     5.0E10                   2700                     3747.5740301041565       2163.6628750886853       2502.294445801098
0.631994                 5.5                      0.18181818181818182      6.690408126506168E-13    6.414991070961566E-13    0.25                     5.0E10                   2700                     3747.5740301041565       2163.6628750886853       2502.294445801098
0.631994                 5.6                      0.17857142857142858      6.617750286483765E-13    6.375430844148676E-13    0.25                     5.0E10                   2700                     3747.5740301041565       2163.6628750886853       2502.294445801098
0.631994                 5.7                      0.17543859649122806      6.544988895501755E-13    6.333526100128719E-13    0.25                     5.0E10                   2700                     3747.5740301041565       2163.6628750886853       2502.294445801098
0.631994                 5.8                      0.1724137931034483       6.473060567795688E-13    6.29023575586913E-13     0.25                     5.0E10                   2700                     3747.5740301041565       2163.6628750886853       2502.294445801098
0.631994                 5.9                      0.1694915254237288       6.402715177816458E-13    6.246369799929527E-13    0.25                     5.0E10                   2700                     3747.5740301041565       2163.6628750886853       2502.294445801098
0.631994                 6                        0.16666666666666666      6.334504727541822E-13    6.202561761634602E-13    0.25                     5.0E10                   2700                     3747.5740301041565       2163.6628750886853       2502.294445801098
0.631994                 6.1                      0.16393442622950818      6.268857393264159E-13    6.15934340581902E-13     0.25                     5.0E10                   2700                     3747.5740301041565       2163.6628750886853       2502.294445801098
0.631994                 6.2                      0.16129032258064518      6.206067748412485E-13    6.117122229871338E-13    0.25                     5.0E10                   2700                     3747.5740301041565       2163.6628750886853       2502.294445801098
0.631994                 6.3                      0.15873015873015872      6.146326691511764E-13    6.076207545191276E-13    0.25                     5.0E10                   2700                     3747.5740301041565       2163.6628750886853       2502.294445801098
0.631994                 6.4                      0.15625                  6.089740926779304E-13    6.036825942338359E-13    0.25                     5.0E10                   2700                     3747.5740301041565       2163.6628750886853       2502.294445801098
0.631994                 6.5                      0.15384615384615383      6.036349972365213E-13    5.999135347220746E-13    0.25                     5.0E10                   2700                     3747.5740301041565       2163.6628750886853       2502.294445801098
0.631994                 6.6                      0.15151515151515152      5.986140698981688E-13    5.963237466715797E-13    0.25                     5.0E10                   2700                     3747.5740301041565       2163.6628750886853       2502.294445801098
0.631994                 6.7                      0.1492537313432836       5.939059545712958E-13    5.929188588439865E-13    0.25                     5.0E10                   2700                     3747.5740301041565       2163.6628750886853       2502.294445801098
0.631994                 6.8                      0.14705882352941177      5.895022635178346E-13    5.89700880304225E-13     0.25                     5.0E10                   2700                     3747.5740301041565       2163.6628750886853       2502.294445801098
0.631994                 6.9                      0.14492753623188404      5.853924043155629E-13    5.866689776350746E-13    0.25                     5.0E10                   2700                     3747.5740301041565       2163.6628750886853       2502.294445801098
0.631994                 7                        0.14285714285714285      5.815642481129007E-13    5.838201226617954E-13    0.25                     5.0E10                   2700                     3747.5740301041565       2163.6628750886853       2502.294445801098
0.631994                 7.1                      0.14084507042253522      5.780046635562666E-13    5.811496270166954E-13    0.25                     5.0E10                   2700                     3747.5740301041565       2163.6628750886853       2502.294445801098
0.631994                 7.2                      0.1388888888888889       5.746999387254661E-13    5.786515794363614E-13    0.25                     5.0E10                   2700                     3747.5740301041565       2163.6628750886853       2502.294445801098
0.631994                 7.3                      0.13698630136986303      5.716361104579398E-13    5.763192004569539E-13    0.25                     5.0E10                   2700                     3747.5740301041565       2163.6628750886853       2502.294445801098
0.631994                 7.4                      0.13513513513513514      5.687992180588291E-13    5.741451277893556E-13    0.25                     5.0E10                   2700                     3747.5740301041565       2163.6628750886853       2502.294445801098
0.631994                 7.5                      0.13333333333333333      5.661754955789393E-13    5.721216438900742E-13    0.25                     5.0E10                   2700                     3747.5740301041565       2163.6628750886853       2502.294445801098
0.631994                 7.6                      0.13157894736842105      5.637515147199663E-13    5.702408558144552E-13    0.25                     5.0E10                   2700                     3747.5740301041565       2163.6628750886853       2502.294445801098
0.631994                 7.7                      0.12987012987012989      5.615142882113114E-13    5.684948357920576E-13    0.25                     5.0E10                   2700                     3747.5740301041565       2163.6628750886853       2502.294445801098
0.631994                 7.8                      0.12820512820512822      5.594513418364745E-13    5.668757297475166E-13    0.25                     5.0E10                   2700                     3747.5740301041565       2163.6628750886853       2502.294445801098
0.631994                 7.9                      0.12658227848101267      5.575507617607504E-13    5.653758397493714E-13    0.25                     5.0E10                   2700                     3747.5740301041565       2163.6628750886853       2502.294445801098
0.631994                 8                        0.125                    5.558012225355255E-13    5.639876853787498E-13    0.25                     5.0E10                   2700                     3747.5740301041565       2163.6628750886853       2502.294445801098
0.631994                 8.1                      0.1234567901234568       5.541920002347864E-13    5.62704048170941E-13     0.25                     5.0E10                   2700                     3747.5740301041565       2163.6628750886853       2502.294445801098
0.631994                 8.2                      0.12195121951219513      5.527129740116272E-13    5.615180024189865E-13    0.25                     5.0E10                   2700                     3747.5740301041565       2163.6628750886853       2502.294445801098
0.631994                 8.3                      0.12048192771084336      5.51354619132367E-13     5.604229352452442E-13    0.25                     5.0E10                   2700                     3747.5740301041565       2163.6628750886853       2502.294445801098
0.631994                 8.4                      0.11904761904761904      5.50107993514264E-13     5.594125581049665E-13    0.25                     5.0E10                   2700                     3747.5740301041565       2163.6628750886853       2502.294445801098
0.631994                 8.5                      0.11764705882352941      5.489647196468702E-13    5.584809116165769E-13    0.25                     5.0E10                   2700                     3747.5740301041565       2163.6628750886853       2502.294445801098
0.631994                 8.6                      0.11627906976744186      5.479169632425826E-13    5.576223652098574E-13    0.25                     5.0E10                   2700                     3747.5740301041565       2163.6628750886853       2502.294445801098
0.631994                 8.7                      0.11494252873563218      5.469574097173416E-13    5.568316127852694E-13    0.25                     5.0E10                   2700                     3747.5740301041565       2163.6628750886853       2502.294445801098
0.631994                 8.8                      0.11363636363636362      5.460807024974691E-13    5.561055905941664E-13    0.25                     5.0E10                   2700                     3747.5740301041565       2163.6628750886853       2502.294445801098
0.631994                 8.9                      0.11235955056179775      5.452775862933656E-13    5.554358004982014E-13    0.25                     5.0E10                   2700                     3747.5740301041565       2163.6628750886853       2502.294445801098
0.631994                 9                        0.11111111111111112      5.445435965374438E-13    5.548197494175657E-13    0.25                     5.0E10                   2700                     3747.5740301041565       2163.6628750886853       2502.294445801098
0.631994                 9.1                      0.1098901098901099       5.438732449597818E-13    5.542533366372149E-13    0.25                     5.0E10                   2700                     3747.5740301041565       2163.6628750886853       2502.294445801098
0.631994                 9.2                      0.10869565217391305      5.432614366789213E-13    5.537327327304327E-13    0.25                     5.0E10                   2700                     3747.5740301041565       2163.6628750886853       2502.294445801098
0.631994                 9.3                      0.10752688172043011      5.427034460379087E-13    5.532543662752339E-13    0.25                     5.0E10                   2700                     3747.5740301041565       2163.6628750886853       2502.294445801098
0.631994                 9.4                      0.10638297872340426      5.421948932498017E-13    5.528149104272798E-13    0.25                     5.0E10                   2700                     3747.5740301041565       2163.6628750886853       2502.294445801098
0.631994                 9.5                      0.10526315789473685      5.41731722098732E-13     5.524112695777097E-13    0.25                     5.0E10                   2700                     3747.5740301041565       2163.6628750886853       2502.294445801098
0.631994                 9.6                      0.10416666666666667      5.413101785383834E-13    5.520405661769021E-13    0.25                     5.0E10                   2700                     3747.5740301041565       2163.6628750886853       2502.294445801098
0.631994                 9.700000000000001        0.1030927835051546       5.409267904826975E-13    5.517001279228964E-13    0.25                     5.0E10                   2700                     3747.5740301041565       2163.6628750886853       2502.294445801098
0.631994                 9.8                      0.10204081632653059      5.405783486224993E-13    5.51387475330693E-13     0.25                     5.0E10                   2700                     3747.5740301041565       2163.6628750886853       2502.294445801098
0.631994                 9.9                      0.101010101010101        5.402618882612894E-13    5.511003097344524E-13    0.25                     5.0E10                   2700                     3747.5740301041565       2163.6628750886853       2502.294445801098
0.631994                 10                       0.1                      5.399365844045508E-13    5.507538540949215E-13    0.25                     5.0E10                   2700                     3747.5740301041565       2163.6628750886853       2502.294445801098
