1.009                    0.1                      10                       5.331350712670188E-13    5.331373308910153E-13    0.25                     5.0E10                   2700                     4735.210895221269        2733.8752850256487       2502.294445801098
1.009                    0.2                      5                        5.334744185365307E-13    5.331475690806541E-13    0.25                     5.0E10                   2700                     4735.210895221269        2733.8752850256487       2502.294445801098
1.009                    0.30000000000000004      3.3333333333333326       5.366402537743299E-13    5.363524863875162E-13    0.25                     5.0E10                   2700                     4735.210895221269        2733.8752850256487       2502.294445801098
1.009                    0.4                      2.5                      5.332782164202216E-13    5.334629985078626E-13    0.25                     5.0E10                   2700                     4735.210895221269        2733.8752850256487       2502.294445801098
1.009                    0.5                      2                        5.341644965768839E-13    5.336943383959678E-13    0.25                     5.0E10                   2700                     4735.210895221269        2733.8752850256487       2502.294445801098
1.009                    0.6                      1.6666666666666667       5.383853054579695E-13    5.375275675295635E-13    0.25                     5.0E10                   2700                     4735.210895221269        2733.8752850256487       2502.294445801098
1.009                    0.7000000000000001       1.4285714285714284       5.397661762140224E-13    5.383714588738113E-13    0.25                     5.0E10                   2700                     4735.210895221269        2733.8752850256487       2502.294445801098
1.009                    0.8                      1.25                     5.377357671601977E-13    5.345481953413938E-13    0.25                     5.0E10                   2700                     4735.210895221269        2733.8752850256487       2502.294445801098
1.009                    0.9                      1.1111111111111112       5.358968526216823E-13    5.349599722105685E-13    0.25                     5.0E10                   2700                     4735.210895221269        2733.8752850256487       2502.294445801098
1.009                    1                        1                        5.383553089437595E-13    5.342179653210255E-13    0.25                     5.0E10                   2700                     4735.210895221269        2733.8752850256487       2502.294445801098
1.009                    1.1                      0.909090909090909        5.38857485925499E-13     5.371423637342216E-13    0.25                     5.0E10                   2700                     4735.210895221269        2733.8752850256487       2502.294445801098
1.009                    1.2000000000000002       0.8333333333333331       5.380681974241714E-13    5.367323911195337E-13    0.25                     5.0E10                   2700                     4735.210895221269        2733.8752850256487       2502.294445801098
1.009                    1.3000000000000003       0.769230769230769        5.384585381508056E-13    5.347391638701321E-13    0.25                     5.0E10                   2700                     4735.210895221269        2733.8752850256487       2502.294445801098
1.009                    1.4000000000000001       0.7142857142857142       5.405876022314527E-13    5.370933697436216E-13    0.25                     5.0E10                   2700                     4735.210895221269        2733.8752850256487       2502.294445801098
1.009                    1.5000000000000002       0.6666666666666665       5.385195600469377E-13    5.376572964566914E-13    0.25                     5.0E10                   2700                     4735.210895221269        2733.8752850256487       2502.294445801098
1.009                    1.6                      0.625                    5.32466438118031E-13     5.334692043648764E-13    0.25                     5.0E10                   2700                     4735.210895221269        2733.8752850256487       2502.294445801098
1.009                    1.7000000000000002       0.588235294117647        5.345373583253341E-13    5.355183445365748E-13    0.25                     5.0E10                   2700                     4735.210895221269        2733.8752850256487       2502.294445801098
1.009                    1.8000000000000003       0.5555555555555555       5.37187713018392E-13     5.371027131111361E-13    0.25                     5.0E10                   2700                     4735.210895221269        2733.8752850256487       2502.294445801098
1.009                    1.9000000000000001       0.5263157894736842       5.359614337904262E-13    5.348096054944869E-13    0.25                     5.0E10                   2700                     4735.210895221269        2733.8752850256487       2502.294445801098
1.009                    2                        0.5                      5.346417943759739E-13    5.330071795349113E-13    0.25                     5.0E10                   2700                     4735.210895221269        2733.8752850256487       2502.294445801098
1.009                    2.1                      0.47619047619047616      5.352406302106826E-13    5.339189155650978E-13    0.25                     5.0E10                   2700                     4735.210895221269        2733.8752850256487       2502.294445801098
1.009                    2.2                      0.4545454545454545       5.361448363257014E-13    5.357894140625279E-13    0.25                     5.0E10                   2700                     4735.210895221269        2733.8752850256487       2502.294445801098
1.009                    2.3000000000000003       0.43478260869565216      5.355165990549249E-13    5.36435882000005E-13     0.25                     5.0E10                   2700                     4735.210895221269        2733.8752850256487       2502.294445801098
1.009                    2.4000000000000004       0.4166666666666666       5.333221666486096E-13    5.354532122401406E-13    0.25                     5.0E10                   2700                     4735.210895221269        2733.8752850256487       2502.294445801098
1.009                    2.5000000000000004       0.3999999999999999       5.309180175077312E-13    5.33875053635302E-13     0.25                     5.0E10                   2700                     4735.210895221269        2733.8752850256487       2502.294445801098
1.009                    2.6                      0.3846153846153846       5.292602785739249E-13    5.327393794693569E-13    0.25                     5.0E10                   2700                     4735.210895221269        2733.8752850256487       2502.294445801098
1.009                    2.7                      0.37037037037037035      5.28977396816418E-13     5.32628579916001E-13     0.25                     5.0E10                   2700                     4735.210895221269        2733.8752850256487       2502.294445801098
1.009                    2.8000000000000003       0.3571428571428571       5.299110848610823E-13    5.334612514140842E-13    0.25                     5.0E10                   2700                     4735.210895221269        2733.8752850256487       2502.294445801098
1.009                    2.9000000000000004       0.3448275862068965       5.315415687084699E-13    5.348006008506279E-13    0.25                     5.0E10                   2700                     4735.210895221269        2733.8752850256487       2502.294445801098
1.009                    3.0000000000000004       0.33333333333333326      5.332956026272466E-13    5.361437815777969E-13    0.25                     5.0E10                   2700                     4735.210895221269        2733.8752850256487       2502.294445801098
1.009                    3.1                      0.32258064516129037      5.347406273179926E-13    5.371113127954055E-13    0.25                     5.0E10                   2700                     4735.210895221269        2733.8752850256487       2502.294445801098
1.009                    3.2                      0.3125                   5.356549050844543E-13    5.375189919988947E-13    0.25                     5.0E10                   2700                     4735.210895221269        2733.8752850256487       2502.294445801098
1.009                    3.3000000000000003       0.30303030303030304      5.360087136153466E-13    5.373629046701527E-13    0.25                     5.0E10                   2700                     4735.210895221269        2733.8752850256487       2502.294445801098
1.009                    3.4000000000000004       0.2941176470588235       5.359142730714556E-13    5.367750851622929E-13    0.25                     5.0E10                   2700                     4735.210895221269        2733.8752850256487       2502.294445801098
1.009                    3.5000000000000004       0.2857142857142857       5.355024125122183E-13    5.358930838783523E-13    0.25                     5.0E10                   2700                     4735.210895221269        2733.8752850256487       2502.294445801098
1.009                    3.6                      0.2777777777777778       5.349552029343764E-13    5.349124436172709E-13    0.25                     5.0E10                   2700                     4735.210895221269        2733.8752850256487       2502.294445801098
1.009                    3.7                      0.2702702702702703       5.344117348387963E-13    5.339796117084531E-13    0.25                     5.0E10                   2700                     4735.210895221269        2733.8752850256487       2502.294445801098
1.009                    3.8000000000000003       0.2631578947368421       5.339697897753507E-13    5.331978544858542E-13    0.25                     5.0E10                   2700                     4735.210895221269        2733.8752850256487       2502.294445801098
1.009                    3.9000000000000004       0.2564102564102564       5.336844685077363E-13    5.326261215105275E-13    0.25                     5.0E10                   2700                     4735.210895221269        2733.8752850256487       2502.294445801098
1.009                    4                        0.25                     5.335746246216078E-13    5.322855141804313E-13    0.25                     5.0E10                   2700                     4735.210895221269        2733.8752850256487       2502.294445801098
1.009                    4.1                      0.24390243902439027      5.336320955672769E-13    5.321685571207565E-13    0.25                     5.0E10                   2700                     4735.210895221269        2733.8752850256487       2502.294445801098
1.009                    4.2                      0.23809523809523808      5.338310895736563E-13    5.322486669267815E-13    0.25                     5.0E10                   2700                     4735.210895221269        2733.8752850256487       2502.294445801098
1.009                    4.3                      0.23255813953488372      5.341363168989318E-13    5.324884220808959E-13    0.25                     5.0E10                   2700                     4735.210895221269        2733.8752850256487       2502.294445801098
1.009                    4.3999999999999995       0.22727272727272732      5.345095303358607E-13    5.328462453447509E-13    0.25                     5.0E10                   2700                     4735.210895221269        2733.8752850256487       2502.294445801098
1.009                    4.5                      0.22222222222222224      5.349132466229915E-13    5.33280547406607E-13     0.25                     5.0E10                   2700                     4735.210895221269        2733.8752850256487       2502.294445801098
1.009                    4.6                      0.2173913043478261       5.353147865120769E-13    5.337537155540067E-13    0.25                     5.0E10                   2700                     4735.210895221269        2733.8752850256487       2502.294445801098
1.009                    4.7                      0.2127659574468085       5.356871168514656E-13    5.342333981021447E-13    0.25                     5.0E10                   2700                     4735.210895221269        2733.8752850256487       2502.294445801098
1.009                    4.8                      0.20833333333333334      5.360096300793799E-13    5.346934630564039E-13    0.25                     5.0E10                   2700                     4735.210895221269        2733.8752850256487       2502.294445801098
1.009                    4.9                      0.20408163265306117      5.362680489632063E-13    5.351141053577149E-13    0.25                     5.0E10                   2700                     4735.210895221269        2733.8752850256487       2502.294445801098
1.009                    5                        0.2                      5.365590446906666E-13    5.356044692358615E-13    0.25                     5.0E10                   2700                     4735.210895221269        2733.8752850256487       2502.294445801098
1.009                    5.1                      0.19607843137254904      5.36657612887745E-13     5.358992467327214E-13    0.25                     5.0E10                   2700                     4735.210895221269        2733.8752850256487       2502.294445801098
1.009                    5.2                      0.1923076923076923       5.366815117249122E-13    5.361287798382862E-13    0.25                     5.0E10                   2700                     4735.210895221269        2733.8752850256487       2502.294445801098
1.009                    5.3                      0.18867924528301888      5.366344445099119E-13    5.362926089582904E-13    0.25                     5.0E10                   2700                     4735.210895221269        2733.8752850256487       2502.294445801098
1.009                    5.4                      0.18518518518518517      5.36522391131297E-13     5.363930357354277E-13    0.25                     5.0E10                   2700                     4735.210895221269        2733.8752850256487       2502.294445801098
1.009                    5.5                      0.18181818181818182      5.363528514103875E-13    5.364343784579767E-13    0.25                     5.0E10                   2700                     4735.210895221269        2733.8752850256487       2502.294445801098
1.009                    5.6                      0.17857142857142858      5.361342045886744E-13    5.364223241956297E-13    0.25                     5.0E10                   2700                     4735.210895221269        2733.8752850256487       2502.294445801098
1.009                    5.7                      0.17543859649122806      5.35875189002077E-13     5.363633865563622E-13    0.25                     5.0E10                   2700                     4735.210895221269        2733.8752850256487       2502.294445801098
1.009                    5.8                      0.1724137931034483       5.355844964165642E-13    5.362644679171929E-13    0.25                     5.0E10                   2700                     4735.210895221269        2733.8752850256487       2502.294445801098
1.009                    5.9                      0.1694915254237288       5.352709967351352E-13    5.361330286254703E-13    0.25                     5.0E10                   2700                     4735.210895221269        2733.8752850256487       2502.294445801098
1.009                    6                        0.16666666666666666      5.349414572933284E-13    5.359748290604685E-13    0.25                     5.0E10                   2700                     4735.210895221269        2733.8752850256487       2502.294445801098
1.009                    6.1                      0.16393442622950818      5.346034510167608E-13    5.357967017517367E-13    0.25                     5.0E10                   2700                     4735.210895221269        2733.8752850256487       2502.294445801098
1.009                    6.2                      0.16129032258064518      5.342632838341917E-13    5.356044962069451E-13    0.25                     5.0E10                   2700                     4735.210895221269        2733.8752850256487       2502.294445801098
1.009                    6.3                      0.15873015873015872      5.339264539991469E-13    5.354034836656642E-13    0.25                     5.0E10                   2700                     4735.210895221269        2733.8752850256487       2502.294445801098
1.009                    6.4                      0.15625                  5.335976565618678E-13    5.35198324275537E-13     0.25                     5.0E10                   2700                     4735.210895221269        2733.8752850256487       2502.294445801098
1.009                    6.5                      0.15384615384615383      5.332808133247956E-13    5.349930631075728E-13    0.25                     5.0E10                   2700                     4735.210895221269        2733.8752850256487       2502.294445801098
1.009                    6.6                      0.15151515151515152      5.329791201962432E-13    5.347911471644037E-13    0.25                     5.0E10                   2700                     4735.210895221269        2733.8752850256487       2502.294445801098
1.009                    6.7                      0.1492537313432836       5.326951055634715E-13    5.345954569765598E-13    0.25                     5.0E10                   2700                     4735.210895221269        2733.8752850256487       2502.294445801098
1.009                    6.8                      0.14705882352941177      5.324306946476798E-13    5.344083476646278E-13    0.25                     5.0E10                   2700                     4735.210895221269        2733.8752850256487       2502.294445801098
1.009                    6.9                      0.14492753623188404      5.321872760372705E-13    5.34231695470823E-13     0.25                     5.0E10                   2700                     4735.210895221269        2733.8752850256487       2502.294445801098
1.009                    7                        0.14285714285714285      5.319657677027878E-13    5.340669467433123E-13    0.25                     5.0E10                   2700                     4735.210895221269        2733.8752850256487       2502.294445801098
1.009                    7.1                      0.14084507042253522      5.317666804517037E-13    5.3391516713536E-13      0.25                     5.0E10                   2700                     4735.210895221269        2733.8752850256487       2502.294445801098
1.009                    7.2                      0.1388888888888889       5.315901776708065E-13    5.337770894513555E-13    0.25                     5.0E10                   2700                     4735.210895221269        2733.8752850256487       2502.294445801098
1.009                    7.3                      0.13698630136986303      5.314361303773361E-13    5.336531589889289E-13    0.25                     5.0E10                   2700                     4735.210895221269        2733.8752850256487       2502.294445801098
1.009                    7.4                      0.13513513513513514      5.313041673611958E-13    5.335435757900195E-13    0.25                     5.0E10                   2700                     4735.210895221269        2733.8752850256487       2502.294445801098
1.009                    7.5                      0.13333333333333333      5.311937201009489E-13    5.33448333293914E-13     0.25                     5.0E10                   2700                     4735.210895221269        2733.8752850256487       2502.294445801098
1.009                    7.6                      0.13157894736842105      5.311040626910272E-13    5.333672533489055E-13    0.25                     5.0E10                   2700                     4735.210895221269        2733.8752850256487       2502.294445801098
1.009                    7.7                      0.12987012987012989      5.3103434686068E-13      5.333000174787579E-13    0.25                     5.0E10                   2700                     4735.210895221269        2733.8752850256487       2502.294445801098
1.009                    7.8                      0.12820512820512822      5.309836324386071E-13    5.332461945730413E-13    0.25                     5.0E10                   2700                     4735.210895221269        2733.8752850256487       2502.294445801098
1.009                    7.9                      0.12658227848101267      5.309509135926926E-13    5.332052651571777E-13    0.25                     5.0E10                   2700                     4735.210895221269        2733.8752850256487       2502.294445801098
1.009                    8                        0.125                    5.309351412158769E-13    5.331766424966686E-13    0.25                     5.0E10                   2700                     4735.210895221269        2733.8752850256487       2502.294445801098
1.009                    8.1                      0.1234567901234568       5.309352419030782E-13    5.331596908015534E-13    0.25                     5.0E10                   2700                     4735.210895221269        2733.8752850256487       2502.294445801098
1.009                    8.2                      0.12195121951219513      5.309501337309237E-13    5.331537407382099E-13    0.25                     5.0E10                   2700                     4735.210895221269        2733.8752850256487       2502.294445801098
1.009                    8.3                      0.12048192771084336      5.309787394061877E-13    5.331581026133459E-13    0.25                     5.0E10                   2700                     4735.210895221269        2733.8752850256487       2502.294445801098
1.009                    8.4                      0.11904761904761904      5.310199969443675E-13    5.331720774074266E-13    0.25                     5.0E10                   2700                     4735.210895221269        2733.8752850256487       2502.294445801098
1.009                    8.5                      0.11764705882352941      5.310728682861492E-13    5.331949659420483E-13    0.25                     5.0E10                   2700                     4735.210895221269        2733.8752850256487       2502.294445801098
1.009                    8.6                      0.11627906976744186      5.31136346097836E-13     5.332260764162976E-13    0.25                     5.0E10                   2700                     4735.210895221269        2733.8752850256487       2502.294445801098
1.009                    8.7                      0.11494252873563218      5.312094590066597E-13    5.332647304917807E-13    0.25                     5.0E10                   2700                     4735.210895221269        2733.8752850256487       2502.294445801098
1.009                    8.8                      0.11363636363636362      5.31293037747193E-13     5.333119713010853E-13    0.25                     5.0E10                   2700                     4735.210895221269        2733.8752850256487       2502.294445801098
1.009                    8.9                      0.11235955056179775      5.313827106208793E-13    5.333637980391771E-13    0.25                     5.0E10                   2700                     4735.210895221269        2733.8752850256487       2502.294445801098
1.009                    9                        0.11111111111111112      5.314793536334922E-13    5.334212573949907E-13    0.25                     5.0E10                   2700                     4735.210895221269        2733.8752850256487       2502.294445801098
1.009                    9.1                      0.1098901098901099       5.315821679399009E-13    5.334837634471158E-13    0.25                     5.0E10                   2700                     4735.210895221269        2733.8752850256487       2502.294445801098
1.009                    9.2                      0.10869565217391305      5.316904005666287E-13    5.335507587349833E-13    0.25                     5.0E10                   2700                     4735.210895221269        2733.8752850256487       2502.294445801098
1.009                    9.3                      0.10752688172043011      5.318033442671414E-13    5.336217151374539E-13    0.25                     5.0E10                   2700                     4735.210895221269        2733.8752850256487       2502.294445801098
1.009                    9.4                      0.10638297872340426      5.319203368916646E-13    5.336961342812745E-13    0.25                     5.0E10                   2700                     4735.210895221269        2733.8752850256487       2502.294445801098
1.009                    9.5                      0.10526315789473685      5.320407604781461E-13    5.337735475834065E-13    0.25                     5.0E10                   2700                     4735.210895221269        2733.8752850256487       2502.294445801098
1.009                    9.6                      0.10416666666666667      5.32164039959468E-13     5.338535159587291E-13    0.25                     5.0E10                   2700                     4735.210895221269        2733.8752850256487       2502.294445801098
1.009                    9.700000000000001        0.1030927835051546       5.322896417719814E-13    5.339356293104607E-13    0.25                     5.0E10                   2700                     4735.210895221269        2733.8752850256487       2502.294445801098
1.009                    9.8                      0.10204081632653059      5.324170722688134E-13    5.340195058160991E-13    0.25                     5.0E10                   2700                     4735.210895221269        2733.8752850256487       2502.294445801098
1.009                    9.9                      0.101010101010101        5.32545875962711E-13     5.341047910272921E-13    0.25                     5.0E10                   2700                     4735.210895221269        2733.8752850256487       2502.294445801098
1.009                    10                       0.1                      5.326281738104567E-13    5.341181708300683E-13    0.25                     5.0E10                   2700                     4735.210895221269        2733.8752850256487       2502.294445801098
