1.11261                  0.1                      10                       5.331356557336879E-13    5.331335059154651E-13    0.25                     5.0E10                   2700                     4972.390437874591        2870.8109578228164       2502.294445801098
1.11261                  0.2                      5                        5.333751042710775E-13    5.33134357278267E-13     0.25                     5.0E10                   2700                     4972.390437874591        2870.8109578228164       2502.294445801098
1.11261                  0.30000000000000004      3.3333333333333326       5.365049704861358E-13    5.366251632852526E-13    0.25                     5.0E10                   2700                     4972.390437874591        2870.8109578228164       2502.294445801098
1.11261                  0.4                      2.5                      5.369091204366923E-13    5.352544151504043E-13    0.25                     5.0E10                   2700                     4972.390437874591        2870.8109578228164       2502.294445801098
1.11261                  0.5                      2                        5.453505273043077E-13    5.384875148018427E-13    0.25                     5.0E10                   2700                     4972.390437874591        2870.8109578228164       2502.294445801098
1.11261                  0.6                      1.6666666666666667       5.569908195891162E-13    5.457135029696981E-13    0.25                     5.0E10                   2700                     4972.390437874591        2870.8109578228164       2502.294445801098
1.11261                  0.7000000000000001       1.4285714285714284       5.649204218663876E-13    5.472181349399937E-13    0.25                     5.0E10                   2700                     4972.390437874591        2870.8109578228164       2502.294445801098
1.11261                  0.8                      1.25                     5.715055427238797E-13    5.461795905686731E-13    0.25                     5.0E10                   2700                     4972.390437874591        2870.8109578228164       2502.294445801098
1.11261                  0.9                      1.1111111111111112       5.748826397353625E-13    5.476417566854091E-13    0.25                     5.0E10                   2700                     4972.390437874591        2870.8109578228164       2502.294445801098
1.11261                  1                        1                        5.783398364094976E-13    5.45868654381216E-13     0.25                     5.0E10                   2700                     4972.390437874591        2870.8109578228164       2502.294445801098
1.11261                  1.1                      0.909090909090909        5.79039612911239E-13     5.498458996416759E-13    0.25                     5.0E10                   2700                     4972.390437874591        2870.8109578228164       2502.294445801098
1.11261                  1.2000000000000002       0.8333333333333331       5.646341527982229E-13    5.378991504366394E-13    0.25                     5.0E10                   2700                     4972.390437874591        2870.8109578228164       2502.294445801098
1.11261                  1.3000000000000003       0.769230769230769        5.63309438598538E-13     5.362024220740608E-13    0.25                     5.0E10                   2700                     4972.390437874591        2870.8109578228164       2502.294445801098
1.11261                  1.4000000000000001       0.7142857142857142       5.70811741795352E-13     5.474791860291386E-13    0.25                     5.0E10                   2700                     4972.390437874591        2870.8109578228164       2502.294445801098
1.11261                  1.5000000000000002       0.6666666666666665       5.583186197190499E-13    5.431624982497304E-13    0.25                     5.0E10                   2700                     4972.390437874591        2870.8109578228164       2502.294445801098
1.11261                  1.6                      0.625                    5.37508303525183E-13     5.295118060316189E-13    0.25                     5.0E10                   2700                     4972.390437874591        2870.8109578228164       2502.294445801098
1.11261                  1.7000000000000002       0.588235294117647        5.303402245359034E-13    5.267609821466566E-13    0.25                     5.0E10                   2700                     4972.390437874591        2870.8109578228164       2502.294445801098
1.11261                  1.8000000000000003       0.5555555555555555       5.281082603871205E-13    5.276571730912518E-13    0.25                     5.0E10                   2700                     4972.390437874591        2870.8109578228164       2502.294445801098
1.11261                  1.9000000000000001       0.5263157894736842       5.23165430626565E-13     5.25683685794535E-13     0.25                     5.0E10                   2700                     4972.390437874591        2870.8109578228164       2502.294445801098
1.11261                  2                        0.5                      5.170245300889962E-13    5.227094298074589E-13    0.25                     5.0E10                   2700                     4972.390437874591        2870.8109578228164       2502.294445801098
1.11261                  2.1                      0.47619047619047616      5.11591411355439E-13     5.206230041294639E-13    0.25                     5.0E10                   2700                     4972.390437874591        2870.8109578228164       2502.294445801098
1.11261                  2.2                      0.4545454545454545       5.067599414593654E-13    5.19016120600907E-13     0.25                     5.0E10                   2700                     4972.390437874591        2870.8109578228164       2502.294445801098
1.11261                  2.3000000000000003       0.43478260869565216      5.023385948689412E-13    5.173483391747767E-13    0.25                     5.0E10                   2700                     4972.390437874591        2870.8109578228164       2502.294445801098
1.11261                  2.4000000000000004       0.4166666666666666       4.989779696720911E-13    5.160529794681225E-13    0.25                     5.0E10                   2700                     4972.390437874591        2870.8109578228164       2502.294445801098
1.11261                  2.5000000000000004       0.3999999999999999       4.977032041110804E-13    5.160472582496228E-13    0.25                     5.0E10                   2700                     4972.390437874591        2870.8109578228164       2502.294445801098
1.11261                  2.6                      0.3846153846153846       4.985408672301257E-13    5.17610854912369E-13     0.25                     5.0E10                   2700                     4972.390437874591        2870.8109578228164       2502.294445801098
1.11261                  2.7                      0.37037037037037035      5.012870487094335E-13    5.205967756390749E-13    0.25                     5.0E10                   2700                     4972.390437874591        2870.8109578228164       2502.294445801098
1.11261                  2.8000000000000003       0.3571428571428571       5.051284881617693E-13    5.243136881284043E-13    0.25                     5.0E10                   2700                     4972.390437874591        2870.8109578228164       2502.294445801098
1.11261                  2.9000000000000004       0.3448275862068965       5.091284351640293E-13    5.279200887392457E-13    0.25                     5.0E10                   2700                     4972.390437874591        2870.8109578228164       2502.294445801098
1.11261                  3.0000000000000004       0.33333333333333326      5.125070149442514E-13    5.307065809373795E-13    0.25                     5.0E10                   2700                     4972.390437874591        2870.8109578228164       2502.294445801098
1.11261                  3.1                      0.32258064516129037      5.147938186251589E-13    5.322557441836128E-13    0.25                     5.0E10                   2700                     4972.390437874591        2870.8109578228164       2502.294445801098
1.11261                  3.2                      0.3125                   5.158497122792526E-13    5.324704669894048E-13    0.25                     5.0E10                   2700                     4972.390437874591        2870.8109578228164       2502.294445801098
1.11261                  3.3000000000000003       0.30303030303030304      5.157966595804422E-13    5.315076717554714E-13    0.25                     5.0E10                   2700                     4972.390437874591        2870.8109578228164       2502.294445801098
1.11261                  3.4000000000000004       0.2941176470588235       5.14917501237507E-13     5.296823227475097E-13    0.25                     5.0E10                   2700                     4972.390437874591        2870.8109578228164       2502.294445801098
1.11261                  3.5000000000000004       0.2857142857142857       5.135161717252623E-13    5.273161943501986E-13    0.25                     5.0E10                   2700                     4972.390437874591        2870.8109578228164       2502.294445801098
1.11261                  3.6                      0.2777777777777778       5.119078317809006E-13    5.247498254594876E-13    0.25                     5.0E10                   2700                     4972.390437874591        2870.8109578228164       2502.294445801098
1.11261                  3.7                      0.2702702702702703       5.103349222912904E-13    5.222422581802486E-13    0.25                     5.0E10                   2700                     4972.390437874591        2870.8109578228164       2502.294445801098
1.11261                  3.8000000000000003       0.2631578947368421       5.089671512570542E-13    5.199759025823242E-13    0.25                     5.0E10                   2700                     4972.390437874591        2870.8109578228164       2502.294445801098
1.11261                  3.9000000000000004       0.2564102564102564       5.079055935157403E-13    5.180611618240777E-13    0.25                     5.0E10                   2700                     4972.390437874591        2870.8109578228164       2502.294445801098
1.11261                  4                        0.25                     5.071952187760756E-13    5.165494310916815E-13    0.25                     5.0E10                   2700                     4972.390437874591        2870.8109578228164       2502.294445801098
1.11261                  4.1                      0.24390243902439027      5.068394782025076E-13    5.154481516009032E-13    0.25                     5.0E10                   2700                     4972.390437874591        2870.8109578228164       2502.294445801098
1.11261                  4.2                      0.23809523809523808      5.068138888870647E-13    5.147348189475505E-13    0.25                     5.0E10                   2700                     4972.390437874591        2870.8109578228164       2502.294445801098
1.11261                  4.3                      0.23255813953488372      5.070772653738677E-13    5.14368588005494E-13     0.25                     5.0E10                   2700                     4972.390437874591        2870.8109578228164       2502.294445801098
1.11261                  4.3999999999999995       0.22727272727272732      5.075805040072206E-13    5.142993338169031E-13    0.25                     5.0E10                   2700                     4972.390437874591        2870.8109578228164       2502.294445801098
1.11261                  4.5                      0.22222222222222224      5.0827190403081E-13      5.144734544778221E-13    0.25                     5.0E10                   2700                     4972.390437874591        2870.8109578228164       2502.294445801098
1.11261                  4.6                      0.2173913043478261       5.091024578657554E-13    5.148391116889669E-13    0.25                     5.0E10                   2700                     4972.390437874591        2870.8109578228164       2502.294445801098
1.11261                  4.7                      0.2127659574468085       5.100275977572128E-13    5.153483939657806E-13    0.25                     5.0E10                   2700                     4972.390437874591        2870.8109578228164       2502.294445801098
1.11261                  4.8                      0.20833333333333334      5.110087214144643E-13    5.159589810532577E-13    0.25                     5.0E10                   2700                     4972.390437874591        2870.8109578228164       2502.294445801098
1.11261                  4.9                      0.20408163265306117      5.120136890751659E-13    5.166348027885158E-13    0.25                     5.0E10                   2700                     4972.390437874591        2870.8109578228164       2502.294445801098
1.11261                  5                        0.2                      5.131150127587981E-13    5.174642663907364E-13    0.25                     5.0E10                   2700                     4972.390437874591        2870.8109578228164       2502.294445801098
1.11261                  5.1                      0.19607843137254904      5.140890924865181E-13    5.181802157763755E-13    0.25                     5.0E10                   2700                     4972.390437874591        2870.8109578228164       2502.294445801098
1.11261                  5.2                      0.1923076923076923       5.150271166906983E-13    5.188895417426706E-13    0.25                     5.0E10                   2700                     4972.390437874591        2870.8109578228164       2502.294445801098
1.11261                  5.3                      0.18867924528301888      5.159192207697371E-13    5.195787623088195E-13    0.25                     5.0E10                   2700                     4972.390437874591        2870.8109578228164       2502.294445801098
1.11261                  5.4                      0.18518518518518517      5.167593189450847E-13    5.202384020777451E-13    0.25                     5.0E10                   2700                     4972.390437874591        2870.8109578228164       2502.294445801098
1.11261                  5.5                      0.18181818181818182      5.175443776544368E-13    5.208622986452234E-13    0.25                     5.0E10                   2700                     4972.390437874591        2870.8109578228164       2502.294445801098
1.11261                  5.6                      0.17857142857142858      5.182737514220882E-13    5.214469571463634E-13    0.25                     5.0E10                   2700                     4972.390437874591        2870.8109578228164       2502.294445801098
1.11261                  5.7                      0.17543859649122806      5.189485975477713E-13    5.219909718538487E-13    0.25                     5.0E10                   2700                     4972.390437874591        2870.8109578228164       2502.294445801098
1.11261                  5.8                      0.1724137931034483       5.195713756585273E-13    5.224945233154356E-13    0.25                     5.0E10                   2700                     4972.390437874591        2870.8109578228164       2502.294445801098
1.11261                  5.9                      0.1694915254237288       5.201459450740125E-13    5.229594324451988E-13    0.25                     5.0E10                   2700                     4972.390437874591        2870.8109578228164       2502.294445801098
1.11261                  6                        0.16666666666666666      5.20675211093384E-13     5.233869230445613E-13    0.25                     5.0E10                   2700                     4972.390437874591        2870.8109578228164       2502.294445801098
1.11261                  6.1                      0.16393442622950818      5.211638264213476E-13    5.237801146625132E-13    0.25                     5.0E10                   2700                     4972.390437874591        2870.8109578228164       2502.294445801098
1.11261                  6.2                      0.16129032258064518      5.216160431047309E-13    5.241419777711432E-13    0.25                     5.0E10                   2700                     4972.390437874591        2870.8109578228164       2502.294445801098
1.11261                  6.3                      0.15873015873015872      5.220360374430504E-13    5.244756075439481E-13    0.25                     5.0E10                   2700                     4972.390437874591        2870.8109578228164       2502.294445801098
1.11261                  6.4                      0.15625                  5.224278011048793E-13    5.247840938171221E-13    0.25                     5.0E10                   2700                     4972.390437874591        2870.8109578228164       2502.294445801098
1.11261                  6.5                      0.15384615384615383      5.227950676212766E-13    5.250704269516358E-13    0.25                     5.0E10                   2700                     4972.390437874591        2870.8109578228164       2502.294445801098
1.11261                  6.6                      0.15151515151515152      5.23141266869467E-13     5.253374327326507E-13    0.25                     5.0E10                   2700                     4972.390437874591        2870.8109578228164       2502.294445801098
1.11261                  6.7                      0.1492537313432836       5.234695013671933E-13    5.255877303481084E-13    0.25                     5.0E10                   2700                     4972.390437874591        2870.8109578228164       2502.294445801098
1.11261                  6.8                      0.14705882352941177      5.237825390371609E-13    5.25823708320894E-13     0.25                     5.0E10                   2700                     4972.390437874591        2870.8109578228164       2502.294445801098
1.11261                  6.9                      0.14492753623188404      5.240828180529048E-13    5.260475140999302E-13    0.25                     5.0E10                   2700                     4972.390437874591        2870.8109578228164       2502.294445801098
1.11261                  7                        0.14285714285714285      5.24372460292895E-13     5.262610537902315E-13    0.25                     5.0E10                   2700                     4972.390437874591        2870.8109578228164       2502.294445801098
1.11261                  7.1                      0.14084507042253522      5.246532904962446E-13    5.264659991660488E-13    0.25                     5.0E10                   2700                     4972.390437874591        2870.8109578228164       2502.294445801098
1.11261                  7.2                      0.1388888888888889       5.249268590632336E-13    5.266637997194475E-13    0.25                     5.0E10                   2700                     4972.390437874591        2870.8109578228164       2502.294445801098
1.11261                  7.3                      0.13698630136986303      5.2519446663141E-13      5.26855697894778E-13     0.25                     5.0E10                   2700                     4972.390437874591        2870.8109578228164       2502.294445801098
1.11261                  7.4                      0.13513513513513514      5.254571893755566E-13    5.27042746253232E-13     0.25                     5.0E10                   2700                     4972.390437874591        2870.8109578228164       2502.294445801098
1.11261                  7.5                      0.13333333333333333      5.257159039118181E-13    5.272258254061678E-13    0.25                     5.0E10                   2700                     4972.390437874591        2870.8109578228164       2502.294445801098
1.11261                  7.6                      0.13157894736842105      5.259713113549672E-13    5.274056620910255E-13    0.25                     5.0E10                   2700                     4972.390437874591        2870.8109578228164       2502.294445801098
1.11261                  7.7                      0.12987012987012989      5.262239599560488E-13    5.275828467403864E-13    0.25                     5.0E10                   2700                     4972.390437874591        2870.8109578228164       2502.294445801098
1.11261                  7.8                      0.12820512820512822      5.264742661211758E-13    5.27757850232971E-13     0.25                     5.0E10                   2700                     4972.390437874591        2870.8109578228164       2502.294445801098
1.11261                  7.9                      0.12658227848101267      5.267225336485854E-13    5.279310395557459E-13    0.25                     5.0E10                   2700                     4972.390437874591        2870.8109578228164       2502.294445801098
1.11261                  8                        0.125                    5.269689711334578E-13    5.281026922586866E-13    0.25                     5.0E10                   2700                     4972.390437874591        2870.8109578228164       2502.294445801098
1.11261                  8.1                      0.1234567901234568       5.272137076171821E-13    5.282730096418867E-13    0.25                     5.0E10                   2700                     4972.390437874591        2870.8109578228164       2502.294445801098
1.11261                  8.2                      0.12195121951219513      5.274568063904464E-13    5.284421286073507E-13    0.25                     5.0E10                   2700                     4972.390437874591        2870.8109578228164       2502.294445801098
1.11261                  8.3                      0.12048192771084336      5.276982772459621E-13    5.286101322951073E-13    0.25                     5.0E10                   2700                     4972.390437874591        2870.8109578228164       2502.294445801098
1.11261                  8.4                      0.11904761904761904      5.279380871276977E-13    5.287770594825937E-13    0.25                     5.0E10                   2700                     4972.390437874591        2870.8109578228164       2502.294445801098
1.11261                  8.5                      0.11764705882352941      5.281761693955497E-13    5.289429128554573E-13    0.25                     5.0E10                   2700                     4972.390437874591        2870.8109578228164       2502.294445801098
1.11261                  8.6                      0.11627906976744186      5.284124318030772E-13    5.291076662428862E-13    0.25                     5.0E10                   2700                     4972.390437874591        2870.8109578228164       2502.294445801098
1.11261                  8.7                      0.11494252873563218      5.28646763305056E-13     5.292712708713568E-13    0.25                     5.0E10                   2700                     4972.390437874591        2870.8109578228164       2502.294445801098
1.11261                  8.8                      0.11363636363636362      5.288808194627888E-13    5.294353359429E-13       0.25                     5.0E10                   2700                     4972.390437874591        2870.8109578228164       2502.294445801098
1.11261                  8.9                      0.11235955056179775      5.291109517528068E-13    5.295964762334939E-13    0.25                     5.0E10                   2700                     4972.390437874591        2870.8109578228164       2502.294445801098
1.11261                  9                        0.11111111111111112      5.293387602500383E-13    5.297562358194335E-13    0.25                     5.0E10                   2700                     4972.390437874591        2870.8109578228164       2502.294445801098
1.11261                  9.1                      0.1098901098901099       5.295641078427568E-13    5.299145220013594E-13    0.25                     5.0E10                   2700                     4972.390437874591        2870.8109578228164       2502.294445801098
1.11261                  9.2                      0.10869565217391305      5.297868593335225E-13    5.300712393907388E-13    0.25                     5.0E10                   2700                     4972.390437874591        2870.8109578228164       2502.294445801098
1.11261                  9.3                      0.10752688172043011      5.300068836359641E-13    5.302262921706075E-13    0.25                     5.0E10                   2700                     4972.390437874591        2870.8109578228164       2502.294445801098
1.11261                  9.4                      0.10638297872340426      5.302240554628127E-13    5.303795859285994E-13    0.25                     5.0E10                   2700                     4972.390437874591        2870.8109578228164       2502.294445801098
1.11261                  9.5                      0.10526315789473685      5.304382566827924E-13    5.305310291364111E-13    0.25                     5.0E10                   2700                     4972.390437874591        2870.8109578228164       2502.294445801098
1.11261                  9.6                      0.10416666666666667      5.306493772371259E-13    5.306805342961183E-13    0.25                     5.0E10                   2700                     4972.390437874591        2870.8109578228164       2502.294445801098
1.11261                  9.700000000000001        0.1030927835051546       5.308573158803032E-13    5.30828018848045E-13     0.25                     5.0E10                   2700                     4972.390437874591        2870.8109578228164       2502.294445801098
1.11261                  9.8                      0.10204081632653059      5.310619806406124E-13    5.309734058431076E-13    0.25                     5.0E10                   2700                     4972.390437874591        2870.8109578228164       2502.294445801098
1.11261                  9.9                      0.101010101010101        5.312632890229306E-13    5.311166243903142E-13    0.25                     5.0E10                   2700                     4972.390437874591        2870.8109578228164       2502.294445801098
1.11261                  10                       0.1                      5.314148234593158E-13    5.31186753196755E-13     0.25                     5.0E10                   2700                     4972.390437874591        2870.8109578228164       2502.294445801098
