0.731218                 0.1                      10                       5.331283397698962E-13    5.33133943116969E-13     0.25                     5.0E10                   2700                     4031.0406707063735       2327.3224163466543       2502.294445801098
0.731218                 0.2                      5                        5.33761774418555E-13     5.330597074353281E-13    0.25                     5.0E10                   2700                     4031.0406707063735       2327.3224163466543       2502.294445801098
0.731218                 0.30000000000000004      3.3333333333333326       5.380695462868633E-13    5.331978827367464E-13    0.25                     5.0E10                   2700                     4031.0406707063735       2327.3224163466543       2502.294445801098
0.731218                 0.4                      2.5                      5.257790844415938E-13    5.199906990442419E-13    0.25                     5.0E10                   2700                     4031.0406707063735       2327.3224163466543       2502.294445801098
0.731218                 0.5                      2                        4.983011822075187E-13    5.02058194269965E-13     0.25                     5.0E10                   2700                     4031.0406707063735       2327.3224163466543       2502.294445801098
0.731218                 0.6                      1.6666666666666667       4.696976475645767E-13    4.877815414102944E-13    0.25                     5.0E10                   2700                     4031.0406707063735       2327.3224163466543       2502.294445801098
0.731218                 0.7000000000000001       1.4285714285714284       4.477739081661311E-13    4.840589955449994E-13    0.25                     5.0E10                   2700                     4031.0406707063735       2327.3224163466543       2502.294445801098
0.731218                 0.8                      1.25                     4.2718641718514546E-13   4.749516591716018E-13    0.25                     5.0E10                   2700                     4031.0406707063735       2327.3224163466543       2502.294445801098
0.731218                 0.9                      1.1111111111111112       4.294449143642327E-13    4.896715251035093E-13    0.25                     5.0E10                   2700                     4031.0406707063735       2327.3224163466543       2502.294445801098
0.731218                 1                        1                        4.241344062066503E-13    4.870710897234987E-13    0.25                     5.0E10                   2700                     4031.0406707063735       2327.3224163466543       2502.294445801098
0.731218                 1.1                      0.909090909090909        4.2239313961616386E-13   4.931959815688555E-13    0.25                     5.0E10                   2700                     4031.0406707063735       2327.3224163466543       2502.294445801098
0.731218                 1.2000000000000002       0.8333333333333331       4.336751732550812E-13    5.111673573990066E-13    0.25                     5.0E10                   2700                     4031.0406707063735       2327.3224163466543       2502.294445801098
0.731218                 1.3000000000000003       0.769230769230769        4.537474880535514E-13    5.326272117680698E-13    0.25                     5.0E10                   2700                     4031.0406707063735       2327.3224163466543       2502.294445801098
0.731218                 1.4000000000000001       0.7142857142857142       4.315799458768331E-13    4.998801634963866E-13    0.25                     5.0E10                   2700                     4031.0406707063735       2327.3224163466543       2502.294445801098
0.731218                 1.5000000000000002       0.6666666666666665       4.3802684794034633E-13   4.954532380856827E-13    0.25                     5.0E10                   2700                     4031.0406707063735       2327.3224163466543       2502.294445801098
0.731218                 1.6                      0.625                    4.770842162811188E-13    5.237769824257555E-13    0.25                     5.0E10                   2700                     4031.0406707063735       2327.3224163466543       2502.294445801098
0.731218                 1.7000000000000002       0.588235294117647        5.260653366978487E-13    5.601412994033766E-13    0.25                     5.0E10                   2700                     4031.0406707063735       2327.3224163466543       2502.294445801098
0.731218                 1.8000000000000003       0.5555555555555555       5.548039271699678E-13    5.739858309708466E-13    0.25                     5.0E10                   2700                     4031.0406707063735       2327.3224163466543       2502.294445801098
0.731218                 1.9000000000000001       0.5263157894736842       5.586431540237269E-13    5.629277262911537E-13    0.25                     5.0E10                   2700                     4031.0406707063735       2327.3224163466543       2502.294445801098
0.731218                 2                        0.5                      5.576823168263247E-13    5.487386221461129E-13    0.25                     5.0E10                   2700                     4031.0406707063735       2327.3224163466543       2502.294445801098
0.731218                 2.1                      0.47619047619047616      5.662261924464208E-13    5.457007704370222E-13    0.25                     5.0E10                   2700                     4031.0406707063735       2327.3224163466543       2502.294445801098
0.731218                 2.2                      0.4545454545454545       5.849370676846333E-13    5.541256909779397E-13    0.25                     5.0E10                   2700                     4031.0406707063735       2327.3224163466543       2502.294445801098
0.731218                 2.3000000000000003       0.43478260869565216      6.073780213569579E-13    5.676655674073105E-13    0.25                     5.0E10                   2700                     4031.0406707063735       2327.3224163466543       2502.294445801098
0.731218                 2.4000000000000004       0.4166666666666666       6.262918955853253E-13    5.7942100837008E-13      0.25                     5.0E10                   2700                     4031.0406707063735       2327.3224163466543       2502.294445801098
0.731218                 2.5000000000000004       0.3999999999999999       6.374187014828154E-13    5.852752565459158E-13    0.25                     5.0E10                   2700                     4031.0406707063735       2327.3224163466543       2502.294445801098
0.731218                 2.6                      0.3846153846153846       6.401355888520709E-13    5.846235620748649E-13    0.25                     5.0E10                   2700                     4031.0406707063735       2327.3224163466543       2502.294445801098
0.731218                 2.7                      0.37037037037037035      6.366611502319683E-13    5.792240856782342E-13    0.25                     5.0E10                   2700                     4031.0406707063735       2327.3224163466543       2502.294445801098
0.731218                 2.8000000000000003       0.3571428571428571       6.298487605526124E-13    5.714693292041237E-13    0.25                     5.0E10                   2700                     4031.0406707063735       2327.3224163466543       2502.294445801098
0.731218                 2.9000000000000004       0.3448275862068965       6.221217102334663E-13    5.633942889433961E-13    0.25                     5.0E10                   2700                     4031.0406707063735       2327.3224163466543       2502.294445801098
0.731218                 3.0000000000000004       0.33333333333333326      6.15106659275693E-13     5.563571200129661E-13    0.25                     5.0E10                   2700                     4031.0406707063735       2327.3224163466543       2502.294445801098
0.731218                 3.1                      0.32258064516129037      6.097082155499319E-13    5.511044172717224E-13    0.25                     5.0E10                   2700                     4031.0406707063735       2327.3224163466543       2502.294445801098
0.731218                 3.2                      0.3125                   6.06310846794898E-13     5.479444388816194E-13    0.25                     5.0E10                   2700                     4031.0406707063735       2327.3224163466543       2502.294445801098
0.731218                 3.3000000000000003       0.30303030303030304      6.049624878138164E-13    5.469034038055131E-13    0.25                     5.0E10                   2700                     4031.0406707063735       2327.3224163466543       2502.294445801098
0.731218                 3.4000000000000004       0.2941176470588235       6.055315168150118E-13    5.478585502188803E-13    0.25                     5.0E10                   2700                     4031.0406707063735       2327.3224163466543       2502.294445801098
0.731218                 3.5000000000000004       0.2857142857142857       6.076887332997384E-13    5.505134440339824E-13    0.25                     5.0E10                   2700                     4031.0406707063735       2327.3224163466543       2502.294445801098
0.731218                 3.6                      0.2777777777777778       6.111191570744332E-13    5.545880067908075E-13    0.25                     5.0E10                   2700                     4031.0406707063735       2327.3224163466543       2502.294445801098
0.731218                 3.7                      0.2702702702702703       6.154545296405648E-13    5.597497960226343E-13    0.25                     5.0E10                   2700                     4031.0406707063735       2327.3224163466543       2502.294445801098
0.731218                 3.8000000000000003       0.2631578947368421       6.203246977253363E-13    5.656587360059059E-13    0.25                     5.0E10                   2700                     4031.0406707063735       2327.3224163466543       2502.294445801098
0.731218                 3.9000000000000004       0.2564102564102564       6.253771028591867E-13    5.719832883691582E-13    0.25                     5.0E10                   2700                     4031.0406707063735       2327.3224163466543       2502.294445801098
0.731218                 4                        0.25                     6.302925818148124E-13    5.784142051036791E-13    0.25                     5.0E10                   2700                     4031.0406707063735       2327.3224163466543       2502.294445801098
0.731218                 4.1                      0.24390243902439027      6.347974408614056E-13    5.846759088418505E-13    0.25                     5.0E10                   2700                     4031.0406707063735       2327.3224163466543       2502.294445801098
0.731218                 4.2                      0.23809523809523808      6.386717591304391E-13    5.905352598520587E-13    0.25                     5.0E10                   2700                     4031.0406707063735       2327.3224163466543       2502.294445801098
0.731218                 4.3                      0.23255813953488372      6.417536753907829E-13    5.958072595348655E-13    0.25                     5.0E10                   2700                     4031.0406707063735       2327.3224163466543       2502.294445801098
0.731218                 4.3999999999999995       0.22727272727272732      6.439398523563801E-13    6.003575725026416E-13    0.25                     5.0E10                   2700                     4031.0406707063735       2327.3224163466543       2502.294445801098
0.731218                 4.5                      0.22222222222222224      6.451812163030924E-13    6.041009549808355E-13    0.25                     5.0E10                   2700                     4031.0406707063735       2327.3224163466543       2502.294445801098
0.731218                 4.6                      0.2173913043478261       6.454777256760645E-13    6.069982985742586E-13    0.25                     5.0E10                   2700                     4031.0406707063735       2327.3224163466543       2502.294445801098
0.731218                 4.7                      0.2127659574468085       6.448691997507801E-13    6.090500605124088E-13    0.25                     5.0E10                   2700                     4031.0406707063735       2327.3224163466543       2502.294445801098
0.731218                 4.8                      0.20833333333333334      6.434260977769927E-13    6.10289019047537E-13     0.25                     5.0E10                   2700                     4031.0406707063735       2327.3224163466543       2502.294445801098
0.731218                 4.9                      0.20408163265306117      6.412400942321849E-13    6.107723963909298E-13    0.25                     5.0E10                   2700                     4031.0406707063735       2327.3224163466543       2502.294445801098
0.731218                 5                        0.2                      6.385759030462358E-13    6.107419136786762E-13    0.25                     5.0E10                   2700                     4031.0406707063735       2327.3224163466543       2502.294445801098
0.731218                 5.1                      0.19607843137254904      6.351862202350622E-13    6.099128617366439E-13    0.25                     5.0E10                   2700                     4031.0406707063735       2327.3224163466543       2502.294445801098
0.731218                 5.2                      0.1923076923076923       6.313806315751468E-13    6.085786987283404E-13    0.25                     5.0E10                   2700                     4031.0406707063735       2327.3224163466543       2502.294445801098
0.731218                 5.3                      0.18867924528301888      6.272616649519884E-13    6.068265007630534E-13    0.25                     5.0E10                   2700                     4031.0406707063735       2327.3224163466543       2502.294445801098
0.731218                 5.4                      0.18518518518518517      6.229234144915948E-13    6.047393247221894E-13    0.25                     5.0E10                   2700                     4031.0406707063735       2327.3224163466543       2502.294445801098
0.731218                 5.5                      0.18181818181818182      6.184497825977391E-13    6.023939395230295E-13    0.25                     5.0E10                   2700                     4031.0406707063735       2327.3224163466543       2502.294445801098
0.731218                 5.6                      0.17857142857142858      6.139136937014646E-13    5.998594698238156E-13    0.25                     5.0E10                   2700                     4031.0406707063735       2327.3224163466543       2502.294445801098
0.731218                 5.7                      0.17543859649122806      6.093770397513795E-13    5.971967647909468E-13    0.25                     5.0E10                   2700                     4031.0406707063735       2327.3224163466543       2502.294445801098
0.731218                 5.8                      0.1724137931034483       6.04891140022142E-13     5.944583105742941E-13    0.25                     5.0E10                   2700                     4031.0406707063735       2327.3224163466543       2502.294445801098
0.731218                 5.9                      0.1694915254237288       6.00498211182975E-13     5.916892865645118E-13    0.25                     5.0E10                   2700                     4031.0406707063735       2327.3224163466543       2502.294445801098
0.731218                 6                        0.16666666666666666      5.962296673127115E-13    5.88925108316155E-13     0.25                     5.0E10                   2700                     4031.0406707063735       2327.3224163466543       2502.294445801098
0.731218                 6.1                      0.16393442622950818      5.921111443634144E-13    5.861965613932265E-13    0.25                     5.0E10                   2700                     4031.0406707063735       2327.3224163466543       2502.294445801098
0.731218                 6.2                      0.16129032258064518      5.88160950147249E-13     5.83527634787029E-13     0.25                     5.0E10                   2700                     4031.0406707063735       2327.3224163466543       2502.294445801098
0.731218                 6.3                      0.15873015873015872      5.843917214392042E-13    5.809370088722368E-13    0.25                     5.0E10                   2700                     4031.0406707063735       2327.3224163466543       2502.294445801098
0.731218                 6.4                      0.15625                  5.808113580117621E-13    5.784387953882724E-13    0.25                     5.0E10                   2700                     4031.0406707063735       2327.3224163466543       2502.294445801098
0.731218                 6.5                      0.15384615384615383      5.774238620355451E-13    5.760432270936626E-13    0.25                     5.0E10                   2700                     4031.0406707063735       2327.3224163466543       2502.294445801098
0.731218                 6.6                      0.15151515151515152      5.742300772116746E-13    5.737572842704562E-13    0.25                     5.0E10                   2700                     4031.0406707063735       2327.3224163466543       2502.294445801098
0.731218                 6.7                      0.1492537313432836       5.712283289899856E-13    5.715852527107722E-13    0.25                     5.0E10                   2700                     4031.0406707063735       2327.3224163466543       2502.294445801098
0.731218                 6.8                      0.14705882352941177      5.684149714280202E-13    5.695292128753558E-13    0.25                     5.0E10                   2700                     4031.0406707063735       2327.3224163466543       2502.294445801098
0.731218                 6.9                      0.14492753623188404      5.657848487177162E-13    5.675894631551005E-13    0.25                     5.0E10                   2700                     4031.0406707063735       2327.3224163466543       2502.294445801098
0.731218                 7                        0.14285714285714285      5.633316806015227E-13    5.657648821308499E-13    0.25                     5.0E10                   2700                     4031.0406707063735       2327.3224163466543       2502.294445801098
0.731218                 7.1                      0.14084507042253522      5.610483808991187E-13    5.640532356049084E-13    0.25                     5.0E10                   2700                     4031.0406707063735       2327.3224163466543       2502.294445801098
0.731218                 7.2                      0.1388888888888889       5.589273183962804E-13    5.624514346665597E-13    0.25                     5.0E10                   2700                     4031.0406707063735       2327.3224163466543       2502.294445801098
0.731218                 7.3                      0.13698630136986303      5.569605282817724E-13    5.609557507896641E-13    0.25                     5.0E10                   2700                     4031.0406707063735       2327.3224163466543       2502.294445801098
0.731218                 7.4                      0.13513513513513514      5.551398818880649E-13    5.595619938207617E-13    0.25                     5.0E10                   2700                     4031.0406707063735       2327.3224163466543       2502.294445801098
0.731218                 7.5                      0.13333333333333333      5.534572213081377E-13    5.582656580482823E-13    0.25                     5.0E10                   2700                     4031.0406707063735       2327.3224163466543       2502.294445801098
0.731218                 7.6                      0.13157894736842105      5.519044648636209E-13    5.570620412036755E-13    0.25                     5.0E10                   2700                     4031.0406707063735       2327.3224163466543       2502.294445801098
0.731218                 7.7                      0.12987012987012989      5.504736883601509E-13    5.559463404997599E-13    0.25                     5.0E10                   2700                     4031.0406707063735       2327.3224163466543       2502.294445801098
0.731218                 7.8                      0.12820512820512822      5.491571864672137E-13    5.549137294213987E-13    0.25                     5.0E10                   2700                     4031.0406707063735       2327.3224163466543       2502.294445801098
0.731218                 7.9                      0.12658227848101267      5.479475178421299E-13    5.539594184048578E-13    0.25                     5.0E10                   2700                     4031.0406707063735       2327.3224163466543       2502.294445801098
0.731218                 8                        0.125                    5.468375370353867E-13    5.530787021306947E-13    0.25                     5.0E10                   2700                     4031.0406707063735       2327.3224163466543       2502.294445801098
0.731218                 8.1                      0.1234567901234568       5.458204158105444E-13    5.522669957613941E-13    0.25                     5.0E10                   2700                     4031.0406707063735       2327.3224163466543       2502.294445801098
0.731218                 8.2                      0.12195121951219513      5.448896558036078E-13    5.515198619933934E-13    0.25                     5.0E10                   2700                     4031.0406707063735       2327.3224163466543       2502.294445801098
0.731218                 8.3                      0.12048192771084336      5.44039094515666E-13     5.508330306901963E-13    0.25                     5.0E10                   2700                     4031.0406707063735       2327.3224163466543       2502.294445801098
0.731218                 8.4                      0.11904761904761904      5.432629058946163E-13    5.502024123851873E-13    0.25                     5.0E10                   2700                     4031.0406707063735       2327.3224163466543       2502.294445801098
0.731218                 8.5                      0.11764705882352941      5.425555967972246E-13    5.496241068572664E-13    0.25                     5.0E10                   2700                     4031.0406707063735       2327.3224163466543       2502.294445801098
0.731218                 8.6                      0.11627906976744186      5.419120002648415E-13    5.490944077444731E-13    0.25                     5.0E10                   2700                     4031.0406707063735       2327.3224163466543       2502.294445801098
0.731218                 8.7                      0.11494252873563218      5.41327266400497E-13     5.486098039740848E-13    0.25                     5.0E10                   2700                     4031.0406707063735       2327.3224163466543       2502.294445801098
0.731218                 8.8                      0.11363636363636362      5.40798451166452E-13     5.481688110143745E-13    0.25                     5.0E10                   2700                     4031.0406707063735       2327.3224163466543       2502.294445801098
0.731218                 8.9                      0.11235955056179775      5.403181362612674E-13    5.477646772251214E-13    0.25                     5.0E10                   2700                     4031.0406707063735       2327.3224163466543       2502.294445801098
0.731218                 9                        0.11111111111111112      5.398839223217E-13       5.473962574626129E-13    0.25                     5.0E10                   2700                     4031.0406707063735       2327.3224163466543       2502.294445801098
0.731218                 9.1                      0.1098901098901099       5.39492108766888E-13     5.470607938076747E-13    0.25                     5.0E10                   2700                     4031.0406707063735       2327.3224163466543       2502.294445801098
0.731218                 9.2                      0.10869565217391305      5.39139249190994E-13     5.467557028862469E-13    0.25                     5.0E10                   2700                     4031.0406707063735       2327.3224163466543       2502.294445801098
0.731218                 9.3                      0.10752688172043011      5.388221377674689E-13    5.464785688233311E-13    0.25                     5.0E10                   2700                     4031.0406707063735       2327.3224163466543       2502.294445801098
0.731218                 9.4                      0.10638297872340426      5.385377957462747E-13    5.462271358039042E-13    0.25                     5.0E10                   2700                     4031.0406707063735       2327.3224163466543       2502.294445801098
0.731218                 9.5                      0.10526315789473685      5.382834583132339E-13    5.459993004430815E-13    0.25                     5.0E10                   2700                     4031.0406707063735       2327.3224163466543       2502.294445801098
0.731218                 9.6                      0.10416666666666667      5.380565616882051E-13    5.457931040328789E-13    0.25                     5.0E10                   2700                     4031.0406707063735       2327.3224163466543       2502.294445801098
0.731218                 9.700000000000001        0.1030927835051546       5.378547307852466E-13    5.456067248498899E-13    0.25                     5.0E10                   2700                     4031.0406707063735       2327.3224163466543       2502.294445801098
0.731218                 9.8                      0.10204081632653059      5.376757673099154E-13    5.454384705480284E-13    0.25                     5.0E10                   2700                     4031.0406707063735       2327.3224163466543       2502.294445801098
0.731218                 9.9                      0.101010101010101        5.375176383172428E-13    5.452867706839563E-13    0.25                     5.0E10                   2700                     4031.0406707063735       2327.3224163466543       2502.294445801098
0.731218                 10                       0.1                      5.373345441099359E-13    5.450706677272877E-13    0.25                     5.0E10                   2700                     4031.0406707063735       2327.3224163466543       2502.294445801098
