1.84718                  0.1                      10                       5.331203168755077E-13    5.331298617983263E-13    0.25                     5.0E10                   2700                     6406.905996223485        3699.0289015922563       2502.294445801098
1.84718                  0.2                      5                        5.327824427153361E-13    5.33141579383575E-13     0.25                     5.0E10                   2700                     6406.905996223485        3699.0289015922563       2502.294445801098
1.84718                  0.30000000000000004      3.3333333333333326       5.376659169511522E-13    5.364565461494129E-13    0.25                     5.0E10                   2700                     6406.905996223485        3699.0289015922563       2502.294445801098
1.84718                  0.4                      2.5                      5.592480420872564E-13    5.326546722905426E-13    0.25                     5.0E10                   2700                     6406.905996223485        3699.0289015922563       2502.294445801098
1.84718                  0.5                      2                        5.974963739548051E-13    5.419246625744596E-13    0.25                     5.0E10                   2700                     6406.905996223485        3699.0289015922563       2502.294445801098
1.84718                  0.6                      1.6666666666666667       6.419753613536315E-13    5.578285903196046E-13    0.25                     5.0E10                   2700                     6406.905996223485        3699.0289015922563       2502.294445801098
1.84718                  0.7000000000000001       1.4285714285714284       6.896539603713316E-13    5.703633518869029E-13    0.25                     5.0E10                   2700                     6406.905996223485        3699.0289015922563       2502.294445801098
1.84718                  0.8                      1.25                     7.47749905318669E-13     5.858616872134946E-13    0.25                     5.0E10                   2700                     6406.905996223485        3699.0289015922563       2502.294445801098
1.84718                  0.9                      1.1111111111111112       7.72633138134206E-13     5.891864042448941E-13    0.25                     5.0E10                   2700                     6406.905996223485        3699.0289015922563       2502.294445801098
1.84718                  1                        1                        8.160421297857849E-13    6.1569157521097E-13      0.25                     5.0E10                   2700                     6406.905996223485        3699.0289015922563       2502.294445801098
1.84718                  1.1                      0.909090909090909        7.763638690647345E-13    5.939360510795628E-13    0.25                     5.0E10                   2700                     6406.905996223485        3699.0289015922563       2502.294445801098
1.84718                  1.2000000000000002       0.8333333333333331       6.862809183703372E-13    5.316704602372495E-13    0.25                     5.0E10                   2700                     6406.905996223485        3699.0289015922563       2502.294445801098
1.84718                  1.3000000000000003       0.769230769230769        6.82628951521676E-13     5.488348542964137E-13    0.25                     5.0E10                   2700                     6406.905996223485        3699.0289015922563       2502.294445801098
1.84718                  1.4000000000000001       0.7142857142857142       6.443750027378427E-13    5.555349582788539E-13    0.25                     5.0E10                   2700                     6406.905996223485        3699.0289015922563       2502.294445801098
1.84718                  1.5000000000000002       0.6666666666666665       5.503484193298998E-13    5.118341881659461E-13    0.25                     5.0E10                   2700                     6406.905996223485        3699.0289015922563       2502.294445801098
1.84718                  1.6                      0.625                    4.972057844754858E-13    4.930460731739809E-13    0.25                     5.0E10                   2700                     6406.905996223485        3699.0289015922563       2502.294445801098
1.84718                  1.7000000000000002       0.588235294117647        4.703826940220531E-13    4.918671043471801E-13    0.25                     5.0E10                   2700                     6406.905996223485        3699.0289015922563       2502.294445801098
1.84718                  1.8000000000000003       0.5555555555555555       4.3274393818789265E-13   4.732223688431831E-13    0.25                     5.0E10                   2700                     6406.905996223485        3699.0289015922563       2502.294445801098
1.84718                  1.9000000000000001       0.5263157894736842       3.8874372791126196E-13   4.407159203549964E-13    0.25                     5.0E10                   2700                     6406.905996223485        3699.0289015922563       2502.294445801098
1.84718                  2                        0.5                      3.55921044650753E-13     4.1442129452150865E-13   0.25                     5.0E10                   2700                     6406.905996223485        3699.0289015922563       2502.294445801098
1.84718                  2.1                      0.47619047619047616      3.3933790737590075E-13   4.022948051316425E-13    0.25                     5.0E10                   2700                     6406.905996223485        3699.0289015922563       2502.294445801098
1.84718                  2.2                      0.4545454545454545       3.3634337936777196E-13   4.030649232369632E-13    0.25                     5.0E10                   2700                     6406.905996223485        3699.0289015922563       2502.294445801098
1.84718                  2.3000000000000003       0.43478260869565216      3.4288891567565017E-13   4.1304948675445955E-13   0.25                     5.0E10                   2700                     6406.905996223485        3699.0289015922563       2502.294445801098
1.84718                  2.4000000000000004       0.4166666666666666       3.5543475094659047E-13   4.286442861499259E-13    0.25                     5.0E10                   2700                     6406.905996223485        3699.0289015922563       2502.294445801098
1.84718                  2.5000000000000004       0.3999999999999999       3.713493755680968E-13    4.4698839494504594E-13   0.25                     5.0E10                   2700                     6406.905996223485        3699.0289015922563       2502.294445801098
1.84718                  2.6                      0.3846153846153846       3.875278678191488E-13    4.648312885248265E-13    0.25                     5.0E10                   2700                     6406.905996223485        3699.0289015922563       2502.294445801098
1.84718                  2.7                      0.37037037037037035      4.022209902576976E-13    4.802334432867447E-13    0.25                     5.0E10                   2700                     6406.905996223485        3699.0289015922563       2502.294445801098
1.84718                  2.8000000000000003       0.3571428571428571       4.1391316511364154E-13   4.916046152210543E-13    0.25                     5.0E10                   2700                     6406.905996223485        3699.0289015922563       2502.294445801098
1.84718                  2.9000000000000004       0.3448275862068965       4.2178866035356703E-13   4.981612514789009E-13    0.25                     5.0E10                   2700                     6406.905996223485        3699.0289015922563       2502.294445801098
1.84718                  3.0000000000000004       0.33333333333333326      4.257697757728226E-13    4.999585467513501E-13    0.25                     5.0E10                   2700                     6406.905996223485        3699.0289015922563       2502.294445801098
1.84718                  3.1                      0.32258064516129037      4.2637787280628494E-13   4.977178469939534E-13    0.25                     5.0E10                   2700                     6406.905996223485        3699.0289015922563       2502.294445801098
1.84718                  3.2                      0.3125                   4.244791591893056E-13    4.925261540931488E-13    0.25                     5.0E10                   2700                     6406.905996223485        3699.0289015922563       2502.294445801098
1.84718                  3.3000000000000003       0.30303030303030304      4.210249563945497E-13    4.855372828322591E-13    0.25                     5.0E10                   2700                     6406.905996223485        3699.0289015922563       2502.294445801098
1.84718                  3.4000000000000004       0.2941176470588235       4.168598000652895E-13    4.777581521011171E-13    0.25                     5.0E10                   2700                     6406.905996223485        3699.0289015922563       2502.294445801098
1.84718                  3.5000000000000004       0.2857142857142857       4.1266182088745325E-13   4.699782114386857E-13    0.25                     5.0E10                   2700                     6406.905996223485        3699.0289015922563       2502.294445801098
1.84718                  3.6                      0.2777777777777778       4.08886924588904E-13     4.62730376287978E-13     0.25                     5.0E10                   2700                     6406.905996223485        3699.0289015922563       2502.294445801098
1.84718                  3.7                      0.2702702702702703       4.0581836422286267E-13   4.563392003692176E-13    0.25                     5.0E10                   2700                     6406.905996223485        3699.0289015922563       2502.294445801098
1.84718                  3.8000000000000003       0.2631578947368421       4.036020749300478E-13    4.5096911537648427E-13   0.25                     5.0E10                   2700                     6406.905996223485        3699.0289015922563       2502.294445801098
1.84718                  3.9000000000000004       0.2564102564102564       4.0228602648931776E-13   4.466720494628969E-13    0.25                     5.0E10                   2700                     6406.905996223485        3699.0289015922563       2502.294445801098
1.84718                  4                        0.25                     4.018534075020033E-13    4.4342659308529976E-13   0.25                     5.0E10                   2700                     6406.905996223485        3699.0289015922563       2502.294445801098
1.84718                  4.1                      0.24390243902439027      4.0224745560154197E-13   4.4116693174513694E-13   0.25                     5.0E10                   2700                     6406.905996223485        3699.0289015922563       2502.294445801098
1.84718                  4.2                      0.23809523809523808      4.033889816152278E-13    4.398029865992547E-13    0.25                     5.0E10                   2700                     6406.905996223485        3699.0289015922563       2502.294445801098
1.84718                  4.3                      0.23255813953488372      4.0518819922367467E-13   4.392338055328462E-13    0.25                     5.0E10                   2700                     6406.905996223485        3699.0289015922563       2502.294445801098
1.84718                  4.3999999999999995       0.22727272727272732      4.0755270542458756E-13   4.393563487955677E-13    0.25                     5.0E10                   2700                     6406.905996223485        3699.0289015922563       2502.294445801098
1.84718                  4.5                      0.22222222222222224      4.103912300256245E-13    4.4006985140207536E-13   0.25                     5.0E10                   2700                     6406.905996223485        3699.0289015922563       2502.294445801098
1.84718                  4.6                      0.2173913043478261       4.1361816713157106E-13   4.4128018536992573E-13   0.25                     5.0E10                   2700                     6406.905996223485        3699.0289015922563       2502.294445801098
1.84718                  4.7                      0.2127659574468085       4.171541632559613E-13    4.4290063055152723E-13   0.25                     5.0E10                   2700                     6406.905996223485        3699.0289015922563       2502.294445801098
1.84718                  4.8                      0.20833333333333334      4.209271946667592E-13    4.4485280015025745E-13   0.25                     5.0E10                   2700                     6406.905996223485        3699.0289015922563       2502.294445801098
1.84718                  4.9                      0.20408163265306117      4.248728491881305E-13    4.470667853061439E-13    0.25                     5.0E10                   2700                     6406.905996223485        3699.0289015922563       2502.294445801098
1.84718                  5                        0.2                      4.290206779345685E-13    4.495956443191108E-13    0.25                     5.0E10                   2700                     6406.905996223485        3699.0289015922563       2502.294445801098
1.84718                  5.1                      0.19607843137254904      4.3315030028683003E-13   4.521580322213196E-13    0.25                     5.0E10                   2700                     6406.905996223485        3699.0289015922563       2502.294445801098
1.84718                  5.2                      0.1923076923076923       4.373018687164656E-13    4.548186833405355E-13    0.25                     5.0E10                   2700                     6406.905996223485        3699.0289015922563       2502.294445801098
1.84718                  5.3                      0.18867924528301888      4.4143929057449284E-13   4.575381846209219E-13    0.25                     5.0E10                   2700                     6406.905996223485        3699.0289015922563       2502.294445801098
1.84718                  5.4                      0.18518518518518517      4.455322762379851E-13    4.602831784099128E-13    0.25                     5.0E10                   2700                     6406.905996223485        3699.0289015922563       2502.294445801098
1.84718                  5.5                      0.18181818181818182      4.4955579727814574E-13   4.630257556464564E-13    0.25                     5.0E10                   2700                     6406.905996223485        3699.0289015922563       2502.294445801098
1.84718                  5.6                      0.17857142857142858      4.5348954615069817E-13   4.657428661161571E-13    0.25                     5.0E10                   2700                     6406.905996223485        3699.0289015922563       2502.294445801098
1.84718                  5.7                      0.17543859649122806      4.573174101010739E-13    4.684157562598183E-13    0.25                     5.0E10                   2700                     6406.905996223485        3699.0289015922563       2502.294445801098
1.84718                  5.8                      0.1724137931034483       4.610269682735303E-13    4.71029441199849E-13     0.25                     5.0E10                   2700                     6406.905996223485        3699.0289015922563       2502.294445801098
1.84718                  5.9                      0.1694915254237288       4.646095563268929E-13    4.735726739466385E-13    0.25                     5.0E10                   2700                     6406.905996223485        3699.0289015922563       2502.294445801098
1.84718                  6                        0.16666666666666666      4.680577103565453E-13    4.760356908369606E-13    0.25                     5.0E10                   2700                     6406.905996223485        3699.0289015922563       2502.294445801098
1.84718                  6.1                      0.16393442622950818      4.713678857304865E-13    4.78412468327536E-13     0.25                     5.0E10                   2700                     6406.905996223485        3699.0289015922563       2502.294445801098
1.84718                  6.2                      0.16129032258064518      4.745380412748759E-13    4.806986062149381E-13    0.25                     5.0E10                   2700                     6406.905996223485        3699.0289015922563       2502.294445801098
1.84718                  6.3                      0.15873015873015872      4.775678137503258E-13    4.828914304440658E-13    0.25                     5.0E10                   2700                     6406.905996223485        3699.0289015922563       2502.294445801098
1.84718                  6.4                      0.15625                  4.804582238982552E-13    4.84989702585615E-13     0.25                     5.0E10                   2700                     6406.905996223485        3699.0289015922563       2502.294445801098
1.84718                  6.5                      0.15384615384615383      4.832114169382917E-13    4.869933645472188E-13    0.25                     5.0E10                   2700                     6406.905996223485        3699.0289015922563       2502.294445801098
1.84718                  6.6                      0.15151515151515152      4.858304354397032E-13    4.889033159255767E-13    0.25                     5.0E10                   2700                     6406.905996223485        3699.0289015922563       2502.294445801098
1.84718                  6.7                      0.1492537313432836       4.883190222998334E-13    4.907212212856235E-13    0.25                     5.0E10                   2700                     6406.905996223485        3699.0289015922563       2502.294445801098
1.84718                  6.8                      0.14705882352941177      4.906814513036331E-13    4.924493445846342E-13    0.25                     5.0E10                   2700                     6406.905996223485        3699.0289015922563       2502.294445801098
1.84718                  6.9                      0.14492753623188404      4.929223826158521E-13    4.940904079627611E-13    0.25                     5.0E10                   2700                     6406.905996223485        3699.0289015922563       2502.294445801098
1.84718                  7                        0.14285714285714285      4.950467407540413E-13    4.956474722683216E-13    0.25                     5.0E10                   2700                     6406.905996223485        3699.0289015922563       2502.294445801098
1.84718                  7.1                      0.14084507042253522      4.970596124231703E-13    4.971238367726736E-13    0.25                     5.0E10                   2700                     6406.905996223485        3699.0289015922563       2502.294445801098
1.84718                  7.2                      0.1388888888888889       4.989661620135985E-13    4.985229557558601E-13    0.25                     5.0E10                   2700                     6406.905996223485        3699.0289015922563       2502.294445801098
1.84718                  7.3                      0.13698630136986303      5.007715623179961E-13    4.998483696889384E-13    0.25                     5.0E10                   2700                     6406.905996223485        3699.0289015922563       2502.294445801098
1.84718                  7.4                      0.13513513513513514      5.024809386992014E-13    5.011036491800673E-13    0.25                     5.0E10                   2700                     6406.905996223485        3699.0289015922563       2502.294445801098
1.84718                  7.5                      0.13333333333333333      5.04099324592418E-13     5.02292349737223E-13     0.25                     5.0E10                   2700                     6406.905996223485        3699.0289015922563       2502.294445801098
1.84718                  7.6                      0.13157894736842105      5.056316268832285E-13    5.034179758901309E-13    0.25                     5.0E10                   2700                     6406.905996223485        3699.0289015922563       2502.294445801098
1.84718                  7.7                      0.12987012987012989      5.07082599545525E-13     5.044839531626876E-13    0.25                     5.0E10                   2700                     6406.905996223485        3699.0289015922563       2502.294445801098
1.84718                  7.8                      0.12820512820512822      5.084568242737348E-13    5.054936067004147E-13    0.25                     5.0E10                   2700                     6406.905996223485        3699.0289015922563       2502.294445801098
1.84718                  7.9                      0.12658227848101267      5.097586969310307E-13    5.064501454380981E-13    0.25                     5.0E10                   2700                     6406.905996223485        3699.0289015922563       2502.294445801098
1.84718                  8                        0.125                    5.109924188295112E-13    5.07356650897792E-13     0.25                     5.0E10                   2700                     6406.905996223485        3699.0289015922563       2502.294445801098
1.84718                  8.1                      0.1234567901234568       5.121619919988487E-13    5.082160697890329E-13    0.25                     5.0E10                   2700                     6406.905996223485        3699.0289015922563       2502.294445801098
1.84718                  8.2                      0.12195121951219513      5.132712175884819E-13    5.090312096865707E-13    0.25                     5.0E10                   2700                     6406.905996223485        3699.0289015922563       2502.294445801098
1.84718                  8.3                      0.12048192771084336      5.143236969245452E-13    5.098047372549327E-13    0.25                     5.0E10                   2700                     6406.905996223485        3699.0289015922563       2502.294445801098
1.84718                  8.4                      0.11904761904761904      5.153228345443948E-13    5.105391784560502E-13    0.25                     5.0E10                   2700                     6406.905996223485        3699.0289015922563       2502.294445801098
1.84718                  8.5                      0.11764705882352941      5.162718428243556E-13    5.112369203428214E-13    0.25                     5.0E10                   2700                     6406.905996223485        3699.0289015922563       2502.294445801098
1.84718                  8.6                      0.11627906976744186      5.171737478187129E-13    5.119002141009591E-13    0.25                     5.0E10                   2700                     6406.905996223485        3699.0289015922563       2502.294445801098
1.84718                  8.7                      0.11494252873563218      5.1803139595665E-13      5.125311789996942E-13    0.25                     5.0E10                   2700                     6406.905996223485        3699.0289015922563       2502.294445801098
1.84718                  8.8                      0.11363636363636362      5.188491791413444E-13    5.131333675892279E-13    0.25                     5.0E10                   2700                     6406.905996223485        3699.0289015922563       2502.294445801098
1.84718                  8.9                      0.11235955056179775      5.196262115913084E-13    5.137055692930636E-13    0.25                     5.0E10                   2700                     6406.905996223485        3699.0289015922563       2502.294445801098
1.84718                  9                        0.11111111111111112      5.203665235088242E-13    5.142510570513157E-13    0.25                     5.0E10                   2700                     6406.905996223485        3699.0289015922563       2502.294445801098
1.84718                  9.1                      0.1098901098901099       5.210723191953256E-13    5.147714729884733E-13    0.25                     5.0E10                   2700                     6406.905996223485        3699.0289015922563       2502.294445801098
1.84718                  9.2                      0.10869565217391305      5.217456623278854E-13    5.152683538798738E-13    0.25                     5.0E10                   2700                     6406.905996223485        3699.0289015922563       2502.294445801098
1.84718                  9.3                      0.10752688172043011      5.223884838661535E-13    5.157431368620693E-13    0.25                     5.0E10                   2700                     6406.905996223485        3699.0289015922563       2502.294445801098
1.84718                  9.4                      0.10638297872340426      5.230025897332367E-13    5.161971650602684E-13    0.25                     5.0E10                   2700                     6406.905996223485        3699.0289015922563       2502.294445801098
1.84718                  9.5                      0.10526315789473685      5.235896683204444E-13    5.16631693094002E-13     0.25                     5.0E10                   2700                     6406.905996223485        3699.0289015922563       2502.294445801098
1.84718                  9.6                      0.10416666666666667      5.241512976288585E-13    5.170478924072376E-13    0.25                     5.0E10                   2700                     6406.905996223485        3699.0289015922563       2502.294445801098
1.84718                  9.700000000000001        0.1030927835051546       5.246889522146718E-13    5.174468564254198E-13    0.25                     5.0E10                   2700                     6406.905996223485        3699.0289015922563       2502.294445801098
1.84718                  9.8                      0.10204081632653059      5.252040097837773E-13    5.178296054986885E-13    0.25                     5.0E10                   2700                     6406.905996223485        3699.0289015922563       2502.294445801098
1.84718                  9.9                      0.101010101010101        5.256977573969084E-13    5.181970915817907E-13    0.25                     5.0E10                   2700                     6406.905996223485        3699.0289015922563       2502.294445801098
1.84718                  10                       0.1                      5.261404236869355E-13    5.184918504525578E-13    0.25                     5.0E10                   2700                     6406.905996223485        3699.0289015922563       2502.294445801098
