1.9033                   0.1                      10                       5.331213489876025E-13    5.331292005765589E-13    0.25                     5.0E10                   2700                     6503.503329402973        3754.799397906434        2502.294445801098
1.9033                   0.2                      5                        5.327522818952013E-13    5.331385608521087E-13    0.25                     5.0E10                   2700                     6503.503329402973        3754.799397906434        2502.294445801098
1.9033                   0.30000000000000004      3.3333333333333326       5.377967195164337E-13    5.364992000334553E-13    0.25                     5.0E10                   2700                     6503.503329402973        3754.799397906434        2502.294445801098
1.9033                   0.4                      2.5                      5.604997857953122E-13    5.323535538255857E-13    0.25                     5.0E10                   2700                     6503.503329402973        3754.799397906434        2502.294445801098
1.9033                   0.5                      2                        5.998398159758914E-13    5.415393988541931E-13    0.25                     5.0E10                   2700                     6503.503329402973        3754.799397906434        2502.294445801098
1.9033                   0.6                      1.6666666666666667       6.462231657421984E-13    5.580066719742353E-13    0.25                     5.0E10                   2700                     6503.503329402973        3754.799397906434        2502.294445801098
1.9033                   0.7000000000000001       1.4285714285714284       6.96147252514869E-13     5.711073323323113E-13    0.25                     5.0E10                   2700                     6503.503329402973        3754.799397906434        2502.294445801098
1.9033                   0.8                      1.25                     7.578103691873606E-13    5.879740041060012E-13    0.25                     5.0E10                   2700                     6503.503329402973        3754.799397906434        2502.294445801098
1.9033                   0.9                      1.1111111111111112       7.827765446728351E-13    5.906025029428629E-13    0.25                     5.0E10                   2700                     6503.503329402973        3754.799397906434        2502.294445801098
1.9033                   1                        1                        8.311609747976678E-13    6.202889239898836E-13    0.25                     5.0E10                   2700                     6503.503329402973        3754.799397906434        2502.294445801098
1.9033                   1.1                      0.909090909090909        7.87856847686134E-13     5.955338234447775E-13    0.25                     5.0E10                   2700                     6503.503329402973        3754.799397906434        2502.294445801098
1.9033                   1.2000000000000002       0.8333333333333331       6.935748591547513E-13    5.314146474732279E-13    0.25                     5.0E10                   2700                     6503.503329402973        3754.799397906434        2502.294445801098
1.9033                   1.3000000000000003       0.769230769230769        6.874204688527817E-13    5.491108429213318E-13    0.25                     5.0E10                   2700                     6503.503329402973        3754.799397906434        2502.294445801098
1.9033                   1.4000000000000001       0.7142857142857142       6.410299265741738E-13    5.522585665228049E-13    0.25                     5.0E10                   2700                     6503.503329402973        3754.799397906434        2502.294445801098
1.9033                   1.5000000000000002       0.6666666666666665       5.440981989489507E-13    5.078567758815479E-13    0.25                     5.0E10                   2700                     6503.503329402973        3754.799397906434        2502.294445801098
1.9033                   1.6                      0.625                    4.924625011766428E-13    4.915323369034262E-13    0.25                     5.0E10                   2700                     6503.503329402973        3754.799397906434        2502.294445801098
1.9033                   1.7000000000000002       0.588235294117647        4.649857440268331E-13    4.90423799355844E-13     0.25                     5.0E10                   2700                     6503.503329402973        3754.799397906434        2502.294445801098
1.9033                   1.8000000000000003       0.5555555555555555       4.243335056327719E-13    4.686684295193955E-13    0.25                     5.0E10                   2700                     6503.503329402973        3754.799397906434        2502.294445801098
1.9033                   1.9000000000000001       0.5263157894736842       3.784027674291598E-13    4.335265283750184E-13    0.25                     5.0E10                   2700                     6503.503329402973        3754.799397906434        2502.294445801098
1.9033                   2                        0.5                      3.455535614272343E-13    4.0656732213433114E-13   0.25                     5.0E10                   2700                     6503.503329402973        3754.799397906434        2502.294445801098
1.9033                   2.1                      0.47619047619047616      3.299160055585064E-13    3.950411123243881E-13    0.25                     5.0E10                   2700                     6503.503329402973        3754.799397906434        2502.294445801098
1.9033                   2.2                      0.4545454545454545       3.2816630200765776E-13   3.9696016837740204E-13   0.25                     5.0E10                   2700                     6503.503329402973        3754.799397906434        2502.294445801098
1.9033                   2.3000000000000003       0.43478260869565216      3.3596403884530246E-13   4.0825675049166463E-13   0.25                     5.0E10                   2700                     6503.503329402973        3754.799397906434        2502.294445801098
1.9033                   2.4000000000000004       0.4166666666666666       3.496275175861313E-13    4.2509997419087293E-13   0.25                     5.0E10                   2700                     6503.503329402973        3754.799397906434        2502.294445801098
1.9033                   2.5000000000000004       0.3999999999999999       3.6643792597290477E-13   4.444785149420076E-13    0.25                     5.0E10                   2700                     6503.503329402973        3754.799397906434        2502.294445801098
1.9033                   2.6                      0.3846153846153846       3.8322330852488093E-13   4.630209300895708E-13    0.25                     5.0E10                   2700                     6503.503329402973        3754.799397906434        2502.294445801098
1.9033                   2.7                      0.37037037037037035      3.982311762392559E-13    4.787648989109507E-13    0.25                     5.0E10                   2700                     6503.503329402973        3754.799397906434        2502.294445801098
1.9033                   2.8000000000000003       0.3571428571428571       4.0998381816747317E-13   4.901544652761577E-13    0.25                     5.0E10                   2700                     6503.503329402973        3754.799397906434        2502.294445801098
1.9033                   2.9000000000000004       0.3448275862068965       4.1773938420545967E-13   4.964915071592401E-13    0.25                     5.0E10                   2700                     6503.503329402973        3754.799397906434        2502.294445801098
1.9033                   3.0000000000000004       0.33333333333333326      4.215064703512428E-13    4.979368265375377E-13    0.25                     5.0E10                   2700                     6503.503329402973        3754.799397906434        2502.294445801098
1.9033                   3.1                      0.32258064516129037      4.218814689946812E-13    4.953067615210374E-13    0.25                     5.0E10                   2700                     6503.503329402973        3754.799397906434        2502.294445801098
1.9033                   3.2                      0.3125                   4.1978088041889625E-13   4.897545331169433E-13    0.25                     5.0E10                   2700                     6503.503329402973        3754.799397906434        2502.294445801098
1.9033                   3.3000000000000003       0.30303030303030304      4.1618032999702185E-13   4.8246856619017E-13      0.25                     5.0E10                   2700                     6503.503329402973        3754.799397906434        2502.294445801098
1.9033                   3.4000000000000004       0.2941176470588235       4.1192855224034893E-13   4.744650159514688E-13    0.25                     5.0E10                   2700                     6503.503329402973        3754.799397906434        2502.294445801098
1.9033                   3.5000000000000004       0.2857142857142857       4.0769876961632464E-13   4.665305160373154E-13    0.25                     5.0E10                   2700                     6503.503329402973        3754.799397906434        2502.294445801098
1.9033                   3.6                      0.2777777777777778       4.0393545351916504E-13   4.591858277950246E-13    0.25                     5.0E10                   2700                     6503.503329402973        3754.799397906434        2502.294445801098
1.9033                   3.7                      0.2702702702702703       4.009108859233507E-13    4.527429896086629E-13    0.25                     5.0E10                   2700                     6503.503329402973        3754.799397906434        2502.294445801098
1.9033                   3.8000000000000003       0.2631578947368421       3.98761687605866E-13     4.473552039159621E-13    0.25                     5.0E10                   2700                     6503.503329402973        3754.799397906434        2502.294445801098
1.9033                   3.9000000000000004       0.2564102564102564       3.9752870862433954E-13   4.4306537289202786E-13   0.25                     5.0E10                   2700                     6503.503329402973        3754.799397906434        2502.294445801098
1.9033                   4                        0.25                     3.971900801663616E-13    4.3984530740235403E-13   0.25                     5.0E10                   2700                     6503.503329402973        3754.799397906434        2502.294445801098
1.9033                   4.1                      0.24390243902439027      3.976856459676552E-13    4.376243256055686E-13    0.25                     5.0E10                   2700                     6503.503329402973        3754.799397906434        2502.294445801098
1.9033                   4.2                      0.23809523809523808      3.9893404690768344E-13   4.363089610000527E-13    0.25                     5.0E10                   2700                     6503.503329402973        3754.799397906434        2502.294445801098
1.9033                   4.3                      0.23255813953488372      4.008441655268133E-13    4.357959489724698E-13    0.25                     5.0E10                   2700                     6503.503329402973        3754.799397906434        2502.294445801098
1.9033                   4.3999999999999995       0.22727272727272732      4.0332280898063346E-13   4.3598068533715647E-13   0.25                     5.0E10                   2700                     6503.503329402973        3754.799397906434        2502.294445801098
1.9033                   4.5                      0.22222222222222224      4.0627821745736534E-13   4.367613179481022E-13    0.25                     5.0E10                   2700                     6503.503329402973        3754.799397906434        2502.294445801098
1.9033                   4.6                      0.2173913043478261       4.09624471400444E-13     4.380429537516955E-13    0.25                     5.0E10                   2700                     6503.503329402973        3754.799397906434        2502.294445801098
1.9033                   4.7                      0.2127659574468085       4.132819591079276E-13    4.397382840340041E-13    0.25                     5.0E10                   2700                     6503.503329402973        3754.799397906434        2502.294445801098
1.9033                   4.8                      0.20833333333333334      4.171783974295906E-13    4.417684303184625E-13    0.25                     5.0E10                   2700                     6503.503329402973        3754.799397906434        2502.294445801098
1.9033                   4.9                      0.20408163265306117      4.212490801708787E-13    4.440630359752826E-13    0.25                     5.0E10                   2700                     6503.503329402973        3754.799397906434        2502.294445801098
1.9033                   5                        0.2                      4.255230409022666E-13    4.46675006144145E-13     0.25                     5.0E10                   2700                     6503.503329402973        3754.799397906434        2502.294445801098
1.9033                   5.1                      0.19607843137254904      4.297800931285725E-13    4.4932221994526903E-13   0.25                     5.0E10                   2700                     6503.503329402973        3754.799397906434        2502.294445801098
1.9033                   5.2                      0.1923076923076923       4.340595055808543E-13    4.52068984531613E-13     0.25                     5.0E10                   2700                     6503.503329402973        3754.799397906434        2502.294445801098
1.9033                   5.3                      0.18867924528301888      4.3832472554935036E-13   4.548754449067008E-13    0.25                     5.0E10                   2700                     6503.503329402973        3754.799397906434        2502.294445801098
1.9033                   5.4                      0.18518518518518517      4.4254498669677875E-13   4.577078017346021E-13    0.25                     5.0E10                   2700                     6503.503329402973        3754.799397906434        2502.294445801098
1.9033                   5.5                      0.18181818181818182      4.4669478143291983E-13   4.605377119844198E-13    0.25                     5.0E10                   2700                     6503.503329402973        3754.799397906434        2502.294445801098
1.9033                   5.6                      0.17857142857142858      4.507533338111345E-13    4.633417069692481E-13    0.25                     5.0E10                   2700                     6503.503329402973        3754.799397906434        2502.294445801098
1.9033                   5.7                      0.17543859649122806      4.5470408491541855E-13   4.661006373878113E-13    0.25                     5.0E10                   2700                     6503.503329402973        3754.799397906434        2502.294445801098
1.9033                   5.8                      0.1724137931034483       4.585341993545709E-13    4.687991515010394E-13    0.25                     5.0E10                   2700                     6503.503329402973        3754.799397906434        2502.294445801098
1.9033                   5.9                      0.1694915254237288       4.622346410242583E-13    4.714256711809573E-13    0.25                     5.0E10                   2700                     6503.503329402973        3754.799397906434        2502.294445801098
1.9033                   6                        0.16666666666666666      4.65797605785096E-13     4.739701323220444E-13    0.25                     5.0E10                   2700                     6503.503329402973        3754.799397906434        2502.294445801098
1.9033                   6.1                      0.16393442622950818      4.692192678027665E-13    4.764262563725071E-13    0.25                     5.0E10                   2700                     6503.503329402973        3754.799397906434        2502.294445801098
1.9033                   6.2                      0.16129032258064518      4.724973483539235E-13    4.787894255322102E-13    0.25                     5.0E10                   2700                     6503.503329402973        3754.799397906434        2502.294445801098
1.9033                   6.3                      0.15873015873015872      4.7563129412072E-13      4.810567873255435E-13    0.25                     5.0E10                   2700                     6503.503329402973        3754.799397906434        2502.294445801098
1.9033                   6.4                      0.15625                  4.786219816717092E-13    4.832269627278364E-13    0.25                     5.0E10                   2700                     6503.503329402973        3754.799397906434        2502.294445801098
1.9033                   6.5                      0.15384615384615383      4.814714554611769E-13    4.852997888176997E-13    0.25                     5.0E10                   2700                     6503.503329402973        3754.799397906434        2502.294445801098
1.9033                   6.6                      0.15151515151515152      4.841826975241337E-13    4.872760935534971E-13    0.25                     5.0E10                   2700                     6503.503329402973        3754.799397906434        2502.294445801098
1.9033                   6.7                      0.1492537313432836       4.867594268291984E-13    4.891575001300907E-13    0.25                     5.0E10                   2700                     6503.503329402973        3754.799397906434        2502.294445801098
1.9033                   6.8                      0.14705882352941177      4.892059259616977E-13    4.909462582858807E-13    0.25                     5.0E10                   2700                     6503.503329402973        3754.799397906434        2502.294445801098
1.9033                   6.9                      0.14492753623188404      4.915268926391109E-13    4.9264509989547E-13      0.25                     5.0E10                   2700                     6503.503329402973        3754.799397906434        2502.294445801098
1.9033                   7                        0.14285714285714285      4.937273137663694E-13    4.942571163488038E-13    0.25                     5.0E10                   2700                     6503.503329402973        3754.799397906434        2502.294445801098
1.9033                   7.1                      0.14084507042253522      4.958123594580392E-13    4.957856551946306E-13    0.25                     5.0E10                   2700                     6503.503329402973        3754.799397906434        2502.294445801098
1.9033                   7.2                      0.1388888888888889       4.977872949557658E-13    4.972342338420684E-13    0.25                     5.0E10                   2700                     6503.503329402973        3754.799397906434        2502.294445801098
1.9033                   7.3                      0.13698630136986303      4.996574080054115E-13    4.986064680489624E-13    0.25                     5.0E10                   2700                     6503.503329402973        3754.799397906434        2502.294445801098
1.9033                   7.4                      0.13513513513513514      5.014279499921655E-13    4.999060134111034E-13    0.25                     5.0E10                   2700                     6503.503329402973        3754.799397906434        2502.294445801098
1.9033                   7.5                      0.13333333333333333      5.031040886844165E-13    5.011365178948049E-13    0.25                     5.0E10                   2700                     6503.503329402973        3754.799397906434        2502.294445801098
1.9033                   7.6                      0.13157894736842105      5.046908711831464E-13    5.023015839823467E-13    0.25                     5.0E10                   2700                     6503.503329402973        3754.799397906434        2502.294445801098
1.9033                   7.7                      0.12987012987012989      5.06193195417961E-13     5.034047388999727E-13    0.25                     5.0E10                   2700                     6503.503329402973        3754.799397906434        2502.294445801098
1.9033                   7.8                      0.12820512820512822      5.07615788924644E-13     5.044494117303294E-13    0.25                     5.0E10                   2700                     6503.503329402973        3754.799397906434        2502.294445801098
1.9033                   7.9                      0.12658227848101267      5.089631937085605E-13    5.054389162786995E-13    0.25                     5.0E10                   2700                     6503.503329402973        3754.799397906434        2502.294445801098
1.9033                   8                        0.125                    5.102397561872738E-13    5.063764387687979E-13    0.25                     5.0E10                   2700                     6503.503329402973        3754.799397906434        2502.294445801098
1.9033                   8.1                      0.1234567901234568       5.114496213466471E-13    5.072650295207599E-13    0.25                     5.0E10                   2700                     6503.503329402973        3754.799397906434        2502.294445801098
1.9033                   8.2                      0.12195121951219513      5.125967302346518E-13    5.081075978705416E-13    0.25                     5.0E10                   2700                     6503.503329402973        3754.799397906434        2502.294445801098
1.9033                   8.3                      0.12048192771084336      5.136848202919437E-13    5.08906909781709E-13     0.25                     5.0E10                   2700                     6503.503329402973        3754.799397906434        2502.294445801098
1.9033                   8.4                      0.11904761904761904      5.147174278122205E-13    5.096655875667773E-13    0.25                     5.0E10                   2700                     6503.503329402973        3754.799397906434        2502.294445801098
1.9033                   8.5                      0.11764705882352941      5.156978921500957E-13    5.103861113108719E-13    0.25                     5.0E10                   2700                     6503.503329402973        3754.799397906434        2502.294445801098
1.9033                   8.6                      0.11627906976744186      5.166293612441315E-13    5.110708216371778E-13    0.25                     5.0E10                   2700                     6503.503329402973        3754.799397906434        2502.294445801098
1.9033                   8.7                      0.11494252873563218      5.17514798108672E-13     5.117219234654909E-13    0.25                     5.0E10                   2700                     6503.503329402973        3754.799397906434        2502.294445801098
1.9033                   8.8                      0.11363636363636362      5.183586972314951E-13    5.123430452164971E-13    0.25                     5.0E10                   2700                     6503.503329402973        3754.799397906434        2502.294445801098
1.9033                   8.9                      0.11235955056179775      5.191602951934179E-13    5.129330655073804E-13    0.25                     5.0E10                   2700                     6503.503329402973        3754.799397906434        2502.294445801098
1.9033                   9                        0.11111111111111112      5.199237143836956E-13    5.13495325530549E-13     0.25                     5.0E10                   2700                     6503.503329402973        3754.799397906434        2502.294445801098
1.9033                   9.1                      0.1098901098901099       5.206512539775528E-13    5.140315372578279E-13    0.25                     5.0E10                   2700                     6503.503329402973        3754.799397906434        2502.294445801098
1.9033                   9.2                      0.10869565217391305      5.21345067245873E-13     5.145433034250892E-13    0.25                     5.0E10                   2700                     6503.503329402973        3754.799397906434        2502.294445801098
1.9033                   9.3                      0.10752688172043011      5.220071695975981E-13    5.150321233310705E-13    0.25                     5.0E10                   2700                     6503.503329402973        3754.799397906434        2502.294445801098
1.9033                   9.4                      0.10638297872340426      5.226394464246792E-13    5.154993985768342E-13    0.25                     5.0E10                   2700                     6503.503329402973        3754.799397906434        2502.294445801098
1.9033                   9.5                      0.10526315789473685      5.232436607815203E-13    5.159464386945003E-13    0.25                     5.0E10                   2700                     6503.503329402973        3754.799397906434        2502.294445801098
1.9033                   9.6                      0.10416666666666667      5.238214607218197E-13    5.16374466616752E-13     0.25                     5.0E10                   2700                     6503.503329402973        3754.799397906434        2502.294445801098
1.9033                   9.700000000000001        0.1030927835051546       5.243743864428916E-13    5.16784623976891E-13     0.25                     5.0E10                   2700                     6503.503329402973        3754.799397906434        2502.294445801098
1.9033                   9.8                      0.10204081632653059      5.249038770874772E-13    5.171779762039197E-13    0.25                     5.0E10                   2700                     6503.503329402973        3754.799397906434        2502.294445801098
1.9033                   9.9                      0.101010101010101        5.254112771552653E-13    5.175555173536563E-13    0.25                     5.0E10                   2700                     6503.503329402973        3754.799397906434        2502.294445801098
1.9033                   10                       0.1                      5.25868010363315E-13     5.178605893013629E-13    0.25                     5.0E10                   2700                     6503.503329402973        3754.799397906434        2502.294445801098
