1.2878                   0.1                      10                       5.331211054714808E-13    5.331241352296567E-13    0.25                     5.0E10                   2700                     5349.558652615912        3088.569128133489        2502.294445801098
1.2878                   0.2                      5                        5.332103485666801E-13    5.33124764755703E-13     0.25                     5.0E10                   2700                     5349.558652615912        3088.569128133489        2502.294445801098
1.2878                   0.30000000000000004      3.3333333333333326       5.36505074138292E-13     5.365427104858991E-13    0.25                     5.0E10                   2700                     5349.558652615912        3088.569128133489        2502.294445801098
1.2878                   0.4                      2.5                      5.429620326019761E-13    5.356362761592869E-13    0.25                     5.0E10                   2700                     5349.558652615912        3088.569128133489        2502.294445801098
1.2878                   0.5                      2                        5.619973373162812E-13    5.426060615437706E-13    0.25                     5.0E10                   2700                     5349.558652615912        3088.569128133489        2502.294445801098
1.2878                   0.6                      1.6666666666666667       5.830642657138249E-13    5.526497515103343E-13    0.25                     5.0E10                   2700                     5349.558652615912        3088.569128133489        2502.294445801098
1.2878                   0.7000000000000001       1.4285714285714284       6.019632998966515E-13    5.566352304717516E-13    0.25                     5.0E10                   2700                     5349.558652615912        3088.569128133489        2502.294445801098
1.2878                   0.8                      1.25                     6.22249039863169E-13     5.596869569788192E-13    0.25                     5.0E10                   2700                     5349.558652615912        3088.569128133489        2502.294445801098
1.2878                   0.9                      1.1111111111111112       6.348158233865244E-13    5.63662227396372E-13     0.25                     5.0E10                   2700                     5349.558652615912        3088.569128133489        2502.294445801098
1.2878                   1                        1                        6.425557316457211E-13    5.640356110773423E-13    0.25                     5.0E10                   2700                     5349.558652615912        3088.569128133489        2502.294445801098
1.2878                   1.1                      0.909090909090909        6.383107274328992E-13    5.66486945880588E-13     0.25                     5.0E10                   2700                     5349.558652615912        3088.569128133489        2502.294445801098
1.2878                   1.2000000000000002       0.8333333333333331       6.008383978636075E-13    5.369387372864987E-13    0.25                     5.0E10                   2700                     5349.558652615912        3088.569128133489        2502.294445801098
1.2878                   1.3000000000000003       0.769230769230769        6.002927448256916E-13    5.39535217045638E-13     0.25                     5.0E10                   2700                     5349.558652615912        3088.569128133489        2502.294445801098
1.2878                   1.4000000000000001       0.7142857142857142       6.102020586067644E-13    5.596058438306766E-13    0.25                     5.0E10                   2700                     5349.558652615912        3088.569128133489        2502.294445801098
1.2878                   1.5000000000000002       0.6666666666666665       5.760378978581526E-13    5.438775078717767E-13    0.25                     5.0E10                   2700                     5349.558652615912        3088.569128133489        2502.294445801098
1.2878                   1.6                      0.625                    5.363149963705748E-13    5.19933023048954E-13     0.25                     5.0E10                   2700                     5349.558652615912        3088.569128133489        2502.294445801098
1.2878                   1.7000000000000002       0.588235294117647        5.195074018815869E-13    5.143913737634724E-13    0.25                     5.0E10                   2700                     5349.558652615912        3088.569128133489        2502.294445801098
1.2878                   1.8000000000000003       0.5555555555555555       5.098370816266747E-13    5.141477133050229E-13    0.25                     5.0E10                   2700                     5349.558652615912        3088.569128133489        2502.294445801098
1.2878                   1.9000000000000001       0.5263157894736842       4.95967671902007E-13     5.087785574640036E-13    0.25                     5.0E10                   2700                     5349.558652615912        3088.569128133489        2502.294445801098
1.2878                   2                        0.5                      4.799231281964132E-13    5.001235106425621E-13    0.25                     5.0E10                   2700                     5349.558652615912        3088.569128133489        2502.294445801098
1.2878                   2.1                      0.47619047619047616      4.659783899099686E-13    4.923154096611059E-13    0.25                     5.0E10                   2700                     5349.558652615912        3088.569128133489        2502.294445801098
1.2878                   2.2                      0.4545454545454545       4.560712998763605E-13    4.872300939355137E-13    0.25                     5.0E10                   2700                     5349.558652615912        3088.569128133489        2502.294445801098
1.2878                   2.3000000000000003       0.43478260869565216      4.5062263708985717E-13   4.853436014202494E-13    0.25                     5.0E10                   2700                     5349.558652615912        3088.569128133489        2502.294445801098
1.2878                   2.4000000000000004       0.4166666666666666       4.4953036610997605E-13   4.867107085297682E-13    0.25                     5.0E10                   2700                     5349.558652615912        3088.569128133489        2502.294445801098
1.2878                   2.5000000000000004       0.3999999999999999       4.525086808679066E-13    4.911844425705045E-13    0.25                     5.0E10                   2700                     5349.558652615912        3088.569128133489        2502.294445801098
1.2878                   2.6                      0.3846153846153846       4.581909866793837E-13    4.977348854155312E-13    0.25                     5.0E10                   2700                     5349.558652615912        3088.569128133489        2502.294445801098
1.2878                   2.7                      0.37037037037037035      4.654872706656879E-13    5.053432343381114E-13    0.25                     5.0E10                   2700                     5349.558652615912        3088.569128133489        2502.294445801098
1.2878                   2.8000000000000003       0.3571428571428571       4.730061967103975E-13    5.127085411327736E-13    0.25                     5.0E10                   2700                     5349.558652615912        3088.569128133489        2502.294445801098
1.2878                   2.9000000000000004       0.3448275862068965       4.795353012751618E-13    5.186781188537051E-13    0.25                     5.0E10                   2700                     5349.558652615912        3088.569128133489        2502.294445801098
1.2878                   3.0000000000000004       0.33333333333333326      4.842620550574499E-13    5.224906362066852E-13    0.25                     5.0E10                   2700                     5349.558652615912        3088.569128133489        2502.294445801098
1.2878                   3.1                      0.32258064516129037      4.868624540414436E-13    5.238782664114187E-13    0.25                     5.0E10                   2700                     5349.558652615912        3088.569128133489        2502.294445801098
1.2878                   3.2                      0.3125                   4.874480355692136E-13    5.230165046506443E-13    0.25                     5.0E10                   2700                     5349.558652615912        3088.569128133489        2502.294445801098
1.2878                   3.3000000000000003       0.30303030303030304      4.864211939440565E-13    5.203749554617671E-13    0.25                     5.0E10                   2700                     5349.558652615912        3088.569128133489        2502.294445801098
1.2878                   3.4000000000000004       0.2941176470588235       4.843129643277309E-13    5.165508433774559E-13    0.25                     5.0E10                   2700                     5349.558652615912        3088.569128133489        2502.294445801098
1.2878                   3.5000000000000004       0.2857142857142857       4.816373305712662E-13    5.121055171137623E-13    0.25                     5.0E10                   2700                     5349.558652615912        3088.569128133489        2502.294445801098
1.2878                   3.6                      0.2777777777777778       4.788402552749951E-13    5.075337393783212E-13    0.25                     5.0E10                   2700                     5349.558652615912        3088.569128133489        2502.294445801098
1.2878                   3.7                      0.2702702702702703       4.762473614728143E-13    5.031936469642273E-13    0.25                     5.0E10                   2700                     5349.558652615912        3088.569128133489        2502.294445801098
1.2878                   3.8000000000000003       0.2631578947368421       4.740718381346904E-13    4.993209829811435E-13    0.25                     5.0E10                   2700                     5349.558652615912        3088.569128133489        2502.294445801098
1.2878                   3.9000000000000004       0.2564102564102564       4.724315773219575E-13    4.960483320654327E-13    0.25                     5.0E10                   2700                     5349.558652615912        3088.569128133489        2502.294445801098
1.2878                   4                        0.25                     4.713718895592771E-13    4.934298050450435E-13    0.25                     5.0E10                   2700                     5349.558652615912        3088.569128133489        2502.294445801098
1.2878                   4.1                      0.24390243902439027      4.708870748208415E-13    4.914642913331303E-13    0.25                     5.0E10                   2700                     5349.558652615912        3088.569128133489        2502.294445801098
1.2878                   4.2                      0.23809523809523808      4.709383712062985E-13    4.901147071647987E-13    0.25                     5.0E10                   2700                     5349.558652615912        3088.569128133489        2502.294445801098
1.2878                   4.3                      0.23255813953488372      4.714677205583153E-13    4.893227084890224E-13    0.25                     5.0E10                   2700                     5349.558652615912        3088.569128133489        2502.294445801098
1.2878                   4.3999999999999995       0.22727272727272732      4.724079593645193E-13    4.890194960337884E-13    0.25                     5.0E10                   2700                     5349.558652615912        3088.569128133489        2502.294445801098
1.2878                   4.5                      0.22222222222222224      4.736888216405454E-13    4.891324712588386E-13    0.25                     5.0E10                   2700                     5349.558652615912        3088.569128133489        2502.294445801098
1.2878                   4.6                      0.2173913043478261       4.752427398755545E-13    4.895910435551776E-13    0.25                     5.0E10                   2700                     5349.558652615912        3088.569128133489        2502.294445801098
1.2878                   4.7                      0.2127659574468085       4.770067928043238E-13    4.903289840121472E-13    0.25                     5.0E10                   2700                     5349.558652615912        3088.569128133489        2502.294445801098
1.2878                   4.8                      0.20833333333333334      4.789244583634201E-13    4.912862688268E-13       0.25                     5.0E10                   2700                     5349.558652615912        3088.569128133489        2502.294445801098
1.2878                   4.9                      0.20408163265306117      4.809463034396694E-13    4.924098669190096E-13    0.25                     5.0E10                   2700                     5349.558652615912        3088.569128133489        2502.294445801098
1.2878                   5                        0.2                      4.831220810248005E-13    4.937684828480017E-13    0.25                     5.0E10                   2700                     5349.558652615912        3088.569128133489        2502.294445801098
1.2878                   5.1                      0.19607843137254904      4.852293707973493E-13    4.950909745546148E-13    0.25                     5.0E10                   2700                     5349.558652615912        3088.569128133489        2502.294445801098
1.2878                   5.2                      0.1923076923076923       4.873338195952502E-13    4.964618797628538E-13    0.25                     5.0E10                   2700                     5349.558652615912        3088.569128133489        2502.294445801098
1.2878                   5.3                      0.18867924528301888      4.89412504171995E-13     4.978548866251532E-13    0.25                     5.0E10                   2700                     5349.558652615912        3088.569128133489        2502.294445801098
1.2878                   5.4                      0.18518518518518517      4.91447583465432E-13     4.99248876499974E-13     0.25                     5.0E10                   2700                     5349.558652615912        3088.569128133489        2502.294445801098
1.2878                   5.5                      0.18181818181818182      4.934256090636525E-13    5.006272553454041E-13    0.25                     5.0E10                   2700                     5349.558652615912        3088.569128133489        2502.294445801098
1.2878                   5.6                      0.17857142857142858      4.953368619570387E-13    5.019773061614797E-13    0.25                     5.0E10                   2700                     5349.558652615912        3088.569128133489        2502.294445801098
1.2878                   5.7                      0.17543859649122806      4.971747360650018E-13    5.032895835717659E-13    0.25                     5.0E10                   2700                     5349.558652615912        3088.569128133489        2502.294445801098
1.2878                   5.8                      0.1724137931034483       4.989351801160089E-13    5.045573626358954E-13    0.25                     5.0E10                   2700                     5349.558652615912        3088.569128133489        2502.294445801098
1.2878                   5.9                      0.1694915254237288       5.006167120665747E-13    5.057766046856945E-13    0.25                     5.0E10                   2700                     5349.558652615912        3088.569128133489        2502.294445801098
1.2878                   6                        0.16666666666666666      5.022179917289068E-13    5.069437325423565E-13    0.25                     5.0E10                   2700                     5349.558652615912        3088.569128133489        2502.294445801098
1.2878                   6.1                      0.16393442622950818      5.037403936870542E-13    5.080579049840196E-13    0.25                     5.0E10                   2700                     5349.558652615912        3088.569128133489        2502.294445801098
1.2878                   6.2                      0.16129032258064518      5.05185771504491E-13     5.091189690912552E-13    0.25                     5.0E10                   2700                     5349.558652615912        3088.569128133489        2502.294445801098
1.2878                   6.3                      0.15873015873015872      5.065566731913554E-13    5.10127622519979E-13     0.25                     5.0E10                   2700                     5349.558652615912        3088.569128133489        2502.294445801098
1.2878                   6.4                      0.15625                  5.078561301908542E-13    5.110851951348209E-13    0.25                     5.0E10                   2700                     5349.558652615912        3088.569128133489        2502.294445801098
1.2878                   6.5                      0.15384615384615383      5.09087487049867E-13     5.119934704769557E-13    0.25                     5.0E10                   2700                     5349.558652615912        3088.569128133489        2502.294445801098
1.2878                   6.6                      0.15151515151515152      5.102542659878188E-13    5.128545416341647E-13    0.25                     5.0E10                   2700                     5349.558652615912        3088.569128133489        2502.294445801098
1.2878                   6.7                      0.1492537313432836       5.113600610759557E-13    5.136706964457149E-13    0.25                     5.0E10                   2700                     5349.558652615912        3088.569128133489        2502.294445801098
1.2878                   6.8                      0.14705882352941177      5.124084571308915E-13    5.14444327396368E-13     0.25                     5.0E10                   2700                     5349.558652615912        3088.569128133489        2502.294445801098
1.2878                   6.9                      0.14492753623188404      5.134029689734744E-13    5.15177862040865E-13     0.25                     5.0E10                   2700                     5349.558652615912        3088.569128133489        2502.294445801098
1.2878                   7                        0.14285714285714285      5.143469973878206E-13    5.158737103683262E-13    0.25                     5.0E10                   2700                     5349.558652615912        3088.569128133489        2502.294445801098
1.2878                   7.1                      0.14084507042253522      5.152437984004419E-13    5.165342259107833E-13    0.25                     5.0E10                   2700                     5349.558652615912        3088.569128133489        2502.294445801098
1.2878                   7.2                      0.1388888888888889       5.160964633124537E-13    5.17161677991929E-13     0.25                     5.0E10                   2700                     5349.558652615912        3088.569128133489        2502.294445801098
1.2878                   7.3                      0.13698630136986303      5.169079069923569E-13    5.177582327645E-13       0.25                     5.0E10                   2700                     5349.558652615912        3088.569128133489        2502.294445801098
1.2878                   7.4                      0.13513513513513514      5.176808627192576E-13    5.183259412624384E-13    0.25                     5.0E10                   2700                     5349.558652615912        3088.569128133489        2502.294445801098
1.2878                   7.5                      0.13333333333333333      5.184178818063975E-13    5.188667327916623E-13    0.25                     5.0E10                   2700                     5349.558652615912        3088.569128133489        2502.294445801098
1.2878                   7.6                      0.13157894736842105      5.191213369509732E-13    5.193824125041812E-13    0.25                     5.0E10                   2700                     5349.558652615912        3088.569128133489        2502.294445801098
1.2878                   7.7                      0.12987012987012989      5.197934281255672E-13    5.198746620272836E-13    0.25                     5.0E10                   2700                     5349.558652615912        3088.569128133489        2502.294445801098
1.2878                   7.8                      0.12820512820512822      5.204361902867786E-13    5.203450423733153E-13    0.25                     5.0E10                   2700                     5349.558652615912        3088.569128133489        2502.294445801098
1.2878                   7.9                      0.12658227848101267      5.210515022348122E-13    5.207949984375658E-13    0.25                     5.0E10                   2700                     5349.558652615912        3088.569128133489        2502.294445801098
1.2878                   8                        0.125                    5.216410961400837E-13    5.212258645902395E-13    0.25                     5.0E10                   2700                     5349.558652615912        3088.569128133489        2502.294445801098
1.2878                   8.1                      0.1234567901234568       5.222065674109724E-13    5.216388709556475E-13    0.25                     5.0E10                   2700                     5349.558652615912        3088.569128133489        2502.294445801098
1.2878                   8.2                      0.12195121951219513      5.227493844822562E-13    5.22035150019732E-13     0.25                     5.0E10                   2700                     5349.558652615912        3088.569128133489        2502.294445801098
1.2878                   8.3                      0.12048192771084336      5.232708985038333E-13    5.224157434095073E-13    0.25                     5.0E10                   2700                     5349.558652615912        3088.569128133489        2502.294445801098
1.2878                   8.4                      0.11904761904761904      5.237723526265617E-13    5.227816086003319E-13    0.25                     5.0E10                   2700                     5349.558652615912        3088.569128133489        2502.294445801098
1.2878                   8.5                      0.11764705882352941      5.242548908782712E-13    5.231336254565594E-13    0.25                     5.0E10                   2700                     5349.558652615912        3088.569128133489        2502.294445801098
1.2878                   8.6                      0.11627906976744186      5.247195665344468E-13    5.234726025263362E-13    0.25                     5.0E10                   2700                     5349.558652615912        3088.569128133489        2502.294445801098
1.2878                   8.7                      0.11494252873563218      5.251673499447301E-13    5.237992829987431E-13    0.25                     5.0E10                   2700                     5349.558652615912        3088.569128133489        2502.294445801098
1.2878                   8.8                      0.11363636363636362      5.256009197663058E-13    5.241159885378178E-13    0.25                     5.0E10                   2700                     5349.558652615912        3088.569128133489        2502.294445801098
1.2878                   8.9                      0.11235955056179775      5.260175774722105E-13    5.244201151254452E-13    0.25                     5.0E10                   2700                     5349.558652615912        3088.569128133489        2502.294445801098
1.2878                   9                        0.11111111111111112      5.264198261936755E-13    5.247138366436898E-13    0.25                     5.0E10                   2700                     5349.558652615912        3088.569128133489        2502.294445801098
1.2878                   9.1                      0.1098901098901099       5.268083719308662E-13    5.24997687188103E-13     0.25                     5.0E10                   2700                     5349.558652615912        3088.569128133489        2502.294445801098
1.2878                   9.2                      0.10869565217391305      5.271838687880931E-13    5.252721597817038E-13    0.25                     5.0E10                   2700                     5349.558652615912        3088.569128133489        2502.294445801098
1.2878                   9.3                      0.10752688172043011      5.275469237140202E-13    5.255377101461605E-13    0.25                     5.0E10                   2700                     5349.558652615912        3088.569128133489        2502.294445801098
1.2878                   9.4                      0.10638297872340426      5.278981007629076E-13    5.257947601295088E-13    0.25                     5.0E10                   2700                     5349.558652615912        3088.569128133489        2502.294445801098
1.2878                   9.5                      0.10526315789473685      5.282379250243551E-13    5.260437008361244E-13    0.25                     5.0E10                   2700                     5349.558652615912        3088.569128133489        2502.294445801098
1.2878                   9.6                      0.10416666666666667      5.285668860830708E-13    5.262848954471349E-13    0.25                     5.0E10                   2700                     5349.558652615912        3088.569128133489        2502.294445801098
1.2878                   9.700000000000001        0.1030927835051546       5.288854412475447E-13    5.265186817999986E-13    0.25                     5.0E10                   2700                     5349.558652615912        3088.569128133489        2502.294445801098
1.2878                   9.8                      0.10204081632653059      5.291940184334651E-13    5.267453747192233E-13    0.25                     5.0E10                   2700                     5349.558652615912        3088.569128133489        2502.294445801098
1.2878                   9.9                      0.101010101010101        5.29493018707854E-13     5.269652680883993E-13    0.25                     5.0E10                   2700                     5349.558652615912        3088.569128133489        2502.294445801098
1.2878                   10                       0.1                      5.297395969581035E-13    5.271111743023447E-13    0.25                     5.0E10                   2700                     5349.558652615912        3088.569128133489        2502.294445801098
