0.865063                 0.1                      10                       5.331331919825041E-13    5.331363186802352E-13    0.25                     5.0E10                   2700                     4384.475136458436        2531.3779002894994       2502.294445801098
0.865063                 0.2                      5                        5.336211785389334E-13    5.331327202952547E-13    0.25                     5.0E10                   2700                     4384.475136458436        2531.3779002894994       2502.294445801098
0.865063                 0.30000000000000004      3.3333333333333326       5.371094256107653E-13    5.351600020175428E-13    0.25                     5.0E10                   2700                     4384.475136458436        2531.3779002894994       2502.294445801098
0.865063                 0.4                      2.5                      5.283281723607985E-13    5.278001546307284E-13    0.25                     5.0E10                   2700                     4384.475136458436        2531.3779002894994       2502.294445801098
0.865063                 0.5                      2                        5.171434110634806E-13    5.221179135204924E-13    0.25                     5.0E10                   2700                     4384.475136458436        2531.3779002894994       2502.294445801098
0.865063                 0.6                      1.6666666666666667       5.059006176616387E-13    5.170172628271435E-13    0.25                     5.0E10                   2700                     4384.475136458436        2531.3779002894994       2502.294445801098
0.865063                 0.7000000000000001       1.4285714285714284       4.979012413144402E-13    5.176976767456994E-13    0.25                     5.0E10                   2700                     4384.475136458436        2531.3779002894994       2502.294445801098
0.865063                 0.8                      1.25                     4.843611675650627E-13    5.099692454743274E-13    0.25                     5.0E10                   2700                     4384.475136458436        2531.3779002894994       2502.294445801098
0.865063                 0.9                      1.1111111111111112       4.79658723115171E-13     5.129010142105037E-13    0.25                     5.0E10                   2700                     4384.475136458436        2531.3779002894994       2502.294445801098
0.865063                 1                        1                        4.808056428523624E-13    5.14842088437266E-13     0.25                     5.0E10                   2700                     4384.475136458436        2531.3779002894994       2502.294445801098
0.865063                 1.1                      0.909090909090909        4.780812865880332E-13    5.157078979383373E-13    0.25                     5.0E10                   2700                     4384.475136458436        2531.3779002894994       2502.294445801098
0.865063                 1.2000000000000002       0.8333333333333331       4.911114457524387E-13    5.297781350359185E-13    0.25                     5.0E10                   2700                     4384.475136458436        2531.3779002894994       2502.294445801098
0.865063                 1.3000000000000003       0.769230769230769        4.986292086509537E-13    5.335536372618601E-13    0.25                     5.0E10                   2700                     4384.475136458436        2531.3779002894994       2502.294445801098
0.865063                 1.4000000000000001       0.7142857142857142       4.894606845890096E-13    5.191421545207636E-13    0.25                     5.0E10                   2700                     4384.475136458436        2531.3779002894994       2502.294445801098
0.865063                 1.5000000000000002       0.6666666666666665       4.963374291157747E-13    5.214955467688483E-13    0.25                     5.0E10                   2700                     4384.475136458436        2531.3779002894994       2502.294445801098
0.865063                 1.6                      0.625                    5.139439062401957E-13    5.338415133126706E-13    0.25                     5.0E10                   2700                     4384.475136458436        2531.3779002894994       2502.294445801098
0.865063                 1.7000000000000002       0.588235294117647        5.355606976320341E-13    5.488647658346441E-13    0.25                     5.0E10                   2700                     4384.475136458436        2531.3779002894994       2502.294445801098
0.865063                 1.8000000000000003       0.5555555555555555       5.477864030663522E-13    5.535064122825889E-13    0.25                     5.0E10                   2700                     4384.475136458436        2531.3779002894994       2502.294445801098
0.865063                 1.9000000000000001       0.5263157894736842       5.495505702037237E-13    5.478036877365328E-13    0.25                     5.0E10                   2700                     4384.475136458436        2531.3779002894994       2502.294445801098
0.865063                 2                        0.5                      5.5131266592741E-13      5.430013707583324E-13    0.25                     5.0E10                   2700                     4384.475136458436        2531.3779002894994       2502.294445801098
0.865063                 2.1                      0.47619047619047616      5.587589951929624E-13    5.450730094830947E-13    0.25                     5.0E10                   2700                     4384.475136458436        2531.3779002894994       2502.294445801098
0.865063                 2.2                      0.4545454545454545       5.696971832610686E-13    5.519151178618506E-13    0.25                     5.0E10                   2700                     4384.475136458436        2531.3779002894994       2502.294445801098
0.865063                 2.3000000000000003       0.43478260869565216      5.792192045391007E-13    5.586208866593265E-13    0.25                     5.0E10                   2700                     4384.475136458436        2531.3779002894994       2502.294445801098
0.865063                 2.4000000000000004       0.4166666666666666       5.842038184841704E-13    5.618961428007561E-13    0.25                     5.0E10                   2700                     4384.475136458436        2531.3779002894994       2502.294445801098
0.865063                 2.5000000000000004       0.3999999999999999       5.846117271866727E-13    5.613029847080509E-13    0.25                     5.0E10                   2700                     4384.475136458436        2531.3779002894994       2502.294445801098
0.865063                 2.6                      0.3846153846153846       5.819381364857346E-13    5.581576283693754E-13    0.25                     5.0E10                   2700                     4384.475136458436        2531.3779002894994       2502.294445801098
0.865063                 2.7                      0.37037037037037035      5.781449632805847E-13    5.541020067648483E-13    0.25                     5.0E10                   2700                     4384.475136458436        2531.3779002894994       2502.294445801098
0.865063                 2.8000000000000003       0.3571428571428571       5.745113870909815E-13    5.502775955167888E-13    0.25                     5.0E10                   2700                     4384.475136458436        2531.3779002894994       2502.294445801098
0.865063                 2.9000000000000004       0.3448275862068965       5.716456322604495E-13    5.472388908519043E-13    0.25                     5.0E10                   2700                     4384.475136458436        2531.3779002894994       2502.294445801098
0.865063                 3.0000000000000004       0.33333333333333326      5.697042634027981E-13    5.451362711243879E-13    0.25                     5.0E10                   2700                     4384.475136458436        2531.3779002894994       2502.294445801098
0.865063                 3.1                      0.32258064516129037      5.686245063274534E-13    5.439214174937351E-13    0.25                     5.0E10                   2700                     4384.475136458436        2531.3779002894994       2502.294445801098
0.865063                 3.2                      0.3125                   5.682738589814258E-13    5.434817843288075E-13    0.25                     5.0E10                   2700                     4384.475136458436        2531.3779002894994       2502.294445801098
0.865063                 3.3000000000000003       0.30303030303030304      5.68519414784117E-13     5.437033974679575E-13    0.25                     5.0E10                   2700                     4384.475136458436        2531.3779002894994       2502.294445801098
0.865063                 3.4000000000000004       0.2941176470588235       5.692662689994345E-13    5.445075554016631E-13    0.25                     5.0E10                   2700                     4384.475136458436        2531.3779002894994       2502.294445801098
0.865063                 3.5000000000000004       0.2857142857142857       5.703743417200071E-13    5.457641566886243E-13    0.25                     5.0E10                   2700                     4384.475136458436        2531.3779002894994       2502.294445801098
0.865063                 3.6                      0.2777777777777778       5.717736709214909E-13    5.474144552045132E-13    0.25                     5.0E10                   2700                     4384.475136458436        2531.3779002894994       2502.294445801098
0.865063                 3.7                      0.2702702702702703       5.733734697036312E-13    5.493740009636861E-13    0.25                     5.0E10                   2700                     4384.475136458436        2531.3779002894994       2502.294445801098
0.865063                 3.8000000000000003       0.2631578947368421       5.750811862959433E-13    5.515534431081136E-13    0.25                     5.0E10                   2700                     4384.475136458436        2531.3779002894994       2502.294445801098
0.865063                 3.9000000000000004       0.2564102564102564       5.768037633220924E-13    5.538597774281573E-13    0.25                     5.0E10                   2700                     4384.475136458436        2531.3779002894994       2502.294445801098
0.865063                 4                        0.25                     5.784516146824367E-13    5.562002543567159E-13    0.25                     5.0E10                   2700                     4384.475136458436        2531.3779002894994       2502.294445801098
0.865063                 4.1                      0.24390243902439027      5.799431667122597E-13    5.584870229152406E-13    0.25                     5.0E10                   2700                     4384.475136458436        2531.3779002894994       2502.294445801098
0.865063                 4.2                      0.23809523809523808      5.812089142712656E-13    5.606414756558431E-13    0.25                     5.0E10                   2700                     4384.475136458436        2531.3779002894994       2502.294445801098
0.865063                 4.3                      0.23255813953488372      5.821943239083375E-13    5.625976140263954E-13    0.25                     5.0E10                   2700                     4384.475136458436        2531.3779002894994       2502.294445801098
0.865063                 4.3999999999999995       0.22727272727272732      5.828615246742397E-13    5.643042819947973E-13    0.25                     5.0E10                   2700                     4384.475136458436        2531.3779002894994       2502.294445801098
0.865063                 4.5                      0.22222222222222224      5.831886298406955E-13    5.657253365520511E-13    0.25                     5.0E10                   2700                     4384.475136458436        2531.3779002894994       2502.294445801098
0.865063                 4.6                      0.2173913043478261       5.831698125295468E-13    5.668400913823769E-13    0.25                     5.0E10                   2700                     4384.475136458436        2531.3779002894994       2502.294445801098
0.865063                 4.7                      0.2127659574468085       5.828126614981539E-13    5.6764147940215E-13      0.25                     5.0E10                   2700                     4384.475136458436        2531.3779002894994       2502.294445801098
0.865063                 4.8                      0.20833333333333334      5.821359225264534E-13    5.68134264831953E-13     0.25                     5.0E10                   2700                     4384.475136458436        2531.3779002894994       2502.294445801098
0.865063                 4.9                      0.20408163265306117      5.811668475978919E-13    5.683327997082709E-13    0.25                     5.0E10                   2700                     4384.475136458436        2531.3779002894994       2502.294445801098
0.865063                 5                        0.2                      5.800619033820162E-13    5.68395784860894E-13     0.25                     5.0E10                   2700                     4384.475136458436        2531.3779002894994       2502.294445801098
0.865063                 5.1                      0.19607843137254904      5.785910306805682E-13    5.680566482980091E-13    0.25                     5.0E10                   2700                     4384.475136458436        2531.3779002894994       2502.294445801098
0.865063                 5.2                      0.1923076923076923       5.769381057933749E-13    5.675033754407329E-13    0.25                     5.0E10                   2700                     4384.475136458436        2531.3779002894994       2502.294445801098
0.865063                 5.3                      0.18867924528301888      5.751407008553676E-13    5.667668148319508E-13    0.25                     5.0E10                   2700                     4384.475136458436        2531.3779002894994       2502.294445801098
0.865063                 5.4                      0.18518518518518517      5.73234802174176E-13     5.658777352401428E-13    0.25                     5.0E10                   2700                     4384.475136458436        2531.3779002894994       2502.294445801098
0.865063                 5.5                      0.18181818181818182      5.7125389584463E-13      5.648657916232122E-13    0.25                     5.0E10                   2700                     4384.475136458436        2531.3779002894994       2502.294445801098
0.865063                 5.6                      0.17857142857142858      5.692283737212357E-13    5.637587847598513E-13    0.25                     5.0E10                   2700                     4384.475136458436        2531.3779002894994       2502.294445801098
0.865063                 5.7                      0.17543859649122806      5.671852064185887E-13    5.62582175216342E-13     0.25                     5.0E10                   2700                     4384.475136458436        2531.3779002894994       2502.294445801098
0.865063                 5.8                      0.1724137931034483       5.651478282075253E-13    5.613588073122111E-13    0.25                     5.0E10                   2700                     4384.475136458436        2531.3779002894994       2502.294445801098
0.865063                 5.9                      0.1694915254237288       5.631367543301042E-13    5.601093918774561E-13    0.25                     5.0E10                   2700                     4384.475136458436        2531.3779002894994       2502.294445801098
0.865063                 6                        0.16666666666666666      5.611674894104231E-13    5.588501884290345E-13    0.25                     5.0E10                   2700                     4384.475136458436        2531.3779002894994       2502.294445801098
0.865063                 6.1                      0.16393442622950818      5.592540838346934E-13    5.575965546123229E-13    0.25                     5.0E10                   2700                     4384.475136458436        2531.3779002894994       2502.294445801098
0.865063                 6.2                      0.16129032258064518      5.574072356959493E-13    5.563608521232556E-13    0.25                     5.0E10                   2700                     4384.475136458436        2531.3779002894994       2502.294445801098
0.865063                 6.3                      0.15873015873015872      5.556351285964784E-13    5.5515320588755E-13      0.25                     5.0E10                   2700                     4384.475136458436        2531.3779002894994       2502.294445801098
0.865063                 6.4                      0.15625                  5.539437371017439E-13    5.539817258279119E-13    0.25                     5.0E10                   2700                     4384.475136458436        2531.3779002894994       2502.294445801098
0.865063                 6.5                      0.15384615384615383      5.523371234926044E-13    5.528527339291954E-13    0.25                     5.0E10                   2700                     4384.475136458436        2531.3779002894994       2502.294445801098
0.865063                 6.6                      0.15151515151515152      5.508177175390543E-13    5.517709869594174E-13    0.25                     5.0E10                   2700                     4384.475136458436        2531.3779002894994       2502.294445801098
0.865063                 6.7                      0.1492537313432836       5.493865743355808E-13    5.507398883328266E-13    0.25                     5.0E10                   2700                     4384.475136458436        2531.3779002894994       2502.294445801098
0.865063                 6.8                      0.14705882352941177      5.48043607559903E-13     5.497616850179371E-13    0.25                     5.0E10                   2700                     4384.475136458436        2531.3779002894994       2502.294445801098
0.865063                 6.9                      0.14492753623188404      5.467877973082065E-13    5.488376472132555E-13    0.25                     5.0E10                   2700                     4384.475136458436        2531.3779002894994       2502.294445801098
0.865063                 7                        0.14285714285714285      5.456173729806702E-13    5.479682299087466E-13    0.25                     5.0E10                   2700                     4384.475136458436        2531.3779002894994       2502.294445801098
0.865063                 7.1                      0.14084507042253522      5.445299722715406E-13    5.471532162969186E-13    0.25                     5.0E10                   2700                     4384.475136458436        2531.3779002894994       2502.294445801098
0.865063                 7.2                      0.1388888888888889       5.43522778154236E-13     5.463918437809399E-13    0.25                     5.0E10                   2700                     4384.475136458436        2531.3779002894994       2502.294445801098
0.865063                 7.3                      0.13698630136986303      5.425926356115207E-13    5.456829135553048E-13    0.25                     5.0E10                   2700                     4384.475136458436        2531.3779002894994       2502.294445801098
0.865063                 7.4                      0.13513513513513514      5.417361503233985E-13    5.450248851479649E-13    0.25                     5.0E10                   2700                     4384.475136458436        2531.3779002894994       2502.294445801098
0.865063                 7.5                      0.13333333333333333      5.409497712949775E-13    5.444159572769004E-13    0.25                     5.0E10                   2700                     4384.475136458436        2531.3779002894994       2502.294445801098
0.865063                 7.6                      0.13157894736842105      5.402298593724132E-13    5.438541364858341E-13    0.25                     5.0E10                   2700                     4384.475136458436        2531.3779002894994       2502.294445801098
0.865063                 7.7                      0.12987012987012989      5.395727435250272E-13    5.433372949363783E-13    0.25                     5.0E10                   2700                     4384.475136458436        2531.3779002894994       2502.294445801098
0.865063                 7.8                      0.12820512820512822      5.389747665246616E-13    5.428632186852255E-13    0.25                     5.0E10                   2700                     4384.475136458436        2531.3779002894994       2502.294445801098
0.865063                 7.9                      0.12658227848101267      5.384323215513522E-13    5.424296476546501E-13    0.25                     5.0E10                   2700                     4384.475136458436        2531.3779002894994       2502.294445801098
0.865063                 8                        0.125                    5.379418810563422E-13    5.420343084245477E-13    0.25                     5.0E10                   2700                     4384.475136458436        2531.3779002894994       2502.294445801098
0.865063                 8.1                      0.1234567901234568       5.375000191463453E-13    5.416749408624765E-13    0.25                     5.0E10                   2700                     4384.475136458436        2531.3779002894994       2502.294445801098
0.865063                 8.2                      0.12195121951219513      5.371034283482925E-13    5.413493194112273E-13    0.25                     5.0E10                   2700                     4384.475136458436        2531.3779002894994       2502.294445801098
0.865063                 8.3                      0.12048192771084336      5.367489318827123E-13    5.410552699256433E-13    0.25                     5.0E10                   2700                     4384.475136458436        2531.3779002894994       2502.294445801098
0.865063                 8.4                      0.11904761904761904      5.364334920440819E-13    5.407906826659132E-13    0.25                     5.0E10                   2700                     4384.475136458436        2531.3779002894994       2502.294445801098
0.865063                 8.5                      0.11764705882352941      5.361542154609534E-13    5.40553522088723E-13     0.25                     5.0E10                   2700                     4384.475136458436        2531.3779002894994       2502.294445801098
0.865063                 8.6                      0.11627906976744186      5.359083557659601E-13    5.403418339607736E-13    0.25                     5.0E10                   2700                     4384.475136458436        2531.3779002894994       2502.294445801098
0.865063                 8.7                      0.11494252873563218      5.356933141712862E-13    5.40153750222129E-13     0.25                     5.0E10                   2700                     4384.475136458436        2531.3779002894994       2502.294445801098
0.865063                 8.8                      0.11363636363636362      5.355083448930939E-13    5.399892477089033E-13    0.25                     5.0E10                   2700                     4384.475136458436        2531.3779002894994       2502.294445801098
0.865063                 8.9                      0.11235955056179775      5.353477643908016E-13    5.398431688510241E-13    0.25                     5.0E10                   2700                     4384.475136458436        2531.3779002894994       2502.294445801098
0.865063                 9                        0.11111111111111112      5.352110735478305E-13    5.397156301575602E-13    0.25                     5.0E10                   2700                     4384.475136458436        2531.3779002894994       2502.294445801098
0.865063                 9.1                      0.1098901098901099       5.350962409823501E-13    5.396051246754685E-13    0.25                     5.0E10                   2700                     4384.475136458436        2531.3779002894994       2502.294445801098
0.865063                 9.2                      0.10869565217391305      5.350013667405288E-13    5.395102341646505E-13    0.25                     5.0E10                   2700                     4384.475136458436        2531.3779002894994       2502.294445801098
0.865063                 9.3                      0.10752688172043011      5.349246770424751E-13    5.394296269664162E-13    0.25                     5.0E10                   2700                     4384.475136458436        2531.3779002894994       2502.294445801098
0.865063                 9.4                      0.10638297872340426      5.348645186980414E-13    5.393620553857042E-13    0.25                     5.0E10                   2700                     4384.475136458436        2531.3779002894994       2502.294445801098
0.865063                 9.5                      0.10526315789473685      5.348193534323944E-13    5.393063527331647E-13    0.25                     5.0E10                   2700                     4384.475136458436        2531.3779002894994       2502.294445801098
0.865063                 9.6                      0.10416666666666667      5.347877520251584E-13    5.392614300838558E-13    0.25                     5.0E10                   2700                     4384.475136458436        2531.3779002894994       2502.294445801098
0.865063                 9.700000000000001        0.1030927835051546       5.34768388569856E-13     5.392262729012563E-13    0.25                     5.0E10                   2700                     4384.475136458436        2531.3779002894994       2502.294445801098
0.865063                 9.8                      0.10204081632653059      5.347600347545278E-13    5.391999375481475E-13    0.25                     5.0E10                   2700                     4384.475136458436        2531.3779002894994       2502.294445801098
0.865063                 9.9                      0.101010101010101        5.347615541967057E-13    5.391815477216264E-13    0.25                     5.0E10                   2700                     4384.475136458436        2531.3779002894994       2502.294445801098
0.865063                 10                       0.1                      5.347246243072855E-13    5.390941457469117E-13    0.25                     5.0E10                   2700                     4384.475136458436        2531.3779002894994       2502.294445801098
