0.972532                 0.1                      10                       5.331335823635946E-13    5.331366115659125E-13    0.25                     5.0E10                   2700                     4648.851710070157        2684.0157862316573       2502.294445801098
0.972532                 0.2                      5                        5.335097520360705E-13    5.331481694018917E-13    0.25                     5.0E10                   2700                     4648.851710070157        2684.0157862316573       2502.294445801098
0.972532                 0.30000000000000004      3.3333333333333326       5.367179516457263E-13    5.36142242896563E-13     0.25                     5.0E10                   2700                     4648.851710070157        2684.0157862316573       2502.294445801098
0.972532                 0.4                      2.5                      5.319793166163073E-13    5.323945234558575E-13    0.25                     5.0E10                   2700                     4648.851710070157        2684.0157862316573       2502.294445801098
0.972532                 0.5                      2                        5.300329027472723E-13    5.31420895335127E-13     0.25                     5.0E10                   2700                     4648.851710070157        2684.0157862316573       2502.294445801098
0.972532                 0.6                      1.6666666666666667       5.309862930334505E-13    5.334924727588172E-13    0.25                     5.0E10                   2700                     4648.851710070157        2684.0157862316573       2502.294445801098
0.972532                 0.7000000000000001       1.4285714285714284       5.30068003196017E-13     5.34275341945867E-13     0.25                     5.0E10                   2700                     4648.851710070157        2684.0157862316573       2502.294445801098
0.972532                 0.8                      1.25                     5.249992699155767E-13    5.294245388471087E-13    0.25                     5.0E10                   2700                     4648.851710070157        2684.0157862316573       2502.294445801098
0.972532                 0.9                      1.1111111111111112       5.217459861909277E-13    5.298445145515901E-13    0.25                     5.0E10                   2700                     4648.851710070157        2684.0157862316573       2502.294445801098
0.972532                 1                        1                        5.239866389350054E-13    5.297971302278014E-13    0.25                     5.0E10                   2700                     4648.851710070157        2684.0157862316573       2502.294445801098
0.972532                 1.1                      0.909090909090909        5.23880241734146E-13     5.321189142251346E-13    0.25                     5.0E10                   2700                     4648.851710070157        2684.0157862316573       2502.294445801098
0.972532                 1.2000000000000002       0.8333333333333331       5.27426280206041E-13     5.35729402168178E-13     0.25                     5.0E10                   2700                     4648.851710070157        2684.0157862316573       2502.294445801098
0.972532                 1.3000000000000003       0.769230769230769        5.290331208919529E-13    5.343466135192601E-13    0.25                     5.0E10                   2700                     4648.851710070157        2684.0157862316573       2502.294445801098
0.972532                 1.4000000000000001       0.7142857142857142       5.286694764670748E-13    5.329049880749637E-13    0.25                     5.0E10                   2700                     4648.851710070157        2684.0157862316573       2502.294445801098
0.972532                 1.5000000000000002       0.6666666666666665       5.295807522492066E-13    5.345849400033186E-13    0.25                     5.0E10                   2700                     4648.851710070157        2684.0157862316573       2502.294445801098
0.972532                 1.6                      0.625                    5.292618270813789E-13    5.342773119342347E-13    0.25                     5.0E10                   2700                     4648.851710070157        2684.0157862316573       2502.294445801098
0.972532                 1.7000000000000002       0.588235294117647        5.35447547375894E-13     5.388156864198128E-13    0.25                     5.0E10                   2700                     4648.851710070157        2684.0157862316573       2502.294445801098
0.972532                 1.8000000000000003       0.5555555555555555       5.400930672608464E-13    5.408333069556505E-13    0.25                     5.0E10                   2700                     4648.851710070157        2684.0157862316573       2502.294445801098
0.972532                 1.9000000000000001       0.5263157894736842       5.398469076219212E-13    5.379911142842143E-13    0.25                     5.0E10                   2700                     4648.851710070157        2684.0157862316573       2502.294445801098
0.972532                 2                        0.5                      5.397909402319495E-13    5.360075890950115E-13    0.25                     5.0E10                   2700                     4648.851710070157        2684.0157862316573       2502.294445801098
0.972532                 2.1                      0.47619047619047616      5.424252054338453E-13    5.376543202023603E-13    0.25                     5.0E10                   2700                     4648.851710070157        2684.0157862316573       2502.294445801098
0.972532                 2.2                      0.4545454545454545       5.457446088920125E-13    5.408648858494833E-13    0.25                     5.0E10                   2700                     4648.851710070157        2684.0157862316573       2502.294445801098
0.972532                 2.3000000000000003       0.43478260869565216      5.471543394210115E-13    5.427602883537485E-13    0.25                     5.0E10                   2700                     4648.851710070157        2684.0157862316573       2502.294445801098
0.972532                 2.4000000000000004       0.4166666666666666       5.46076711500521E-13     5.42387097358015E-13     0.25                     5.0E10                   2700                     4648.851710070157        2684.0157862316573       2502.294445801098
0.972532                 2.5000000000000004       0.3999999999999999       5.43775516956095E-13     5.406255743357945E-13    0.25                     5.0E10                   2700                     4648.851710070157        2684.0157862316573       2502.294445801098
0.972532                 2.6                      0.3846153846153846       5.414811378787709E-13    5.387130374813778E-13    0.25                     5.0E10                   2700                     4648.851710070157        2684.0157862316573       2502.294445801098
0.972532                 2.7                      0.37037037037037035      5.401620149285047E-13    5.375141330252978E-13    0.25                     5.0E10                   2700                     4648.851710070157        2684.0157862316573       2502.294445801098
0.972532                 2.8000000000000003       0.3571428571428571       5.399647492992225E-13    5.372169297915864E-13    0.25                     5.0E10                   2700                     4648.851710070157        2684.0157862316573       2502.294445801098
0.972532                 2.9000000000000004       0.3448275862068965       5.405848130587234E-13    5.375821350890598E-13    0.25                     5.0E10                   2700                     4648.851710070157        2684.0157862316573       2502.294445801098
0.972532                 3.0000000000000004       0.33333333333333326      5.415745951025759E-13    5.382249552807115E-13    0.25                     5.0E10                   2700                     4648.851710070157        2684.0157862316573       2502.294445801098
0.972532                 3.1                      0.32258064516129037      5.425519601765496E-13    5.388133095630657E-13    0.25                     5.0E10                   2700                     4648.851710070157        2684.0157862316573       2502.294445801098
0.972532                 3.2                      0.3125                   5.432890788443355E-13    5.391552402670475E-13    0.25                     5.0E10                   2700                     4648.851710070157        2684.0157862316573       2502.294445801098
0.972532                 3.3000000000000003       0.30303030303030304      5.437135463736853E-13    5.39202487689111E-13     0.25                     5.0E10                   2700                     4648.851710070157        2684.0157862316573       2502.294445801098
0.972532                 3.4000000000000004       0.2941176470588235       5.438783821927151E-13    5.390255986893017E-13    0.25                     5.0E10                   2700                     4648.851710070157        2684.0157862316573       2502.294445801098
0.972532                 3.5000000000000004       0.2857142857142857       5.438468813982447E-13    5.386930017088915E-13    0.25                     5.0E10                   2700                     4648.851710070157        2684.0157862316573       2502.294445801098
0.972532                 3.6                      0.2777777777777778       5.437437167605675E-13    5.383401572393627E-13    0.25                     5.0E10                   2700                     4648.851710070157        2684.0157862316573       2502.294445801098
0.972532                 3.7                      0.2702702702702703       5.436594284184412E-13    5.380627758305314E-13    0.25                     5.0E10                   2700                     4648.851710070157        2684.0157862316573       2502.294445801098
0.972532                 3.8000000000000003       0.2631578947368421       5.436546285130101E-13    5.379249368130357E-13    0.25                     5.0E10                   2700                     4648.851710070157        2684.0157862316573       2502.294445801098
0.972532                 3.9000000000000004       0.2564102564102564       5.437578504658258E-13    5.379571627482004E-13    0.25                     5.0E10                   2700                     4648.851710070157        2684.0157862316573       2502.294445801098
0.972532                 4                        0.25                     5.439703753835605E-13    5.381612325856617E-13    0.25                     5.0E10                   2700                     4648.851710070157        2684.0157862316573       2502.294445801098
0.972532                 4.1                      0.24390243902439027      5.442736975110424E-13    5.385176370421437E-13    0.25                     5.0E10                   2700                     4648.851710070157        2684.0157862316573       2502.294445801098
0.972532                 4.2                      0.23809523809523808      5.44637305279021E-13     5.389934065472741E-13    0.25                     5.0E10                   2700                     4648.851710070157        2684.0157862316573       2502.294445801098
0.972532                 4.3                      0.23255813953488372      5.45025467502938E-13     5.395490235771664E-13    0.25                     5.0E10                   2700                     4648.851710070157        2684.0157862316573       2502.294445801098
0.972532                 4.3999999999999995       0.22727272727272732      5.454026828718764E-13    5.401440229912391E-13    0.25                     5.0E10                   2700                     4648.851710070157        2684.0157862316573       2502.294445801098
0.972532                 4.5                      0.22222222222222224      5.457365279485942E-13    5.40740285590171E-13     0.25                     5.0E10                   2700                     4648.851710070157        2684.0157862316573       2502.294445801098
0.972532                 4.6                      0.2173913043478261       5.460009751063215E-13    5.413053384101557E-13    0.25                     5.0E10                   2700                     4648.851710070157        2684.0157862316573       2502.294445801098
0.972532                 4.7                      0.2127659574468085       5.461766568640982E-13    5.41813095257342E-13     0.25                     5.0E10                   2700                     4648.851710070157        2684.0157862316573       2502.294445801098
0.972532                 4.8                      0.20833333333333334      5.462511642641474E-13    5.42244365067851E-13     0.25                     5.0E10                   2700                     4648.851710070157        2684.0157862316573       2502.294445801098
0.972532                 4.9                      0.20408163265306117      5.462185624853418E-13    5.42586593575952E-13     0.25                     5.0E10                   2700                     4648.851710070157        2684.0157862316573       2502.294445801098
0.972532                 5                        0.2                      5.461870936460808E-13    5.429587201980276E-13    0.25                     5.0E10                   2700                     4648.851710070157        2684.0157862316573       2502.294445801098
0.972532                 5.1                      0.19607843137254904      5.459309691885329E-13    5.43095762539919E-13     0.25                     5.0E10                   2700                     4648.851710070157        2684.0157862316573       2502.294445801098
0.972532                 5.2                      0.1923076923076923       5.455806502273241E-13    5.431392383144922E-13    0.25                     5.0E10                   2700                     4648.851710070157        2684.0157862316573       2502.294445801098
0.972532                 5.3                      0.18867924528301888      5.451463326227092E-13    5.430948155104088E-13    0.25                     5.0E10                   2700                     4648.851710070157        2684.0157862316573       2502.294445801098
0.972532                 5.4                      0.18518518518518517      5.446397502453633E-13    5.429703436294885E-13    0.25                     5.0E10                   2700                     4648.851710070157        2684.0157862316573       2502.294445801098
0.972532                 5.5                      0.18181818181818182      5.440733995217904E-13    5.427750722471572E-13    0.25                     5.0E10                   2700                     4648.851710070157        2684.0157862316573       2502.294445801098
0.972532                 5.6                      0.17857142857142858      5.434599116020484E-13    5.425189961189925E-13    0.25                     5.0E10                   2700                     4648.851710070157        2684.0157862316573       2502.294445801098
0.972532                 5.7                      0.17543859649122806      5.428115679181191E-13    5.422123287729238E-13    0.25                     5.0E10                   2700                     4648.851710070157        2684.0157862316573       2502.294445801098
0.972532                 5.8                      0.1724137931034483       5.42139946265257E-13     5.418650970974652E-13    0.25                     5.0E10                   2700                     4648.851710070157        2684.0157862316573       2502.294445801098
0.972532                 5.9                      0.1694915254237288       5.41456214593084E-13     5.414873692032808E-13    0.25                     5.0E10                   2700                     4648.851710070157        2684.0157862316573       2502.294445801098
0.972532                 6                        0.16666666666666666      5.407688855948882E-13    5.410869856935282E-13    0.25                     5.0E10                   2700                     4648.851710070157        2684.0157862316573       2502.294445801098
0.972532                 6.1                      0.16393442622950818      5.400868379496053E-13    5.40672474599019E-13     0.25                     5.0E10                   2700                     4648.851710070157        2684.0157862316573       2502.294445801098
0.972532                 6.2                      0.16129032258064518      5.394172778509607E-13    5.40250989462554E-13     0.25                     5.0E10                   2700                     4648.851710070157        2684.0157862316573       2502.294445801098
0.972532                 6.3                      0.15873015873015872      5.387662670221192E-13    5.39828779706205E-13     0.25                     5.0E10                   2700                     4648.851710070157        2684.0157862316573       2502.294445801098
0.972532                 6.4                      0.15625                  5.381387831365273E-13    5.394112055072402E-13    0.25                     5.0E10                   2700                     4648.851710070157        2684.0157862316573       2502.294445801098
0.972532                 6.5                      0.15384615384615383      5.375388000395487E-13    5.390027775167766E-13    0.25                     5.0E10                   2700                     4648.851710070157        2684.0157862316573       2502.294445801098
0.972532                 6.6                      0.15151515151515152      5.369693795018421E-13    5.386072131809001E-13    0.25                     5.0E10                   2700                     4648.851710070157        2684.0157862316573       2502.294445801098
0.972532                 6.7                      0.1492537313432836       5.36432768229443E-13     5.382275031538837E-13    0.25                     5.0E10                   2700                     4648.851710070157        2684.0157862316573       2502.294445801098
0.972532                 6.8                      0.14705882352941177      5.359304954022724E-13    5.378659827890317E-13    0.25                     5.0E10                   2700                     4648.851710070157        2684.0157862316573       2502.294445801098
0.972532                 6.9                      0.14492753623188404      5.354634673662742E-13    5.375244049540591E-13    0.25                     5.0E10                   2700                     4648.851710070157        2684.0157862316573       2502.294445801098
0.972532                 7                        0.14285714285714285      5.350320572774922E-13    5.372040114811355E-13    0.25                     5.0E10                   2700                     4648.851710070157        2684.0157862316573       2502.294445801098
0.972532                 7.1                      0.14084507042253522      5.346361881642125E-13    5.369056013810325E-13    0.25                     5.0E10                   2700                     4648.851710070157        2684.0157862316573       2502.294445801098
0.972532                 7.2                      0.1388888888888889       5.342754087646165E-13    5.36629594636481E-13     0.25                     5.0E10                   2700                     4648.851710070157        2684.0157862316573       2502.294445801098
0.972532                 7.3                      0.13698630136986303      5.339489616448775E-13    5.363760908022555E-13    0.25                     5.0E10                   2700                     4648.851710070157        2684.0157862316573       2502.294445801098
0.972532                 7.4                      0.13513513513513514      5.33655843802667E-13     5.361449221696617E-13    0.25                     5.0E10                   2700                     4648.851710070157        2684.0157862316573       2502.294445801098
0.972532                 7.5                      0.13333333333333333      5.333948598624294E-13    5.359357013293131E-13    0.25                     5.0E10                   2700                     4648.851710070157        2684.0157862316573       2502.294445801098
0.972532                 7.6                      0.13157894736842105      5.331646684315816E-13    5.357478633753467E-13    0.25                     5.0E10                   2700                     4648.851710070157        2684.0157862316573       2502.294445801098
0.972532                 7.7                      0.12987012987012989      5.329638220160711E-13    5.355807029135059E-13    0.25                     5.0E10                   2700                     4648.851710070157        2684.0157862316573       2502.294445801098
0.972532                 7.8                      0.12820512820512822      5.327908011130094E-13    5.354334062735684E-13    0.25                     5.0E10                   2700                     4648.851710070157        2684.0157862316573       2502.294445801098
0.972532                 7.9                      0.12658227848101267      5.32644043040709E-13     5.353050792842266E-13    0.25                     5.0E10                   2700                     4648.851710070157        2684.0157862316573       2502.294445801098
0.972532                 8                        0.125                    5.325219660671025E-13    5.351947710352451E-13    0.25                     5.0E10                   2700                     4648.851710070157        2684.0157862316573       2502.294445801098
0.972532                 8.1                      0.1234567901234568       5.324229894511805E-13    5.351014940454957E-13    0.25                     5.0E10                   2700                     4648.851710070157        2684.0157862316573       2502.294445801098
0.972532                 8.2                      0.12195121951219513      5.323455497400497E-13    5.350242411661591E-13    0.25                     5.0E10                   2700                     4648.851710070157        2684.0157862316573       2502.294445801098
0.972532                 8.3                      0.12048192771084336      5.322881140053759E-13    5.349619996918426E-13    0.25                     5.0E10                   2700                     4648.851710070157        2684.0157862316573       2502.294445801098
0.972532                 8.4                      0.11904761904761904      5.322491902754299E-13    5.349137629474635E-13    0.25                     5.0E10                   2700                     4648.851710070157        2684.0157862316573       2502.294445801098
0.972532                 8.5                      0.11764705882352941      5.322273356475238E-13    5.348785397090501E-13    0.25                     5.0E10                   2700                     4648.851710070157        2684.0157862316573       2502.294445801098
0.972532                 8.6                      0.11627906976744186      5.322211623888697E-13    5.348553617545892E-13    0.25                     5.0E10                   2700                     4648.851710070157        2684.0157862316573       2502.294445801098
0.972532                 8.7                      0.11494252873563218      5.322293423350683E-13    5.348432897806934E-13    0.25                     5.0E10                   2700                     4648.851710070157        2684.0157862316573       2502.294445801098
0.972532                 8.8                      0.11363636363636362      5.322523620985936E-13    5.34843132566905E-13     0.25                     5.0E10                   2700                     4648.851710070157        2684.0157862316573       2502.294445801098
0.972532                 8.9                      0.11235955056179775      5.322855567988804E-13    5.348506350358998E-13    0.25                     5.0E10                   2700                     4648.851710070157        2684.0157862316573       2502.294445801098
0.972532                 9                        0.11111111111111112      5.323295013270388E-13    5.348666387017437E-13    0.25                     5.0E10                   2700                     4648.851710070157        2684.0157862316573       2502.294445801098
0.972532                 9.1                      0.1098901098901099       5.323831245561438E-13    5.348903544203029E-13    0.25                     5.0E10                   2700                     4648.851710070157        2684.0157862316573       2502.294445801098
0.972532                 9.2                      0.10869565217391305      5.324454197305657E-13    5.349210345739291E-13    0.25                     5.0E10                   2700                     4648.851710070157        2684.0157862316573       2502.294445801098
0.972532                 9.3                      0.10752688172043011      5.325154432754041E-13    5.349579733342553E-13    0.25                     5.0E10                   2700                     4648.851710070157        2684.0157862316573       2502.294445801098
0.972532                 9.4                      0.10638297872340426      5.325923131408363E-13    5.35000506442483E-13     0.25                     5.0E10                   2700                     4648.851710070157        2684.0157862316573       2502.294445801098
0.972532                 9.5                      0.10526315789473685      5.326752068995591E-13    5.350480106242789E-13    0.25                     5.0E10                   2700                     4648.851710070157        2684.0157862316573       2502.294445801098
0.972532                 9.6                      0.10416666666666667      5.327633594937042E-13    5.350999026752579E-13    0.25                     5.0E10                   2700                     4648.851710070157        2684.0157862316573       2502.294445801098
0.972532                 9.700000000000001        0.1030927835051546       5.32856060924951E-13     5.351556383438022E-13    0.25                     5.0E10                   2700                     4648.851710070157        2684.0157862316573       2502.294445801098
0.972532                 9.8                      0.10204081632653059      5.329526537876675E-13    5.35214711023707E-13     0.25                     5.0E10                   2700                     4648.851710070157        2684.0157862316573       2502.294445801098
0.972532                 9.9                      0.101010101010101        5.330525306781835E-13    5.352766502836096E-13    0.25                     5.0E10                   2700                     4648.851710070157        2684.0157862316573       2502.294445801098
0.972532                 10                       0.1                      5.331074875885605E-13    5.35267259875745E-13     0.25                     5.0E10                   2700                     4648.851710070157        2684.0157862316573       2502.294445801098
