1.47725                  0.1                      10                       5.331259813815295E-13    5.33128914996409E-13     0.25                     5.0E10                   2700                     5729.55301727611         3307.9589768605947       2502.294445801098
1.47725                  0.2                      5                        5.330310296049523E-13    5.331311103014765E-13    0.25                     5.0E10                   2700                     5729.55301727611         3307.9589768605947       2502.294445801098
1.47725                  0.30000000000000004      3.3333333333333326       5.367758924881295E-13    5.363964460822793E-13    0.25                     5.0E10                   2700                     5729.55301727611         3307.9589768605947       2502.294445801098
1.47725                  0.4                      2.5                      5.492837458172803E-13    5.348409821053765E-13    0.25                     5.0E10                   2700                     5729.55301727611         3307.9589768605947       2502.294445801098
1.47725                  0.5                      2                        5.767443476003656E-13    5.436800081406789E-13    0.25                     5.0E10                   2700                     5729.55301727611         3307.9589768605947       2502.294445801098
1.47725                  0.6                      1.6666666666666667       6.066483089254808E-13    5.557136851209762E-13    0.25                     5.0E10                   2700                     5729.55301727611         3307.9589768605947       2502.294445801098
1.47725                  0.7000000000000001       1.4285714285714284       6.365715638798692E-13    5.630330035066404E-13    0.25                     5.0E10                   2700                     5729.55301727611         3307.9589768605947       2502.294445801098
1.47725                  0.8                      1.25                     6.703126345231396E-13    5.701062050364624E-13    0.25                     5.0E10                   2700                     5729.55301727611         3307.9589768605947       2502.294445801098
1.47725                  0.9                      1.1111111111111112       6.900417924075188E-13    5.754781002356443E-13    0.25                     5.0E10                   2700                     5729.55301727611         3307.9589768605947       2502.294445801098
1.47725                  1                        1                        7.065339556053611E-13    5.825800430142359E-13    0.25                     5.0E10                   2700                     5729.55301727611         3307.9589768605947       2502.294445801098
1.47725                  1.1                      0.909090909090909        6.917285814592105E-13    5.79069816487456E-13     0.25                     5.0E10                   2700                     5729.55301727611         3307.9589768605947       2502.294445801098
1.47725                  1.2000000000000002       0.8333333333333331       6.330265957094986E-13    5.347629248377458E-13    0.25                     5.0E10                   2700                     5729.55301727611         3307.9589768605947       2502.294445801098
1.47725                  1.3000000000000003       0.769230769230769        6.344737753624259E-13    5.435034117895424E-13    0.25                     5.0E10                   2700                     5729.55301727611         3307.9589768605947       2502.294445801098
1.47725                  1.4000000000000001       0.7142857142857142       6.368400595674839E-13    5.650153914790604E-13    0.25                     5.0E10                   2700                     5729.55301727611         3307.9589768605947       2502.294445801098
1.47725                  1.5000000000000002       0.6666666666666665       5.780963358104375E-13    5.365344754563332E-13    0.25                     5.0E10                   2700                     5729.55301727611         3307.9589768605947       2502.294445801098
1.47725                  1.6                      0.625                    5.266022708038835E-13    5.089536725345791E-13    0.25                     5.0E10                   2700                     5729.55301727611         3307.9589768605947       2502.294445801098
1.47725                  1.7000000000000002       0.588235294117647        5.044707854415363E-13    5.043719050079104E-13    0.25                     5.0E10                   2700                     5729.55301727611         3307.9589768605947       2502.294445801098
1.47725                  1.8000000000000003       0.5555555555555555       4.861844363576976E-13    5.008337047889875E-13    0.25                     5.0E10                   2700                     5729.55301727611         3307.9589768605947       2502.294445801098
1.47725                  1.9000000000000001       0.5263157894736842       4.608947958762276E-13    4.875751039332784E-13    0.25                     5.0E10                   2700                     5729.55301727611         3307.9589768605947       2502.294445801098
1.47725                  2                        0.5                      4.355395773142756E-13    4.712260474631355E-13    0.25                     5.0E10                   2700                     5729.55301727611         3307.9589768605947       2502.294445801098
1.47725                  2.1                      0.47619047619047616      4.1701758548692067E-13   4.592596302817053E-13    0.25                     5.0E10                   2700                     5729.55301727611         3307.9589768605947       2502.294445801098
1.47725                  2.2                      0.4545454545454545       4.0708152569155656E-13   4.5410755249787484E-13   0.25                     5.0E10                   2700                     5729.55301727611         3307.9589768605947       2502.294445801098
1.47725                  2.3000000000000003       0.43478260869565216      4.0476105334355283E-13   4.552881551940365E-13    0.25                     5.0E10                   2700                     5729.55301727611         3307.9589768605947       2502.294445801098
1.47725                  2.4000000000000004       0.4166666666666666       4.0840213279537925E-13   4.614559660948935E-13    0.25                     5.0E10                   2700                     5729.55301727611         3307.9589768605947       2502.294445801098
1.47725                  2.5000000000000004       0.3999999999999999       4.165050075976481E-13    4.712461163836172E-13    0.25                     5.0E10                   2700                     5729.55301727611         3307.9589768605947       2502.294445801098
1.47725                  2.6                      0.3846153846153846       4.267692312401355E-13    4.825823367376909E-13    0.25                     5.0E10                   2700                     5729.55301727611         3307.9589768605947       2502.294445801098
1.47725                  2.7                      0.37037037037037035      4.376663667947449E-13    4.939223892401672E-13    0.25                     5.0E10                   2700                     5729.55301727611         3307.9589768605947       2502.294445801098
1.47725                  2.8000000000000003       0.3571428571428571       4.4759787755782564E-13   5.036827725502832E-13    0.25                     5.0E10                   2700                     5729.55301727611         3307.9589768605947       2502.294445801098
1.47725                  2.9000000000000004       0.3448275862068965       4.553666820102923E-13    5.106869212527883E-13    0.25                     5.0E10                   2700                     5729.55301727611         3307.9589768605947       2502.294445801098
1.47725                  3.0000000000000004       0.33333333333333326      4.603435413346608E-13    5.143559697618083E-13    0.25                     5.0E10                   2700                     5729.55301727611         3307.9589768605947       2502.294445801098
1.47725                  3.1                      0.32258064516129037      4.624845798931569E-13    5.147317823204723E-13    0.25                     5.0E10                   2700                     5729.55301727611         3307.9589768605947       2502.294445801098
1.47725                  3.2                      0.3125                   4.622003729298588E-13    5.123346896602263E-13    0.25                     5.0E10                   2700                     5729.55301727611         3307.9589768605947       2502.294445801098
1.47725                  3.3000000000000003       0.30303030303030304      4.601496609321752E-13    5.079388065147157E-13    0.25                     5.0E10                   2700                     5729.55301727611         3307.9589768605947       2502.294445801098
1.47725                  3.4000000000000004       0.2941176470588235       4.570424809269593E-13    5.023609160213648E-13    0.25                     5.0E10                   2700                     5729.55301727611         3307.9589768605947       2502.294445801098
1.47725                  3.5000000000000004       0.2857142857142857       4.535126823083908E-13    4.96312969644681E-13     0.25                     5.0E10                   2700                     5729.55301727611         3307.9589768605947       2502.294445801098
1.47725                  3.6                      0.2777777777777778       4.500529265800755E-13    4.90354902292871E-13     0.25                     5.0E10                   2700                     5729.55301727611         3307.9589768605947       2502.294445801098
1.47725                  3.7                      0.2702702702702703       4.470020415016376E-13    4.848678323003474E-13    0.25                     5.0E10                   2700                     5729.55301727611         3307.9589768605947       2502.294445801098
1.47725                  3.8000000000000003       0.2631578947368421       4.445650212545251E-13    4.800827410149312E-13    0.25                     5.0E10                   2700                     5729.55301727611         3307.9589768605947       2502.294445801098
1.47725                  3.9000000000000004       0.2564102564102564       4.4284188861443113E-13   4.761138348830495E-13    0.25                     5.0E10                   2700                     5729.55301727611         3307.9589768605947       2502.294445801098
1.47725                  4                        0.25                     4.4185736464077406E-13   4.729919812874279E-13    0.25                     5.0E10                   2700                     5729.55301727611         3307.9589768605947       2502.294445801098
1.47725                  4.1                      0.24390243902439027      4.41585918316459E-13     4.706926657270034E-13    0.25                     5.0E10                   2700                     5729.55301727611         3307.9589768605947       2502.294445801098
1.47725                  4.2                      0.23809523809523808      4.419710604479417E-13    4.691573488205011E-13    0.25                     5.0E10                   2700                     5729.55301727611         3307.9589768605947       2502.294445801098
1.47725                  4.3                      0.23255813953488372      4.429393130688566E-13    4.683088149326637E-13    0.25                     5.0E10                   2700                     5729.55301727611         3307.9589768605947       2502.294445801098
1.47725                  4.3999999999999995       0.22727272727272732      4.444101131281948E-13    4.68061900680643E-13     0.25                     5.0E10                   2700                     5729.55301727611         3307.9589768605947       2502.294445801098
1.47725                  4.5                      0.22222222222222224      4.4630127972537937E-13   4.683296880760767E-13    0.25                     5.0E10                   2700                     5729.55301727611         3307.9589768605947       2502.294445801098
1.47725                  4.6                      0.2173913043478261       4.4853449811590964E-13   4.690289841588637E-13    0.25                     5.0E10                   2700                     5729.55301727611         3307.9589768605947       2502.294445801098
1.47725                  4.7                      0.2127659574468085       4.5103685386404394E-13   4.700822055362374E-13    0.25                     5.0E10                   2700                     5729.55301727611         3307.9589768605947       2502.294445801098
1.47725                  4.8                      0.20833333333333334      4.5374238398440617E-13   4.714189435086418E-13    0.25                     5.0E10                   2700                     5729.55301727611         3307.9589768605947       2502.294445801098
1.47725                  4.9                      0.20408163265306117      4.565926466638245E-13    4.729765487066976E-13    0.25                     5.0E10                   2700                     5729.55301727611         3307.9589768605947       2502.294445801098
1.47725                  5                        0.2                      4.596255833155467E-13    4.748138116357036E-13    0.25                     5.0E10                   2700                     5729.55301727611         3307.9589768605947       2502.294445801098
1.47725                  5.1                      0.19607843137254904      4.626195453839172E-13    4.766555695694779E-13    0.25                     5.0E10                   2700                     5729.55301727611         3307.9589768605947       2502.294445801098
1.47725                  5.2                      0.1923076923076923       4.6562615752521E-13      4.785746337014007E-13    0.25                     5.0E10                   2700                     5729.55301727611         3307.9589768605947       2502.294445801098
1.47725                  5.3                      0.18867924528301888      4.686152849257346E-13    4.8053749685512E-13      0.25                     5.0E10                   2700                     5729.55301727611         3307.9589768605947       2502.294445801098
1.47725                  5.4                      0.18518518518518517      4.71562428759965E-13     4.825164225841178E-13    0.25                     5.0E10                   2700                     5729.55301727611         3307.9589768605947       2502.294445801098
1.47725                  5.5                      0.18181818181818182      4.744480844805511E-13    4.844887935480257E-13    0.25                     5.0E10                   2700                     5729.55301727611         3307.9589768605947       2502.294445801098
1.47725                  5.6                      0.17857142857142858      4.772571122557077E-13    4.864364755479592E-13    0.25                     5.0E10                   2700                     5729.55301727611         3307.9589768605947       2502.294445801098
1.47725                  5.7                      0.17543859649122806      4.799781379438405E-13    4.883452149355361E-13    0.25                     5.0E10                   2700                     5729.55301727611         3307.9589768605947       2502.294445801098
1.47725                  5.8                      0.1724137931034483       4.826029962124214E-13    4.902040801809055E-13    0.25                     5.0E10                   2700                     5729.55301727611         3307.9589768605947       2502.294445801098
1.47725                  5.9                      0.1694915254237288       4.851267373875156E-13    4.920054044862706E-13    0.25                     5.0E10                   2700                     5729.55301727611         3307.9589768605947       2502.294445801098
1.47725                  6                        0.16666666666666666      4.875451490328546E-13    4.937425578901484E-13    0.25                     5.0E10                   2700                     5729.55301727611         3307.9589768605947       2502.294445801098
1.47725                  6.1                      0.16393442622950818      4.898573313644234E-13    4.954121562313741E-13    0.25                     5.0E10                   2700                     5729.55301727611         3307.9589768605947       2502.294445801098
1.47725                  6.2                      0.16129032258064518      4.920633915987393E-13    4.970119951014684E-13    0.25                     5.0E10                   2700                     5729.55301727611         3307.9589768605947       2502.294445801098
1.47725                  6.3                      0.15873015873015872      4.941646181979565E-13    4.985411653257883E-13    0.25                     5.0E10                   2700                     5729.55301727611         3307.9589768605947       2502.294445801098
1.47725                  6.4                      0.15625                  4.961632193551559E-13    4.999997906703969E-13    0.25                     5.0E10                   2700                     5729.55301727611         3307.9589768605947       2502.294445801098
1.47725                  6.5                      0.15384615384615383      4.980621015771492E-13    5.013888050004977E-13    0.25                     5.0E10                   2700                     5729.55301727611         3307.9589768605947       2502.294445801098
1.47725                  6.6                      0.15151515151515152      4.998646841269062E-13    5.027097646743336E-13    0.25                     5.0E10                   2700                     5729.55301727611         3307.9589768605947       2502.294445801098
1.47725                  6.7                      0.1492537313432836       5.015747451677965E-13    5.039646920242475E-13    0.25                     5.0E10                   2700                     5729.55301727611         3307.9589768605947       2502.294445801098
1.47725                  6.8                      0.14705882352941177      5.031962955629652E-13    5.051559459666802E-13    0.25                     5.0E10                   2700                     5729.55301727611         3307.9589768605947       2502.294445801098
1.47725                  6.9                      0.14492753623188404      5.047334765111859E-13    5.062861160403693E-13    0.25                     5.0E10                   2700                     5729.55301727611         3307.9589768605947       2502.294445801098
1.47725                  7                        0.14285714285714285      5.061904776549028E-13    5.073579365259806E-13    0.25                     5.0E10                   2700                     5729.55301727611         3307.9589768605947       2502.294445801098
1.47725                  7.1                      0.14084507042253522      5.0757147243614E-13      5.083742176126754E-13    0.25                     5.0E10                   2700                     5729.55301727611         3307.9589768605947       2502.294445801098
1.47725                  7.2                      0.1388888888888889       5.088805680816443E-13    5.093377909585958E-13    0.25                     5.0E10                   2700                     5729.55301727611         3307.9589768605947       2502.294445801098
1.47725                  7.3                      0.13698630136986303      5.101217675804499E-13    5.102514672046517E-13    0.25                     5.0E10                   2700                     5729.55301727611         3307.9589768605947       2502.294445801098
1.47725                  7.4                      0.13513513513513514      5.11298941776736E-13     5.111180035281392E-13    0.25                     5.0E10                   2700                     5729.55301727611         3307.9589768605947       2502.294445801098
1.47725                  7.5                      0.13333333333333333      5.124158095292728E-13    5.119400793286099E-13    0.25                     5.0E10                   2700                     5729.55301727611         3307.9589768605947       2502.294445801098
1.47725                  7.6                      0.13157894736842105      5.134759245888516E-13    5.127202786802397E-13    0.25                     5.0E10                   2700                     5729.55301727611         3307.9589768605947       2502.294445801098
1.47725                  7.7                      0.12987012987012989      5.144826677474333E-13    5.134610781740815E-13    0.25                     5.0E10                   2700                     5729.55301727611         3307.9589768605947       2502.294445801098
1.47725                  7.8                      0.12820512820512822      5.154392432157674E-13    5.141648391353854E-13    0.25                     5.0E10                   2700                     5729.55301727611         3307.9589768605947       2502.294445801098
1.47725                  7.9                      0.12658227848101267      5.163486782910464E-13    5.148338032876544E-13    0.25                     5.0E10                   2700                     5729.55301727611         3307.9589768605947       2502.294445801098
1.47725                  8                        0.125                    5.172138255638701E-13    5.154700911489831E-13    0.25                     5.0E10                   2700                     5729.55301727611         3307.9589768605947       2502.294445801098
1.47725                  8.1                      0.1234567901234568       5.1803736707885E-13      5.16075702537526E-13     0.25                     5.0E10                   2700                     5729.55301727611         3307.9589768605947       2502.294445801098
1.47725                  8.2                      0.12195121951219513      5.188218198186015E-13    5.166525186435784E-13    0.25                     5.0E10                   2700                     5729.55301727611         3307.9589768605947       2502.294445801098
1.47725                  8.3                      0.12048192771084336      5.195695422669409E-13    5.172023053307528E-13    0.25                     5.0E10                   2700                     5729.55301727611         3307.9589768605947       2502.294445801098
1.47725                  8.4                      0.11904761904761904      5.202827415756849E-13    5.177267172677113E-13    0.25                     5.0E10                   2700                     5729.55301727611         3307.9589768605947       2502.294445801098
1.47725                  8.5                      0.11764705882352941      5.209634811596973E-13    5.182273026561583E-13    0.25                     5.0E10                   2700                     5729.55301727611         3307.9589768605947       2502.294445801098
1.47725                  8.6                      0.11627906976744186      5.216136884832621E-13    5.187055083527384E-13    0.25                     5.0E10                   2700                     5729.55301727611         3307.9589768605947       2502.294445801098
1.47725                  8.7                      0.11494252873563218      5.222351628731203E-13    5.191626851841924E-13    0.25                     5.0E10                   2700                     5729.55301727611         3307.9589768605947       2502.294445801098
1.47725                  8.8                      0.11363636363636362      5.228313522971525E-13    5.196017003208298E-13    0.25                     5.0E10                   2700                     5729.55301727611         3307.9589768605947       2502.294445801098
1.47725                  8.9                      0.11235955056179775      5.234003277298764E-13    5.20020557511836E-13     0.25                     5.0E10                   2700                     5729.55301727611         3307.9589768605947       2502.294445801098
1.47725                  9                        0.11111111111111112      5.239452754132364E-13    5.204219159038003E-13    0.25                     5.0E10                   2700                     5729.55301727611         3307.9589768605947       2502.294445801098
1.47725                  9.1                      0.1098901098901099       5.244675572757929E-13    5.208067957159721E-13    0.25                     5.0E10                   2700                     5729.55301727611         3307.9589768605947       2502.294445801098
1.47725                  9.2                      0.10869565217391305      5.249684433375045E-13    5.211761473073184E-13    0.25                     5.0E10                   2700                     5729.55301727611         3307.9589768605947       2502.294445801098
1.47725                  9.3                      0.10752688172043011      5.254491180643214E-13    5.215308559176508E-13    0.25                     5.0E10                   2700                     5729.55301727611         3307.9589768605947       2502.294445801098
1.47725                  9.4                      0.10638297872340426      5.259106863196363E-13    5.218717461632564E-13    0.25                     5.0E10                   2700                     5729.55301727611         3307.9589768605947       2502.294445801098
1.47725                  9.5                      0.10526315789473685      5.263541790247661E-13    5.221995862957324E-13    0.25                     5.0E10                   2700                     5729.55301727611         3307.9589768605947       2502.294445801098
1.47725                  9.6                      0.10416666666666667      5.267805583717868E-13    5.225150921979572E-13    0.25                     5.0E10                   2700                     5729.55301727611         3307.9589768605947       2502.294445801098
1.47725                  9.700000000000001        0.1030927835051546       5.27190722799617E-13     5.228189311574613E-13    0.25                     5.0E10                   2700                     5729.55301727611         3307.9589768605947       2502.294445801098
1.47725                  9.8                      0.10204081632653059      5.275855116016538E-13    5.23111725394539E-13     0.25                     5.0E10                   2700                     5729.55301727611         3307.9589768605947       2502.294445801098
1.47725                  9.9                      0.101010101010101        5.279657091557259E-13    5.233940553219193E-13    0.25                     5.0E10                   2700                     5729.55301727611         3307.9589768605947       2502.294445801098
1.47725                  10                       0.1                      5.282929575542771E-13    5.236023859445875E-13    0.25                     5.0E10                   2700                     5729.55301727611         3307.9589768605947       2502.294445801098
