0.559497                 0.1                      10                       5.331290273762006E-13    5.331315457985396E-13    0.25                     5.0E10                   2700                     3526.0837577497596       2035.785406721991        2502.294445801098
0.559497                 0.2                      5                        5.340419266202126E-13    5.329791963581126E-13    0.25                     5.0E10                   2700                     3526.0837577497596       2035.785406721991        2502.294445801098
0.559497                 0.30000000000000004      3.3333333333333326       5.377668482946108E-13    5.293443840111374E-13    0.25                     5.0E10                   2700                     3526.0837577497596       2035.785406721991        2502.294445801098
0.559497                 0.4                      2.5                      5.265700293324396E-13    5.089243307266628E-13    0.25                     5.0E10                   2700                     3526.0837577497596       2035.785406721991        2502.294445801098
0.559497                 0.5                      2                        4.657837803314433E-13    4.629586621228685E-13    0.25                     5.0E10                   2700                     3526.0837577497596       2035.785406721991        2502.294445801098
0.559497                 0.6                      1.6666666666666667       4.3288203267200615E-13   4.473886177500488E-13    0.25                     5.0E10                   2700                     3526.0837577497596       2035.785406721991        2502.294445801098
0.559497                 0.7000000000000001       1.4285714285714284       3.7424597943856856E-13   4.2861467681412255E-13   0.25                     5.0E10                   2700                     3526.0837577497596       2035.785406721991        2502.294445801098
0.559497                 0.8                      1.25                     3.551254420480266E-13    4.276421412922862E-13    0.25                     5.0E10                   2700                     3526.0837577497596       2035.785406721991        2502.294445801098
0.559497                 0.9                      1.1111111111111112       3.7468497445556816E-13   4.614289472174024E-13    0.25                     5.0E10                   2700                     3526.0837577497596       2035.785406721991        2502.294445801098
0.559497                 1                        1                        3.3651363588227274E-13   4.149197686718852E-13    0.25                     5.0E10                   2700                     3526.0837577497596       2035.785406721991        2502.294445801098
0.559497                 1.1                      0.909090909090909        3.7263593370656505E-13   4.693038559383598E-13    0.25                     5.0E10                   2700                     3526.0837577497596       2035.785406721991        2502.294445801098
0.559497                 1.2000000000000002       0.8333333333333331       3.468514409460962E-13    4.5237691931629886E-13   0.25                     5.0E10                   2700                     3526.0837577497596       2035.785406721991        2502.294445801098
0.559497                 1.3000000000000003       0.769230769230769        3.8342037723377253E-13   5.174212595591531E-13    0.25                     5.0E10                   2700                     3526.0837577497596       2035.785406721991        2502.294445801098
0.559497                 1.4000000000000001       0.7142857142857142       3.471302076574628E-13    4.770470845292837E-13    0.25                     5.0E10                   2700                     3526.0837577497596       2035.785406721991        2502.294445801098
0.559497                 1.5000000000000002       0.6666666666666665       3.3078791887866426E-13   4.4380549392041125E-13   0.25                     5.0E10                   2700                     3526.0837577497596       2035.785406721991        2502.294445801098
0.559497                 1.6                      0.625                    3.8092708149197517E-13   4.821236433659289E-13    0.25                     5.0E10                   2700                     3526.0837577497596       2035.785406721991        2502.294445801098
0.559497                 1.7000000000000002       0.588235294117647        4.730655228656593E-13    5.597359509621643E-13    0.25                     5.0E10                   2700                     3526.0837577497596       2035.785406721991        2502.294445801098
0.559497                 1.8000000000000003       0.5555555555555555       5.47868647367412E-13     6.091654877760558E-13    0.25                     5.0E10                   2700                     3526.0837577497596       2035.785406721991        2502.294445801098
0.559497                 1.9000000000000001       0.5263157894736842       5.648752508716196E-13    5.953569797631971E-13    0.25                     5.0E10                   2700                     3526.0837577497596       2035.785406721991        2502.294445801098
0.559497                 2                        0.5                      5.532786982877349E-13    5.570283013413817E-13    0.25                     5.0E10                   2700                     3526.0837577497596       2035.785406721991        2502.294445801098
0.559497                 2.1                      0.47619047619047616      5.50602879084903E-13     5.328931494816994E-13    0.25                     5.0E10                   2700                     3526.0837577497596       2035.785406721991        2502.294445801098
0.559497                 2.2                      0.4545454545454545       5.684523054987975E-13    5.318847950279777E-13    0.25                     5.0E10                   2700                     3526.0837577497596       2035.785406721991        2502.294445801098
0.559497                 2.3000000000000003       0.43478260869565216      6.032789229458202E-13    5.48632652531364E-13     0.25                     5.0E10                   2700                     3526.0837577497596       2035.785406721991        2502.294445801098
0.559497                 2.4000000000000004       0.4166666666666666       6.456354349461807E-13    5.735317178107438E-13    0.25                     5.0E10                   2700                     3526.0837577497596       2035.785406721991        2502.294445801098
0.559497                 2.5000000000000004       0.3999999999999999       6.847018957399785E-13    5.967226529014491E-13    0.25                     5.0E10                   2700                     3526.0837577497596       2035.785406721991        2502.294445801098
0.559497                 2.6                      0.3846153846153846       7.115567875841025E-13    6.107680687429621E-13    0.25                     5.0E10                   2700                     3526.0837577497596       2035.785406721991        2502.294445801098
0.559497                 2.7                      0.37037037037037035      7.231357318039836E-13    6.132722162853123E-13    0.25                     5.0E10                   2700                     3526.0837577497596       2035.785406721991        2502.294445801098
0.559497                 2.8000000000000003       0.3571428571428571       7.214201187024325E-13    6.060440553179685E-13    0.25                     5.0E10                   2700                     3526.0837577497596       2035.785406721991        2502.294445801098
0.559497                 2.9000000000000004       0.3448275862068965       7.11184763425134E-13     5.930481902920485E-13    0.25                     5.0E10                   2700                     3526.0837577497596       2035.785406721991        2502.294445801098
0.559497                 3.0000000000000004       0.33333333333333326      6.974044264028151E-13    5.782803362761914E-13    0.25                     5.0E10                   2700                     3526.0837577497596       2035.785406721991        2502.294445801098
0.559497                 3.1                      0.32258064516129037      6.838696334057012E-13    5.647053099047102E-13    0.25                     5.0E10                   2700                     3526.0837577497596       2035.785406721991        2502.294445801098
0.559497                 3.2                      0.3125                   6.729281833884518E-13    5.541075877892145E-13    0.25                     5.0E10                   2700                     3526.0837577497596       2035.785406721991        2502.294445801098
0.559497                 3.3000000000000003       0.30303030303030304      6.657558311534592E-13    5.473457777045322E-13    0.25                     5.0E10                   2700                     3526.0837577497596       2035.785406721991        2502.294445801098
0.559497                 3.4000000000000004       0.2941176470588235       6.627628142359981E-13    5.44689639995314E-13     0.25                     5.0E10                   2700                     3526.0837577497596       2035.785406721991        2502.294445801098
0.559497                 3.5000000000000004       0.2857142857142857       6.637745191135419E-13    5.459726989623602E-13    0.25                     5.0E10                   2700                     3526.0837577497596       2035.785406721991        2502.294445801098
0.559497                 3.6                      0.2777777777777778       6.684094542975077E-13    5.50876103507246E-13     0.25                     5.0E10                   2700                     3526.0837577497596       2035.785406721991        2502.294445801098
0.559497                 3.7                      0.2702702702702703       6.760865615591047E-13    5.589318221100044E-13    0.25                     5.0E10                   2700                     3526.0837577497596       2035.785406721991        2502.294445801098
0.559497                 3.8000000000000003       0.2631578947368421       6.861215160875979E-13    5.695876949179411E-13    0.25                     5.0E10                   2700                     3526.0837577497596       2035.785406721991        2502.294445801098
0.559497                 3.9000000000000004       0.2564102564102564       6.97771258326015E-13     5.822342483614706E-13    0.25                     5.0E10                   2700                     3526.0837577497596       2035.785406721991        2502.294445801098
0.559497                 4                        0.25                     7.102692058818571E-13    5.962254059092108E-13    0.25                     5.0E10                   2700                     3526.0837577497596       2035.785406721991        2502.294445801098
0.559497                 4.1                      0.24390243902439027      7.228593755644535E-13    6.109009193288094E-13    0.25                     5.0E10                   2700                     3526.0837577497596       2035.785406721991        2502.294445801098
0.559497                 4.2                      0.23809523809523808      7.348322648044032E-13    6.256133426454963E-13    0.25                     5.0E10                   2700                     3526.0837577497596       2035.785406721991        2502.294445801098
0.559497                 4.3                      0.23255813953488372      7.455610419902724E-13    6.397586974034438E-13    0.25                     5.0E10                   2700                     3526.0837577497596       2035.785406721991        2502.294445801098
0.559497                 4.3999999999999995       0.22727272727272732      7.545342214424124E-13    6.52807562578979E-13     0.25                     5.0E10                   2700                     3526.0837577497596       2035.785406721991        2502.294445801098
0.559497                 4.5                      0.22222222222222224      7.613788493618558E-13    6.643312046208155E-13    0.25                     5.0E10                   2700                     3526.0837577497596       2035.785406721991        2502.294445801098
0.559497                 4.6                      0.2173913043478261       7.658731043131319E-13    6.74020257766888E-13     0.25                     5.0E10                   2700                     3526.0837577497596       2035.785406721991        2502.294445801098
0.559497                 4.7                      0.2127659574468085       7.679433384368612E-13    6.816911846429778E-13    0.25                     5.0E10                   2700                     3526.0837577497596       2035.785406721991        2502.294445801098
0.559497                 4.8                      0.20833333333333334      7.676489639701781E-13    6.872814843636936E-13    0.25                     5.0E10                   2700                     3526.0837577497596       2035.785406721991        2502.294445801098
0.559497                 4.9                      0.20408163265306117      7.651575920159394E-13    6.908349246784528E-13    0.25                     5.0E10                   2700                     3526.0837577497596       2035.785406721991        2502.294445801098
0.559497                 5                        0.2                      7.610122438826807E-13    6.927625861220613E-13    0.25                     5.0E10                   2700                     3526.0837577497596       2035.785406721991        2502.294445801098
0.559497                 5.1                      0.19607843137254904      7.54829687764699E-13     6.926148897166327E-13    0.25                     5.0E10                   2700                     3526.0837577497596       2035.785406721991        2502.294445801098
0.559497                 5.2                      0.1923076923076923       7.473147185255994E-13    6.909838741574186E-13    0.25                     5.0E10                   2700                     3526.0837577497596       2035.785406721991        2502.294445801098
0.559497                 5.3                      0.18867924528301888      7.387769917007545E-13    6.881104663344243E-13    0.25                     5.0E10                   2700                     3526.0837577497596       2035.785406721991        2502.294445801098
0.559497                 5.4                      0.18518518518518517      7.295063983519173E-13    6.842338961718353E-13    0.25                     5.0E10                   2700                     3526.0837577497596       2035.785406721991        2502.294445801098
0.559497                 5.5                      0.18181818181818182      7.197626775734893E-13    6.795797646829567E-13    0.25                     5.0E10                   2700                     3526.0837577497596       2035.785406721991        2502.294445801098
0.559497                 5.6                      0.17857142857142858      7.097700638290879E-13    6.743524309255016E-13    0.25                     5.0E10                   2700                     3526.0837577497596       2035.785406721991        2502.294445801098
0.559497                 5.7                      0.17543859649122806      6.997158259298237E-13    6.687310048920676E-13    0.25                     5.0E10                   2700                     3526.0837577497596       2035.785406721991        2502.294445801098
0.559497                 5.8                      0.1724137931034483       6.897515345471946E-13    6.628680917070414E-13    0.25                     5.0E10                   2700                     3526.0837577497596       2035.785406721991        2502.294445801098
0.559497                 5.9                      0.1694915254237288       6.799971234194268E-13    6.568917844615226E-13    0.25                     5.0E10                   2700                     3526.0837577497596       2035.785406721991        2502.294445801098
0.559497                 6                        0.16666666666666666      6.70540446499561E-13     6.509022950447332E-13    0.25                     5.0E10                   2700                     3526.0837577497596       2035.785406721991        2502.294445801098
0.559497                 6.1                      0.16393442622950818      6.614479164001021E-13    6.449823178853642E-13    0.25                     5.0E10                   2700                     3526.0837577497596       2035.785406721991        2502.294445801098
0.559497                 6.2                      0.16129032258064518      6.527643511154626E-13    6.391946819011166E-13    0.25                     5.0E10                   2700                     3526.0837577497596       2035.785406721991        2502.294445801098
0.559497                 6.3                      0.15873015873015872      6.445178466175415E-13    6.335864383623398E-13    0.25                     5.0E10                   2700                     3526.0837577497596       2035.785406721991        2502.294445801098
0.559497                 6.4                      0.15625                  6.36723159664569E-13     6.281915009563827E-13    0.25                     5.0E10                   2700                     3526.0837577497596       2035.785406721991        2502.294445801098
0.559497                 6.5                      0.15384615384615383      6.293846195795518E-13    6.230330264956356E-13    0.25                     5.0E10                   2700                     3526.0837577497596       2035.785406721991        2502.294445801098
0.559497                 6.6                      0.15151515151515152      6.224985754954237E-13    6.181254988731956E-13    0.25                     5.0E10                   2700                     3526.0837577497596       2035.785406721991        2502.294445801098
0.559497                 6.7                      0.1492537313432836       6.160554138945828E-13    6.13476512594844E-13     0.25                     5.0E10                   2700                     3526.0837577497596       2035.785406721991        2502.294445801098
0.559497                 6.8                      0.14705882352941177      6.100411949585156E-13    6.09088272358712E-13     0.25                     5.0E10                   2700                     3526.0837577497596       2035.785406721991        2502.294445801098
0.559497                 6.9                      0.14492753623188404      6.044389608618123E-13    6.049588358289115E-13    0.25                     5.0E10                   2700                     3526.0837577497596       2035.785406721991        2502.294445801098
0.559497                 7                        0.14285714285714285      5.992297679933189E-13    6.010831311385828E-13    0.25                     5.0E10                   2700                     3526.0837577497596       2035.785406721991        2502.294445801098
0.559497                 7.1                      0.14084507042253522      5.943934907780213E-13    5.974537811667669E-13    0.25                     5.0E10                   2700                     3526.0837577497596       2035.785406721991        2502.294445801098
0.559497                 7.2                      0.1388888888888889       5.899094393777888E-13    5.940617648822614E-13    0.25                     5.0E10                   2700                     3526.0837577497596       2035.785406721991        2502.294445801098
0.559497                 7.3                      0.13698630136986303      5.857568272163721E-13    5.908969430473612E-13    0.25                     5.0E10                   2700                     3526.0837577497596       2035.785406721991        2502.294445801098
0.559497                 7.4                      0.13513513513513514      5.8191511876261E-13      5.879484722755318E-13    0.25                     5.0E10                   2700                     3526.0837577497596       2035.785406721991        2502.294445801098
0.559497                 7.5                      0.13333333333333333      5.783642826091055E-13    5.852051279338803E-13    0.25                     5.0E10                   2700                     3526.0837577497596       2035.785406721991        2502.294445801098
0.559497                 7.6                      0.13157894736842105      5.750849702507661E-13    5.826555532072557E-13    0.25                     5.0E10                   2700                     3526.0837577497596       2035.785406721991        2502.294445801098
0.559497                 7.7                      0.12987012987012989      5.720586371490207E-13    5.80288448719274E-13     0.25                     5.0E10                   2700                     3526.0837577497596       2035.785406721991        2502.294445801098
0.559497                 7.8                      0.12820512820512822      5.692676192625005E-13    5.780927145919616E-13    0.25                     5.0E10                   2700                     3526.0837577497596       2035.785406721991        2502.294445801098
0.559497                 7.9                      0.12658227848101267      5.666951756087671E-13    5.760575546604236E-13    0.25                     5.0E10                   2700                     3526.0837577497596       2035.785406721991        2502.294445801098
0.559497                 8                        0.125                    5.643255051528165E-13    5.741725507436323E-13    0.25                     5.0E10                   2700                     3526.0837577497596       2035.785406721991        2502.294445801098
0.559497                 8.1                      0.1234567901234568       5.621437446778013E-13    5.724277134057009E-13    0.25                     5.0E10                   2700                     3526.0837577497596       2035.785406721991        2502.294445801098
0.559497                 8.2                      0.12195121951219513      5.601359525295452E-13    5.708135142441842E-13    0.25                     5.0E10                   2700                     3526.0837577497596       2035.785406721991        2502.294445801098
0.559497                 8.3                      0.12048192771084336      5.582890824919016E-13    5.693209039763414E-13    0.25                     5.0E10                   2700                     3526.0837577497596       2035.785406721991        2502.294445801098
0.559497                 8.4                      0.11904761904761904      5.565909506547412E-13    5.679413195132372E-13    0.25                     5.0E10                   2700                     3526.0837577497596       2035.785406721991        2502.294445801098
0.559497                 8.5                      0.11764705882352941      5.550301977624721E-13    5.666666827065307E-13    0.25                     5.0E10                   2700                     3526.0837577497596       2035.785406721991        2502.294445801098
0.559497                 8.6                      0.11627906976744186      5.535962487914021E-13    5.654893928454803E-13    0.25                     5.0E10                   2700                     3526.0837577497596       2035.785406721991        2502.294445801098
0.559497                 8.7                      0.11494252873563218      5.522792711310807E-13    5.644023145406905E-13    0.25                     5.0E10                   2700                     3526.0837577497596       2035.785406721991        2502.294445801098
0.559497                 8.8                      0.11363636363636362      5.510714483221039E-13    5.634007935065607E-13    0.25                     5.0E10                   2700                     3526.0837577497596       2035.785406721991        2502.294445801098
0.559497                 8.9                      0.11235955056179775      5.499616855024273E-13    5.624745417366375E-13    0.25                     5.0E10                   2700                     3526.0837577497596       2035.785406721991        2502.294445801098
0.559497                 9                        0.11111111111111112      5.489434316925159E-13    5.616197231366366E-13    0.25                     5.0E10                   2700                     3526.0837577497596       2035.785406721991        2502.294445801098
0.559497                 9.1                      0.1098901098901099       5.480094083870523E-13    5.608308905248299E-13    0.25                     5.0E10                   2700                     3526.0837577497596       2035.785406721991        2502.294445801098
0.559497                 9.2                      0.10869565217391305      5.471528769714321E-13    5.601029693021202E-13    0.25                     5.0E10                   2700                     3526.0837577497596       2035.785406721991        2502.294445801098
0.559497                 9.3                      0.10752688172043011      5.463676024574678E-13    5.594312370185723E-13    0.25                     5.0E10                   2700                     3526.0837577497596       2035.785406721991        2502.294445801098
0.559497                 9.4                      0.10638297872340426      5.456478189828586E-13    5.588113031747678E-13    0.25                     5.0E10                   2700                     3526.0837577497596       2035.785406721991        2502.294445801098
0.559497                 9.5                      0.10526315789473685      5.449881972798767E-13    5.582390895097145E-13    0.25                     5.0E10                   2700                     3526.0837577497596       2035.785406721991        2502.294445801098
0.559497                 9.6                      0.10416666666666667      5.443838138757518E-13    5.577108108451744E-13    0.25                     5.0E10                   2700                     3526.0837577497596       2035.785406721991        2502.294445801098
0.559497                 9.700000000000001        0.1030927835051546       5.438301222731888E-13    5.572229566901657E-13    0.25                     5.0E10                   2700                     3526.0837577497596       2035.785406721991        2502.294445801098
0.559497                 9.8                      0.10204081632653059      5.433229258806315E-13    5.5677227360486E-13      0.25                     5.0E10                   2700                     3526.0837577497596       2035.785406721991        2502.294445801098
0.559497                 9.9                      0.101010101010101        5.428583526221576E-13    5.563557483564678E-13    0.25                     5.0E10                   2700                     3526.0837577497596       2035.785406721991        2502.294445801098
0.559497                 10                       0.1                      5.42401753178522E-13     5.558848275214906E-13    0.25                     5.0E10                   2700                     3526.0837577497596       2035.785406721991        2502.294445801098
