1.85413                  0.1                      10                       5.331204161454913E-13    5.331297860342458E-13    0.25                     5.0E10                   2700                     6418.9476465296775       3705.981151638024        2502.294445801098
1.85413                  0.2                      5                        5.32778650385522E-13     5.331412241937419E-13    0.25                     5.0E10                   2700                     6418.9476465296775       3705.981151638024        2502.294445801098
1.85413                  0.30000000000000004      3.3333333333333326       5.37682418864127E-13     5.364615844539253E-13    0.25                     5.0E10                   2700                     6418.9476465296775       3705.981151638024        2502.294445801098
1.85413                  0.4                      2.5                      5.594057247838579E-13    5.32615844293275E-13     0.25                     5.0E10                   2700                     6418.9476465296775       3705.981151638024        2502.294445801098
1.85413                  0.5                      2                        5.977968978348231E-13    5.418769298983921E-13    0.25                     5.0E10                   2700                     6418.9476465296775       3705.981151638024        2502.294445801098
1.85413                  0.6                      1.6666666666666667       6.425157473856191E-13    5.578515394200085E-13    0.25                     5.0E10                   2700                     6418.9476465296775       3705.981151638024        2502.294445801098
1.85413                  0.7000000000000001       1.4285714285714284       6.904787392886285E-13    5.704595488628567E-13    0.25                     5.0E10                   2700                     6418.9476465296775       3705.981151638024        2502.294445801098
1.85413                  0.8                      1.25                     7.490183064129755E-13    5.861264268298925E-13    0.25                     5.0E10                   2700                     6418.9476465296775       3705.981151638024        2502.294445801098
1.85413                  0.9                      1.1111111111111112       7.73918774763638E-13     5.893687296026042E-13    0.25                     5.0E10                   2700                     6418.9476465296775       3705.981151638024        2502.294445801098
1.85413                  1                        1                        8.179328593841607E-13    6.162674923601612E-13    0.25                     5.0E10                   2700                     6418.9476465296775       3705.981151638024        2502.294445801098
1.85413                  1.1                      0.909090909090909        7.778009414601259E-13    5.94140459653894E-13     0.25                     5.0E10                   2700                     6418.9476465296775       3705.981151638024        2502.294445801098
1.85413                  1.2000000000000002       0.8333333333333331       6.871952747028799E-13    5.316359620957504E-13    0.25                     5.0E10                   2700                     6418.9476465296775       3705.981151638024        2502.294445801098
1.85413                  1.3000000000000003       0.769230769230769        6.832616022846682E-13    5.488783547107165E-13    0.25                     5.0E10                   2700                     6418.9476465296775       3705.981151638024        2502.294445801098
1.85413                  1.4000000000000001       0.7142857142857142       6.440164965365217E-13    5.551504531969475E-13    0.25                     5.0E10                   2700                     6418.9476465296775       3705.981151638024        2502.294445801098
1.85413                  1.5000000000000002       0.6666666666666665       5.495910817322456E-13    5.113386436915026E-13    0.25                     5.0E10                   2700                     6418.9476465296775       3705.981151638024        2502.294445801098
1.85413                  1.6                      0.625                    4.966169107914905E-13    4.928453626386812E-13    0.25                     5.0E10                   2700                     6418.9476465296775       3705.981151638024        2502.294445801098
1.85413                  1.7000000000000002       0.588235294117647        4.697156400913603E-13    4.916849574134054E-13    0.25                     5.0E10                   2700                     6418.9476465296775       3705.981151638024        2502.294445801098
1.85413                  1.8000000000000003       0.5555555555555555       4.31702178989348E-13     4.726634414860171E-13    0.25                     5.0E10                   2700                     6418.9476465296775       3705.981151638024        2502.294445801098
1.85413                  1.9000000000000001       0.5263157894736842       3.874482943867621E-13    4.3982213430414384E-13   0.25                     5.0E10                   2700                     6418.9476465296775       3705.981151638024        2502.294445801098
1.85413                  2                        0.5                      3.5460995994509275E-13   4.1343384477604635E-13   0.25                     5.0E10                   2700                     6418.9476465296775       3705.981151638024        2502.294445801098
1.85413                  2.1                      0.47619047619047616      3.3813917547952E-13      4.0137589967215593E-13   0.25                     5.0E10                   2700                     6418.9476465296775       3705.981151638024        2502.294445801098
1.85413                  2.2                      0.4545454545454545       3.3529917167440696E-13   4.0228739000632136E-13   0.25                     5.0E10                   2700                     6418.9476465296775       3705.981151638024        2502.294445801098
1.85413                  2.3000000000000003       0.43478260869565216      3.420025424103521E-13    4.1243624010205116E-13   0.25                     5.0E10                   2700                     6418.9476465296775       3705.981151638024        2502.294445801098
1.85413                  2.4000000000000004       0.4166666666666666       3.5469040316006653E-13   4.2818871321127585E-13   0.25                     5.0E10                   2700                     6418.9476465296775       3705.981151638024        2502.294445801098
1.85413                  2.5000000000000004       0.3999999999999999       3.707197115295676E-13    4.4666450153695314E-13   0.25                     5.0E10                   2700                     6418.9476465296775       3705.981151638024        2502.294445801098
1.85413                  2.6                      0.3846153846153846       3.869767927946314E-13    4.645975573200422E-13    0.25                     5.0E10                   2700                     6418.9476465296775       3705.981151638024        2502.294445801098
1.85413                  2.7                      0.37037037037037035      4.017117608751525E-13    4.800451677596093E-13    0.25                     5.0E10                   2700                     6418.9476465296775       3705.981151638024        2502.294445801098
1.85413                  2.8000000000000003       0.3571428571428571       4.1341350560518854E-13   4.914209745471432E-13    0.25                     5.0E10                   2700                     6418.9476465296775       3705.981151638024        2502.294445801098
1.85413                  2.9000000000000004       0.3448275862068965       4.212753354404427E-13    4.97951777840334E-13     0.25                     5.0E10                   2700                     6418.9476465296775       3705.981151638024        2502.294445801098
1.85413                  3.0000000000000004       0.33333333333333326      4.2523029284200854E-13   4.997058402538931E-13    0.25                     5.0E10                   2700                     6418.9476465296775       3705.981151638024        2502.294445801098
1.85413                  3.1                      0.32258064516129037      4.258092286052222E-13    4.974164601135321E-13    0.25                     5.0E10                   2700                     6418.9476465296775       3705.981151638024        2502.294445801098
1.85413                  3.2                      0.3125                   4.2388483611999316E-13   4.921791287152358E-13    0.25                     5.0E10                   2700                     6418.9476465296775       3705.981151638024        2502.294445801098
1.85413                  3.3000000000000003       0.30303030303030304      4.2041168142565525E-13   4.851522295313867E-13    0.25                     5.0E10                   2700                     6418.9476465296775       3705.981151638024        2502.294445801098
1.85413                  3.4000000000000004       0.2941176470588235       4.1623498503574523E-13   4.773440358051465E-13    0.25                     5.0E10                   2700                     6418.9476465296775       3705.981151638024        2502.294445801098
1.85413                  3.5000000000000004       0.2857142857142857       4.1203237198915705E-13   4.695437859097746E-13    0.25                     5.0E10                   2700                     6418.9476465296775       3705.981151638024        2502.294445801098
1.85413                  3.6                      0.2777777777777778       4.0825836907463415E-13   4.622829500832572E-13    0.25                     5.0E10                   2700                     6418.9476465296775       3705.981151638024        2502.294445801098
1.85413                  3.7                      0.2702702702702703       4.0519487619905813E-13   4.558845503856611E-13    0.25                     5.0E10                   2700                     6418.9476465296775       3705.981151638024        2502.294445801098
1.85413                  3.8000000000000003       0.2631578947368421       4.0298666285846746E-13   4.505116213462869E-13    0.25                     5.0E10                   2700                     6418.9476465296775       3705.981151638024        2502.294445801098
1.85413                  3.9000000000000004       0.2564102564102564       4.016807983006794E-13    4.462149557334956E-13    0.25                     5.0E10                   2700                     6418.9476465296775       3705.981151638024        2502.294445801098
1.85413                  4                        0.25                     4.0125982528779887E-13   4.4297228367662594E-13   0.25                     5.0E10                   2700                     6418.9476465296775       3705.981151638024        2502.294445801098
1.85413                  4.1                      0.24390243902439027      4.0166654358402596E-13   4.4071716798502514E-13   0.25                     5.0E10                   2700                     6418.9476465296775       3705.981151638024        2502.294445801098
1.85413                  4.2                      0.23809523809523808      4.028214804788614E-13    4.3935909276895475E-13   0.25                     5.0E10                   2700                     6418.9476465296775       3705.981151638024        2502.294445801098
1.85413                  4.3                      0.23255813953488372      4.046346726415816E-13    4.3879680474108047E-13   0.25                     5.0E10                   2700                     6418.9476465296775       3705.981151638024        2502.294445801098
1.85413                  4.3999999999999995       0.22727272727272732      4.070136092875572E-13    4.389270581088925E-13    0.25                     5.0E10                   2700                     6418.9476465296775       3705.981151638024        2502.294445801098
1.85413                  4.5                      0.22222222222222224      4.0986695125961685E-13   4.396489429591656E-13    0.25                     5.0E10                   2700                     6418.9476465296775       3705.981151638024        2502.294445801098
1.85413                  4.6                      0.2173913043478261       4.131090467050877E-13    4.4086822788071753E-13   0.25                     5.0E10                   2700                     6418.9476465296775       3705.981151638024        2502.294445801098
1.85413                  4.7                      0.2127659574468085       4.1666050387495525E-13   4.424981123387475E-13    0.25                     5.0E10                   2700                     6418.9476465296775       3705.981151638024        2502.294445801098
1.85413                  4.8                      0.20833333333333334      4.2044926120491856E-13   4.4446014203661097E-13   0.25                     5.0E10                   2700                     6418.9476465296775       3705.981151638024        2502.294445801098
1.85413                  4.9                      0.20408163265306117      4.244108648228437E-13    4.466843467273953E-13    0.25                     5.0E10                   2700                     6418.9476465296775       3705.981151638024        2502.294445801098
1.85413                  5                        0.2                      4.285747952865029E-13    4.4922375958349523E-13   0.25                     5.0E10                   2700                     6418.9476465296775       3705.981151638024        2502.294445801098
1.85413                  5.1                      0.19607843137254904      4.3272069590912794E-13   4.517969375788984E-13    0.25                     5.0E10                   2700                     6418.9476465296775       3705.981151638024        2502.294445801098
1.85413                  5.2                      0.1923076923076923       4.368886020444103E-13    4.544685550584576E-13    0.25                     5.0E10                   2700                     6418.9476465296775       3705.981151638024        2502.294445801098
1.85413                  5.3                      0.18867924528301888      4.4104236003394307E-13   4.571991400752595E-13    0.25                     5.0E10                   2700                     6418.9476465296775       3705.981151638024        2502.294445801098
1.85413                  5.4                      0.18518518518518517      4.451516174994779E-13    4.599552764712951E-13    0.25                     5.0E10                   2700                     6418.9476465296775       3705.981151638024        2502.294445801098
1.85413                  5.5                      0.18181818181818182      4.4919128329334267E-13   4.627089979893587E-13    0.25                     5.0E10                   2700                     6418.9476465296775       3705.981151638024        2502.294445801098
1.85413                  5.6                      0.17857142857142858      4.5314098884042037E-13   4.654371994908089E-13    0.25                     5.0E10                   2700                     6418.9476465296775       3705.981151638024        2502.294445801098
1.85413                  5.7                      0.17543859649122806      4.569845634742278E-13    4.681210756578476E-13    0.25                     5.0E10                   2700                     6418.9476465296775       3705.981151638024        2502.294445801098
1.85413                  5.8                      0.1724137931034483       4.607095327102514E-13    4.707455937752687E-13    0.25                     5.0E10                   2700                     6418.9476465296775       3705.981151638024        2502.294445801098
1.85413                  5.9                      0.1694915254237288       4.643071842321493E-13    4.732994637682143E-13    0.25                     5.0E10                   2700                     6418.9476465296775       3705.981151638024        2502.294445801098
1.85413                  6                        0.16666666666666666      4.677700104205053E-13    4.757728830244691E-13    0.25                     5.0E10                   2700                     6418.9476465296775       3705.981151638024        2502.294445801098
1.85413                  6.1                      0.16393442622950818      4.710944305569486E-13    4.781597949635122E-13    0.25                     5.0E10                   2700                     6418.9476465296775       3705.981151638024        2502.294445801098
1.85413                  6.2                      0.16129032258064518      4.742783730927517E-13    4.804557712604392E-13    0.25                     5.0E10                   2700                     6418.9476465296775       3705.981151638024        2502.294445801098
1.85413                  6.3                      0.15873015873015872      4.773214505698371E-13    4.826581148453845E-13    0.25                     5.0E10                   2700                     6418.9476465296775       3705.981151638024        2502.294445801098
1.85413                  6.4                      0.15625                  4.802246654415269E-13    4.847655691874979E-13    0.25                     5.0E10                   2700                     6418.9476465296775       3705.981151638024        2502.294445801098
1.85413                  6.5                      0.15384615384615383      4.829901502345251E-13    4.867780627265039E-13    0.25                     5.0E10                   2700                     6418.9476465296775       3705.981151638024        2502.294445801098
1.85413                  6.6                      0.15151515151515152      4.856209399969545E-13    4.886964858808555E-13    0.25                     5.0E10                   2700                     6418.9476465296775       3705.981151638024        2502.294445801098
1.85413                  6.7                      0.1492537313432836       4.881207748008728E-13    4.905224979415591E-13    0.25                     5.0E10                   2700                     6418.9476465296775       3705.981151638024        2502.294445801098
1.85413                  6.8                      0.14705882352941177      4.904939297940325E-13    4.922583610862171E-13    0.25                     5.0E10                   2700                     6418.9476465296775       3705.981151638024        2502.294445801098
1.85413                  6.9                      0.14492753623188404      4.927450701785324E-13    4.939067987547808E-13    0.25                     5.0E10                   2700                     6418.9476465296775       3705.981151638024        2502.294445801098
1.85413                  7                        0.14285714285714285      4.948791286731477E-13    4.954708757632964E-13    0.25                     5.0E10                   2700                     6418.9476465296775       3705.981151638024        2502.294445801098
1.85413                  7.1                      0.14084507042253522      4.969012028595755E-13    4.969538976233482E-13    0.25                     5.0E10                   2700                     6418.9476465296775       3705.981151638024        2502.294445801098
1.85413                  7.2                      0.1388888888888889       4.988164702173484E-13    4.98359326754256E-13     0.25                     5.0E10                   2700                     6418.9476465296775       3705.981151638024        2502.294445801098
1.85413                  7.3                      0.13698630136986303      5.006301184125814E-13    4.996907133177136E-13    0.25                     5.0E10                   2700                     6418.9476465296775       3705.981151638024        2502.294445801098
1.85413                  7.4                      0.13513513513513514      5.023472890830879E-13    5.009516388512441E-13    0.25                     5.0E10                   2700                     6418.9476465296775       3705.981151638024        2502.294445801098
1.85413                  7.5                      0.13333333333333333      5.039730329732796E-13    5.021456707374121E-13    0.25                     5.0E10                   2700                     6418.9476465296775       3705.981151638024        2502.294445801098
1.85413                  7.6                      0.13157894736842105      5.055122750180444E-13    5.032763260796917E-13    0.25                     5.0E10                   2700                     6418.9476465296775       3705.981151638024        2502.294445801098
1.85413                  7.7                      0.12987012987012989      5.069697876997576E-13    5.04347043448064E-13     0.25                     5.0E10                   2700                     6418.9476465296775       3705.981151638024        2502.294445801098
1.85413                  7.8                      0.12820512820512822      5.08350171445303E-13     5.053611613130934E-13    0.25                     5.0E10                   2700                     6418.9476465296775       3705.981151638024        2502.294445801098
1.85413                  7.9                      0.12658227848101267      5.096578408742197E-13    5.06321902047893E-13     0.25                     5.0E10                   2700                     6418.9476465296775       3705.981151638024        2502.294445801098
1.85413                  8                        0.125                    5.108970159083643E-13    5.072323605850706E-13    0.25                     5.0E10                   2700                     6418.9476465296775       3705.981151638024        2502.294445801098
1.85413                  8.1                      0.1234567901234568       5.120717169000886E-13    5.080954969000046E-13    0.25                     5.0E10                   2700                     6418.9476465296775       3705.981151638024        2502.294445801098
1.85413                  8.2                      0.12195121951219513      5.131857629194583E-13    5.089141315918768E-13    0.25                     5.0E10                   2700                     6418.9476465296775       3705.981151638024        2502.294445801098
1.85413                  8.3                      0.12048192771084336      5.142427727210522E-13    5.096909440306966E-13    0.25                     5.0E10                   2700                     6418.9476465296775       3705.981151638024        2502.294445801098
1.85413                  8.4                      0.11904761904761904      5.152461677017565E-13    5.104284725021249E-13    0.25                     5.0E10                   2700                     6418.9476465296775       3705.981151638024        2502.294445801098
1.85413                  8.5                      0.11764705882352941      5.161991764834039E-13    5.111291159563834E-13    0.25                     5.0E10                   2700                     6418.9476465296775       3705.981151638024        2502.294445801098
1.85413                  8.6                      0.11627906976744186      5.171048407066258E-13    5.117951370137064E-13    0.25                     5.0E10                   2700                     6418.9476465296775       3705.981151638024        2502.294445801098
1.85413                  8.7                      0.11494252873563218      5.179660217043053E-13    5.124286658912312E-13    0.25                     5.0E10                   2700                     6418.9476465296775       3705.981151638024        2502.294445801098
1.85413                  8.8                      0.11363636363636362      5.187871245259105E-13    5.130332648443733E-13    0.25                     5.0E10                   2700                     6418.9476465296775       3705.981151638024        2502.294445801098
1.85413                  8.9                      0.11235955056179775      5.195672789538889E-13    5.136077346761127E-13    0.25                     5.0E10                   2700                     6418.9476465296775       3705.981151638024        2502.294445801098
1.85413                  9                        0.11111111111111112      5.203105269981277E-13    5.141553570536465E-13    0.25                     5.0E10                   2700                     6418.9476465296775       3705.981151638024        2502.294445801098
1.85413                  9.1                      0.1098901098901099       5.210190850758692E-13    5.146777830233966E-13    0.25                     5.0E10                   2700                     6418.9476465296775       3705.981151638024        2502.294445801098
1.85413                  9.2                      0.10869565217391305      5.216950283023056E-13    5.151765577846699E-13    0.25                     5.0E10                   2700                     6418.9476465296775       3705.981151638024        2502.294445801098
1.85413                  9.3                      0.10752688172043011      5.223402984170006E-13    5.156531264123753E-13    0.25                     5.0E10                   2700                     6418.9476465296775       3705.981151638024        2502.294445801098
1.85413                  9.4                      0.10638297872340426      5.229567114848165E-13    5.161088394980668E-13    0.25                     5.0E10                   2700                     6418.9476465296775       3705.981151638024        2502.294445801098
1.85413                  9.5                      0.10526315789473685      5.235459654237147E-13    5.165449586718342E-13    0.25                     5.0E10                   2700                     6418.9476465296775       3705.981151638024        2502.294445801098
1.85413                  9.6                      0.10416666666666667      5.241096471723053E-13    5.169626619509729E-13    0.25                     5.0E10                   2700                     6418.9476465296775       3705.981151638024        2502.294445801098
1.85413                  9.700000000000001        0.1030927835051546       5.246492396598886E-13    5.173630489145041E-13    0.25                     5.0E10                   2700                     6418.9476465296775       3705.981151638024        2502.294445801098
1.85413                  9.8                      0.10204081632653059      5.251661284279251E-13    5.177471456662198E-13    0.25                     5.0E10                   2700                     6418.9476465296775       3705.981151638024        2502.294445801098
1.85413                  9.9                      0.101010101010101        5.256616078622117E-13    5.181159095343644E-13    0.25                     5.0E10                   2700                     6418.9476465296775       3705.981151638024        2502.294445801098
1.85413                  10                       0.1                      5.261060565081439E-13    5.184119776884365E-13    0.25                     5.0E10                   2700                     6418.9476465296775       3705.981151638024        2502.294445801098
