1.1304                   1                        1                        1                        0.1                      10                       5.331353414829727E-13    5.331377171441308E-13    0.25                     5.0E10                   2700                     4880.827071006067        2686.8443262572296       2502.294445801098
1.1304                   1                        1                        1                        0.2                      5                        5.334808355892488E-13    5.331467708748589E-13    0.25                     5.0E10                   2700                     4880.827071006067        2686.8443262572296       2502.294445801098
1.1304                   1                        1                        1                        0.30000000000000004      3.3333333333333326       5.366604646961714E-13    5.363080704874313E-13    0.25                     5.0E10                   2700                     4880.827071006067        2686.8443262572296       2502.294445801098
1.1304                   1                        1                        1                        0.4                      2.5                      5.329063312956252E-13    5.331714927320335E-13    0.25                     5.0E10                   2700                     4880.827071006067        2686.8443262572296       2502.294445801098
1.1304                   1                        1                        1                        0.5                      2                        5.33173609337931E-13     5.331090110569662E-13    0.25                     5.0E10                   2700                     4880.827071006067        2686.8443262572296       2502.294445801098
1.1304                   1                        1                        1                        0.6                      1.6666666666666667       5.36615517178124E-13     5.363448322705814E-13    0.25                     5.0E10                   2700                     4880.827071006067        2686.8443262572296       2502.294445801098
1.1304                   1                        1                        1                        0.7000000000000001       1.4285714285714284       5.376275164728285E-13    5.369576012465258E-13    0.25                     5.0E10                   2700                     4880.827071006067        2686.8443262572296       2502.294445801098
1.1304                   1                        1                        1                        0.8                      1.25                     5.347438115921003E-13    5.324832806796083E-13    0.25                     5.0E10                   2700                     4880.827071006067        2686.8443262572296       2502.294445801098
1.1304                   1                        1                        1                        0.9                      1.1111111111111112       5.32295338476592E-13     5.327103697899255E-13    0.25                     5.0E10                   2700                     4880.827071006067        2686.8443262572296       2502.294445801098
1.1304                   1                        1                        1                        1                        1                        5.337920885600011E-13    5.31794878438181E-13     0.25                     5.0E10                   2700                     4880.827071006067        2686.8443262572296       2502.294445801098
1.1304                   1                        1                        1                        1.1                      0.909090909090909        5.328359193647265E-13    5.340134253987146E-13    0.25                     5.0E10                   2700                     4880.827071006067        2686.8443262572296       2502.294445801098
1.1304                   1                        1                        1                        1.2000000000000002       0.8333333333333331       5.322368236701293E-13    5.346294301489637E-13    0.25                     5.0E10                   2700                     4880.827071006067        2686.8443262572296       2502.294445801098
1.1304                   1                        1                        1                        1.3000000000000003       0.769230769230769        5.319063747396096E-13    5.328024516421809E-13    0.25                     5.0E10                   2700                     4880.827071006067        2686.8443262572296       2502.294445801098
1.1304                   1                        1                        1                        1.4000000000000001       0.7142857142857142       5.317960448828344E-13    5.335682692437167E-13    0.25                     5.0E10                   2700                     4880.827071006067        2686.8443262572296       2502.294445801098
1.1304                   1                        1                        1                        1.5000000000000002       0.6666666666666665       5.297218928119543E-13    5.342117463435463E-13    0.25                     5.0E10                   2700                     4880.827071006067        2686.8443262572296       2502.294445801098
1.1304                   1                        1                        1                        1.6                      0.625                    5.251786079895898E-13    5.314151832151963E-13    0.25                     5.0E10                   2700                     4880.827071006067        2686.8443262572296       2502.294445801098
1.1304                   1                        1                        1                        1.7000000000000002       0.588235294117647        5.284222991949532E-13    5.345192532873606E-13    0.25                     5.0E10                   2700                     4880.827071006067        2686.8443262572296       2502.294445801098
1.1304                   1                        1                        1                        1.8000000000000003       0.5555555555555555       5.316159089238127E-13    5.363678008507334E-13    0.25                     5.0E10                   2700                     4880.827071006067        2686.8443262572296       2502.294445801098
1.1304                   1                        1                        1                        1.9000000000000001       0.5263157894736842       5.306760659138756E-13    5.33886707422711E-13     0.25                     5.0E10                   2700                     4880.827071006067        2686.8443262572296       2502.294445801098
1.1304                   1                        1                        1                        2                        0.5                      5.299702976801577E-13    5.320787483568025E-13    0.25                     5.0E10                   2700                     4880.827071006067        2686.8443262572296       2502.294445801098
1.1304                   1                        1                        1                        2.1                      0.47619047619047616      5.316704064868558E-13    5.333777298195974E-13    0.25                     5.0E10                   2700                     4880.827071006067        2686.8443262572296       2502.294445801098
1.1304                   1                        1                        1                        2.2                      0.4545454545454545       5.340605617470368E-13    5.359968191105262E-13    0.25                     5.0E10                   2700                     4880.827071006067        2686.8443262572296       2502.294445801098
1.1304                   1                        1                        1                        2.3000000000000003       0.43478260869565216      5.349035754021849E-13    5.374234264369069E-13    0.25                     5.0E10                   2700                     4880.827071006067        2686.8443262572296       2502.294445801098
1.1304                   1                        1                        1                        2.4000000000000004       0.4166666666666666       5.337937533464167E-13    5.369303780023883E-13    0.25                     5.0E10                   2700                     4880.827071006067        2686.8443262572296       2502.294445801098
1.1304                   1                        1                        1                        2.5000000000000004       0.3999999999999999       5.318869181350609E-13    5.353771003409561E-13    0.25                     5.0E10                   2700                     4880.827071006067        2686.8443262572296       2502.294445801098
1.1304                   1                        1                        1                        2.6                      0.3846153846153846       5.303087677271275E-13    5.339426754518433E-13    0.25                     5.0E10                   2700                     4880.827071006067        2686.8443262572296       2502.294445801098
1.1304                   1                        1                        1                        2.7                      0.37037037037037035      5.298013274573954E-13    5.333122947001747E-13    0.25                     5.0E10                   2700                     4880.827071006067        2686.8443262572296       2502.294445801098
1.1304                   1                        1                        1                        2.8000000000000003       0.3571428571428571       5.303814153855776E-13    5.33560871052635E-13     0.25                     5.0E10                   2700                     4880.827071006067        2686.8443262572296       2502.294445801098
1.1304                   1                        1                        1                        2.9000000000000004       0.3448275862068965       5.316737315560969E-13    5.343810147177661E-13    0.25                     5.0E10                   2700                     4880.827071006067        2686.8443262572296       2502.294445801098
1.1304                   1                        1                        1                        3.0000000000000004       0.33333333333333326      5.332054994806258E-13    5.353595769111912E-13    0.25                     5.0E10                   2700                     4880.827071006067        2686.8443262572296       2502.294445801098
1.1304                   1                        1                        1                        3.1                      0.32258064516129037      5.34599394835697E-13     5.361649724550983E-13    0.25                     5.0E10                   2700                     4880.827071006067        2686.8443262572296       2502.294445801098
1.1304                   1                        1                        1                        3.2                      0.3125                   5.356497075839013E-13    5.366241774613656E-13    0.25                     5.0E10                   2700                     4880.827071006067        2686.8443262572296       2502.294445801098
1.1304                   1                        1                        1                        3.3000000000000003       0.30303030303030304      5.36313154555692E-13     5.367164894088696E-13    0.25                     5.0E10                   2700                     4880.827071006067        2686.8443262572296       2502.294445801098
1.1304                   1                        1                        1                        3.4000000000000004       0.2941176470588235       5.367571159315222E-13    5.366409408800176E-13    0.25                     5.0E10                   2700                     4880.827071006067        2686.8443262572296       2502.294445801098
1.1304                   1                        1                        1                        3.5000000000000004       0.2857142857142857       5.368908904011135E-13    5.362865018476421E-13    0.25                     5.0E10                   2700                     4880.827071006067        2686.8443262572296       2502.294445801098
1.1304                   1                        1                        1                        3.6                      0.2777777777777778       5.369530559435781E-13    5.359153570299576E-13    0.25                     5.0E10                   2700                     4880.827071006067        2686.8443262572296       2502.294445801098
1.1304                   1                        1                        1                        3.7                      0.2702702702702703       5.370454084332941E-13    5.356354542554295E-13    0.25                     5.0E10                   2700                     4880.827071006067        2686.8443262572296       2502.294445801098
1.1304                   1                        1                        1                        3.8000000000000003       0.2631578947368421       5.372343260782516E-13    5.355176028011177E-13    0.25                     5.0E10                   2700                     4880.827071006067        2686.8443262572296       2502.294445801098
1.1304                   1                        1                        1                        3.9000000000000004       0.2564102564102564       5.375501599121921E-13    5.355950230826458E-13    0.25                     5.0E10                   2700                     4880.827071006067        2686.8443262572296       2502.294445801098
1.1304                   1                        1                        1                        4                        0.25                     5.379932671362091E-13    5.358692383426027E-13    0.25                     5.0E10                   2700                     4880.827071006067        2686.8443262572296       2502.294445801098
1.1304                   1                        1                        1                        4.1                      0.24390243902439027      5.385423185631134E-13    5.363184515592447E-13    0.25                     5.0E10                   2700                     4880.827071006067        2686.8443262572296       2502.294445801098
1.1304                   1                        1                        1                        4.2                      0.23809523809523808      5.391628404695158E-13    5.369061307645178E-13    0.25                     5.0E10                   2700                     4880.827071006067        2686.8443262572296       2502.294445801098
1.1304                   1                        1                        1                        4.3                      0.23255813953488372      5.398145593520977E-13    5.37588492088416E-13     0.25                     5.0E10                   2700                     4880.827071006067        2686.8443262572296       2502.294445801098
1.1304                   1                        1                        1                        4.3999999999999995       0.22727272727272732      5.404570690897226E-13    5.383203749006206E-13    0.25                     5.0E10                   2700                     4880.827071006067        2686.8443262572296       2502.294445801098
1.1304                   1                        1                        1                        4.5                      0.22222222222222224      5.410537713714249E-13    5.390594399257502E-13    0.25                     5.0E10                   2700                     4880.827071006067        2686.8443262572296       2502.294445801098
1.1304                   1                        1                        1                        4.6                      0.2173913043478261       5.415743941975249E-13    5.397689324948159E-13    0.25                     5.0E10                   2700                     4880.827071006067        2686.8443262572296       2502.294445801098
1.1304                   1                        1                        1                        4.7                      0.2127659574468085       5.419956885308308E-13    5.404188225580736E-13    0.25                     5.0E10                   2700                     4880.827071006067        2686.8443262572296       2502.294445801098
1.1304                   1                        1                        1                        4.8                      0.20833333333333334      5.423022965514944E-13    5.409867023053103E-13    0.25                     5.0E10                   2700                     4880.827071006067        2686.8443262572296       2502.294445801098
1.1304                   1                        1                        1                        4.9                      0.20408163265306117      5.424858805881118E-13    5.414573139844944E-13    0.25                     5.0E10                   2700                     4880.827071006067        2686.8443262572296       2502.294445801098
1.1304                   1                        1                        1                        5                        0.2                      5.426438152498032E-13    5.419168508252696E-13    0.25                     5.0E10                   2700                     4880.827071006067        2686.8443262572296       2502.294445801098
1.1304                   1                        1                        1                        5.1                      0.19607843137254904      5.425704292119762E-13    5.421627600303333E-13    0.25                     5.0E10                   2700                     4880.827071006067        2686.8443262572296       2502.294445801098
1.1304                   1                        1                        1                        5.2                      0.1923076923076923       5.42383244076645E-13     5.423021358372475E-13    0.25                     5.0E10                   2700                     4880.827071006067        2686.8443262572296       2502.294445801098
1.1304                   1                        1                        1                        5.3                      0.18867924528301888      5.420923084561983E-13    5.423400298691584E-13    0.25                     5.0E10                   2700                     4880.827071006067        2686.8443262572296       2502.294445801098
1.1304                   1                        1                        1                        5.4                      0.18518518518518517      5.417096228397365E-13    5.422840801356263E-13    0.25                     5.0E10                   2700                     4880.827071006067        2686.8443262572296       2502.294445801098
1.1304                   1                        1                        1                        5.5                      0.18181818181818182      5.412482854459165E-13    5.421436617201913E-13    0.25                     5.0E10                   2700                     4880.827071006067        2686.8443262572296       2502.294445801098
1.1304                   1                        1                        1                        5.6                      0.17857142857142858      5.407217887709492E-13    5.419291651478994E-13    0.25                     5.0E10                   2700                     4880.827071006067        2686.8443262572296       2502.294445801098
1.1304                   1                        1                        1                        5.7                      0.17543859649122806      5.401436442404327E-13    5.416515970288795E-13    0.25                     5.0E10                   2700                     4880.827071006067        2686.8443262572296       2502.294445801098
1.1304                   1                        1                        1                        5.8                      0.1724137931034483       5.395262593449732E-13    5.413213694675187E-13    0.25                     5.0E10                   2700                     4880.827071006067        2686.8443262572296       2502.294445801098
1.1304                   1                        1                        1                        5.9                      0.1694915254237288       5.388816985496887E-13    5.409490649056776E-13    0.25                     5.0E10                   2700                     4880.827071006067        2686.8443262572296       2502.294445801098
1.1304                   1                        1                        1                        6                        0.16666666666666666      5.382207957875223E-13    5.40544457998696E-13     0.25                     5.0E10                   2700                     4880.827071006067        2686.8443262572296       2502.294445801098
1.1304                   1                        1                        1                        6.1                      0.16393442622950818      5.375532223355662E-13    5.401165348207843E-13    0.25                     5.0E10                   2700                     4880.827071006067        2686.8443262572296       2502.294445801098
1.1304                   1                        1                        1                        6.2                      0.16129032258064518      5.368874473431596E-13    5.396733990129931E-13    0.25                     5.0E10                   2700                     4880.827071006067        2686.8443262572296       2502.294445801098
1.1304                   1                        1                        1                        6.3                      0.15873015873015872      5.362307481168315E-13    5.392222311131135E-13    0.25                     5.0E10                   2700                     4880.827071006067        2686.8443262572296       2502.294445801098
1.1304                   1                        1                        1                        6.4                      0.15625                  5.355892565016181E-13    5.387692882051482E-13    0.25                     5.0E10                   2700                     4880.827071006067        2686.8443262572296       2502.294445801098
1.1304                   1                        1                        1                        6.5                      0.15384615384615383      5.349680298357804E-13    5.38319932862695E-13     0.25                     5.0E10                   2700                     4880.827071006067        2686.8443262572296       2502.294445801098
1.1304                   1                        1                        1                        6.6                      0.15151515151515152      5.343711372904478E-13    5.378786823424135E-13    0.25                     5.0E10                   2700                     4880.827071006067        2686.8443262572296       2502.294445801098
1.1304                   1                        1                        1                        6.7                      0.1492537313432836       5.338017545089854E-13    5.374492708162256E-13    0.25                     5.0E10                   2700                     4880.827071006067        2686.8443262572296       2502.294445801098
1.1304                   1                        1                        1                        6.8                      0.14705882352941177      5.332622610686022E-13    5.370347189527816E-13    0.25                     5.0E10                   2700                     4880.827071006067        2686.8443262572296       2502.294445801098
1.1304                   1                        1                        1                        6.9                      0.14492753623188404      5.327543368253781E-13    5.366374065762442E-13    0.25                     5.0E10                   2700                     4880.827071006067        2686.8443262572296       2502.294445801098
1.1304                   1                        1                        1                        7                        0.14285714285714285      5.322790544240722E-13    5.362591452594186E-13    0.25                     5.0E10                   2700                     4880.827071006067        2686.8443262572296       2502.294445801098
1.1304                   1                        1                        1                        7.1                      0.14084507042253522      5.318369661045362E-13    5.35901248616069E-13     0.25                     5.0E10                   2700                     4880.827071006067        2686.8443262572296       2502.294445801098
1.1304                   1                        1                        1                        7.2                      0.1388888888888889       5.314281837220718E-13    5.355645987708557E-13    0.25                     5.0E10                   2700                     4880.827071006067        2686.8443262572296       2502.294445801098
1.1304                   1                        1                        1                        7.3                      0.13698630136986303      5.310524514142338E-13    5.352497080827325E-13    0.25                     5.0E10                   2700                     4880.827071006067        2686.8443262572296       2502.294445801098
1.1304                   1                        1                        1                        7.4                      0.13513513513513514      5.307092108121511E-13    5.349567756160475E-13    0.25                     5.0E10                   2700                     4880.827071006067        2686.8443262572296       2502.294445801098
1.1304                   1                        1                        1                        7.5                      0.13333333333333333      5.303976588357174E-13    5.346857381285662E-13    0.25                     5.0E10                   2700                     4880.827071006067        2686.8443262572296       2502.294445801098
1.1304                   1                        1                        1                        7.6                      0.13157894736842105      5.301173066665341E-13    5.344368196912396E-13    0.25                     5.0E10                   2700                     4880.827071006067        2686.8443262572296       2502.294445801098
1.1304                   1                        1                        1                        7.7                      0.12987012987012989      5.29866020050453E-13     5.342085823084335E-13    0.25                     5.0E10                   2700                     4880.827071006067        2686.8443262572296       2502.294445801098
1.1304                   1                        1                        1                        7.8                      0.12820512820512822      5.29643020659069E-13     5.3400090680228E-13      0.25                     5.0E10                   2700                     4880.827071006067        2686.8443262572296       2502.294445801098
1.1304                   1                        1                        1                        7.9                      0.12658227848101267      5.294469713005014E-13    5.338130856098469E-13    0.25                     5.0E10                   2700                     4880.827071006067        2686.8443262572296       2502.294445801098
1.1304                   1                        1                        1                        8                        0.125                    5.292764835234159E-13    5.336443275726692E-13    0.25                     5.0E10                   2700                     4880.827071006067        2686.8443262572296       2502.294445801098
1.1304                   1                        1                        1                        8.1                      0.1234567901234568       5.291301409336793E-13    5.334937807607159E-13    0.25                     5.0E10                   2700                     4880.827071006067        2686.8443262572296       2502.294445801098
1.1304                   1                        1                        1                        8.2                      0.12195121951219513      5.290065185004185E-13    5.333605518223643E-13    0.25                     5.0E10                   2700                     4880.827071006067        2686.8443262572296       2502.294445801098
1.1304                   1                        1                        1                        8.3                      0.12048192771084336      5.289041985314968E-13    5.332437223473083E-13    0.25                     5.0E10                   2700                     4880.827071006067        2686.8443262572296       2502.294445801098
1.1304                   1                        1                        1                        8.4                      0.11904761904761904      5.288217836221786E-13    5.331423625257751E-13    0.25                     5.0E10                   2700                     4880.827071006067        2686.8443262572296       2502.294445801098
1.1304                   1                        1                        1                        8.5                      0.11764705882352941      5.287579070443944E-13    5.330555424582278E-13    0.25                     5.0E10                   2700                     4880.827071006067        2686.8443262572296       2502.294445801098
1.1304                   1                        1                        1                        8.6                      0.11627906976744186      5.287112409271195E-13    5.32982341436134E-13     0.25                     5.0E10                   2700                     4880.827071006067        2686.8443262572296       2502.294445801098
1.1304                   1                        1                        1                        8.7                      0.11494252873563218      5.286805025111179E-13    5.329218554075332E-13    0.25                     5.0E10                   2700                     4880.827071006067        2686.8443262572296       2502.294445801098
1.1304                   1                        1                        1                        8.8                      0.11363636363636362      5.286644588240198E-13    5.32873202947053E-13     0.25                     5.0E10                   2700                     4880.827071006067        2686.8443262572296       2502.294445801098
1.1304                   1                        1                        1                        8.9                      0.11235955056179775      5.286619299737328E-13    5.328355298879501E-13    0.25                     5.0E10                   2700                     4880.827071006067        2686.8443262572296       2502.294445801098
1.1304                   1                        1                        1                        9                        0.11111111111111112      5.286717913351334E-13    5.328080128600476E-13    0.25                     5.0E10                   2700                     4880.827071006067        2686.8443262572296       2502.294445801098
1.1304                   1                        1                        1                        9.1                      0.1098901098901099       5.286929747296789E-13    5.327898618441507E-13    0.25                     5.0E10                   2700                     4880.827071006067        2686.8443262572296       2502.294445801098
1.1304                   1                        1                        1                        9.2                      0.10869565217391305      5.287244688613909E-13    5.327803219488172E-13    0.25                     5.0E10                   2700                     4880.827071006067        2686.8443262572296       2502.294445801098
1.1304                   1                        1                        1                        9.3                      0.10752688172043011      5.287653191259719E-13    5.327786745256974E-13    0.25                     5.0E10                   2700                     4880.827071006067        2686.8443262572296       2502.294445801098
1.1304                   1                        1                        1                        9.4                      0.10638297872340426      5.288146268356213E-13    5.327842376958158E-13    0.25                     5.0E10                   2700                     4880.827071006067        2686.8443262572296       2502.294445801098
1.1304                   1                        1                        1                        9.5                      0.10526315789473685      5.288715481250867E-13    5.327963664600402E-13    0.25                     5.0E10                   2700                     4880.827071006067        2686.8443262572296       2502.294445801098
1.1304                   1                        1                        1                        9.6                      0.10416666666666667      5.289352924202785E-13    5.32814452390167E-13     0.25                     5.0E10                   2700                     4880.827071006067        2686.8443262572296       2502.294445801098
1.1304                   1                        1                        1                        9.700000000000001        0.1030927835051546       5.290051207537242E-13    5.328379230539721E-13    0.25                     5.0E10                   2700                     4880.827071006067        2686.8443262572296       2502.294445801098
1.1304                   1                        1                        1                        9.8                      0.10204081632653059      5.290803438738395E-13    5.328662412004751E-13    0.25                     5.0E10                   2700                     4880.827071006067        2686.8443262572296       2502.294445801098
1.1304                   1                        1                        1                        9.9                      0.101010101010101        5.291603201628746E-13    5.328989037217278E-13    0.25                     5.0E10                   2700                     4880.827071006067        2686.8443262572296       2502.294445801098
1.1304                   1                        1                        1                        10                       0.1                      5.293079653503145E-13    5.329748399495919E-13    0.25                     5.0E10                   2700                     4880.827071006067        2686.8443262572296       2502.294445801098
