0.8500000000000001       1                        1                        1                        0.1                      10                       5.331364811961504E-13    5.331382330502138E-13    0.25                     5.0E10                   2700                     4573.551832368877        2763.422240965594        2502.294445801098
0.8500000000000001       1                        1                        1                        0.2                      5                        5.334858927313016E-13    5.331500006576954E-13    0.25                     5.0E10                   2700                     4573.551832368877        2763.422240965594        2502.294445801098
0.8500000000000001       1                        1                        1                        0.30000000000000004      3.3333333333333326       5.366552559436109E-13    5.363067708267209E-13    0.25                     5.0E10                   2700                     4573.551832368877        2763.422240965594        2502.294445801098
0.8500000000000001       1                        1                        1                        0.4                      2.5                      5.329409713988885E-13    5.332039044664418E-13    0.25                     5.0E10                   2700                     4573.551832368877        2763.422240965594        2502.294445801098
0.8500000000000001       1                        1                        1                        0.5                      2                        5.331295323055248E-13    5.332305667840358E-13    0.25                     5.0E10                   2700                     4573.551832368877        2763.422240965594        2502.294445801098
0.8500000000000001       1                        1                        1                        0.6                      1.6666666666666667       5.364823293771011E-13    5.367810597762853E-13    0.25                     5.0E10                   2700                     4573.551832368877        2763.422240965594        2502.294445801098
0.8500000000000001       1                        1                        1                        0.7000000000000001       1.4285714285714284       5.370507780434676E-13    5.378402546622098E-13    0.25                     5.0E10                   2700                     4573.551832368877        2763.422240965594        2502.294445801098
0.8500000000000001       1                        1                        1                        0.8                      1.25                     5.343702988468007E-13    5.342146182234348E-13    0.25                     5.0E10                   2700                     4573.551832368877        2763.422240965594        2502.294445801098
0.8500000000000001       1                        1                        1                        0.9                      1.1111111111111112       5.326162659077176E-13    5.3493297851851E-13      0.25                     5.0E10                   2700                     4573.551832368877        2763.422240965594        2502.294445801098
0.8500000000000001       1                        1                        1                        1                        1                        5.360579213923322E-13    5.346986316775959E-13    0.25                     5.0E10                   2700                     4573.551832368877        2763.422240965594        2502.294445801098
0.8500000000000001       1                        1                        1                        1.1                      0.909090909090909        5.380614991937121E-13    5.381897643929395E-13    0.25                     5.0E10                   2700                     4573.551832368877        2763.422240965594        2502.294445801098
0.8500000000000001       1                        1                        1                        1.2000000000000002       0.8333333333333331       5.395723457534634E-13    5.388438732734239E-13    0.25                     5.0E10                   2700                     4573.551832368877        2763.422240965594        2502.294445801098
0.8500000000000001       1                        1                        1                        1.3000000000000003       0.769230769230769        5.413300878281617E-13    5.367481948280246E-13    0.25                     5.0E10                   2700                     4573.551832368877        2763.422240965594        2502.294445801098
0.8500000000000001       1                        1                        1                        1.4000000000000001       0.7142857142857142       5.448146842536967E-13    5.390254357009964E-13    0.25                     5.0E10                   2700                     4573.551832368877        2763.422240965594        2502.294445801098
0.8500000000000001       1                        1                        1                        1.5000000000000002       0.6666666666666665       5.444601920897587E-13    5.401295129956537E-13    0.25                     5.0E10                   2700                     4573.551832368877        2763.422240965594        2502.294445801098
0.8500000000000001       1                        1                        1                        1.6                      0.625                    5.395713330230571E-13    5.363294529242022E-13    0.25                     5.0E10                   2700                     4573.551832368877        2763.422240965594        2502.294445801098
0.8500000000000001       1                        1                        1                        1.7000000000000002       0.588235294117647        5.423161360373494E-13    5.384353162068625E-13    0.25                     5.0E10                   2700                     4573.551832368877        2763.422240965594        2502.294445801098
0.8500000000000001       1                        1                        1                        1.8000000000000003       0.5555555555555555       5.453437666881277E-13    5.399146309853561E-13    0.25                     5.0E10                   2700                     4573.551832368877        2763.422240965594        2502.294445801098
0.8500000000000001       1                        1                        1                        1.9000000000000001       0.5263157894736842       5.443066935858049E-13    5.37576961592301E-13     0.25                     5.0E10                   2700                     4573.551832368877        2763.422240965594        2502.294445801098
0.8500000000000001       1                        1                        1                        2                        0.5                      5.430638599444782E-13    5.358508745756813E-13    0.25                     5.0E10                   2700                     4573.551832368877        2763.422240965594        2502.294445801098
0.8500000000000001       1                        1                        1                        2.1                      0.47619047619047616      5.434338765098002E-13    5.36712730434488E-13     0.25                     5.0E10                   2700                     4573.551832368877        2763.422240965594        2502.294445801098
0.8500000000000001       1                        1                        1                        2.2                      0.4545454545454545       5.43802232715405E-13     5.383761795677856E-13    0.25                     5.0E10                   2700                     4573.551832368877        2763.422240965594        2502.294445801098
0.8500000000000001       1                        1                        1                        2.3000000000000003       0.43478260869565216      5.424270728819741E-13    5.387037682451553E-13    0.25                     5.0E10                   2700                     4573.551832368877        2763.422240965594        2502.294445801098
0.8500000000000001       1                        1                        1                        2.4000000000000004       0.4166666666666666       5.394552363495064E-13    5.374062804959016E-13    0.25                     5.0E10                   2700                     4573.551832368877        2763.422240965594        2502.294445801098
0.8500000000000001       1                        1                        1                        2.5000000000000004       0.3999999999999999       5.363520466681931E-13    5.355788268436514E-13    0.25                     5.0E10                   2700                     4573.551832368877        2763.422240965594        2502.294445801098
0.8500000000000001       1                        1                        1                        2.6                      0.3846153846153846       5.342183914930586E-13    5.343640026276018E-13    0.25                     5.0E10                   2700                     4573.551832368877        2763.422240965594        2502.294445801098
0.8500000000000001       1                        1                        1                        2.7                      0.37037037037037035      5.336264132601159E-13    5.342853038035939E-13    0.25                     5.0E10                   2700                     4573.551832368877        2763.422240965594        2502.294445801098
0.8500000000000001       1                        1                        1                        2.8000000000000003       0.3571428571428571       5.34363074079831E-13     5.352119826741111E-13    0.25                     5.0E10                   2700                     4573.551832368877        2763.422240965594        2502.294445801098
0.8500000000000001       1                        1                        1                        2.9000000000000004       0.3448275862068965       5.358437913752646E-13    5.366517632829727E-13    0.25                     5.0E10                   2700                     4573.551832368877        2763.422240965594        2502.294445801098
0.8500000000000001       1                        1                        1                        3.0000000000000004       0.33333333333333326      5.374384730256817E-13    5.380538524128679E-13    0.25                     5.0E10                   2700                     4573.551832368877        2763.422240965594        2502.294445801098
0.8500000000000001       1                        1                        1                        3.1                      0.32258064516129037      5.386740922510794E-13    5.390050240745685E-13    0.25                     5.0E10                   2700                     4573.551832368877        2763.422240965594        2502.294445801098
0.8500000000000001       1                        1                        1                        3.2                      0.3125                   5.39307686001671E-13     5.393042540971502E-13    0.25                     5.0E10                   2700                     4573.551832368877        2763.422240965594        2502.294445801098
0.8500000000000001       1                        1                        1                        3.3000000000000003       0.30303030303030304      5.393054119032584E-13    5.389460661486479E-13    0.25                     5.0E10                   2700                     4573.551832368877        2763.422240965594        2502.294445801098
0.8500000000000001       1                        1                        1                        3.4000000000000004       0.2941176470588235       5.388629510306866E-13    5.381608751761181E-13    0.25                     5.0E10                   2700                     4573.551832368877        2763.422240965594        2502.294445801098
0.8500000000000001       1                        1                        1                        3.5000000000000004       0.2857142857142857       5.379675898596416E-13    5.36919010908436E-13     0.25                     5.0E10                   2700                     4573.551832368877        2763.422240965594        2502.294445801098
0.8500000000000001       1                        1                        1                        3.6                      0.2777777777777778       5.369077829256042E-13    5.355335569012416E-13    0.25                     5.0E10                   2700                     4573.551832368877        2763.422240965594        2502.294445801098
0.8500000000000001       1                        1                        1                        3.7                      0.2702702702702703       5.358401099607996E-13    5.341686690787701E-13    0.25                     5.0E10                   2700                     4573.551832368877        2763.422240965594        2502.294445801098
0.8500000000000001       1                        1                        1                        3.8000000000000003       0.2631578947368421       5.348778493295811E-13    5.329434713922755E-13    0.25                     5.0E10                   2700                     4573.551832368877        2763.422240965594        2502.294445801098
0.8500000000000001       1                        1                        1                        3.9000000000000004       0.2564102564102564       5.340892786705055E-13    5.319306282112592E-13    0.25                     5.0E10                   2700                     4573.551832368877        2763.422240965594        2502.294445801098
0.8500000000000001       1                        1                        1                        4                        0.25                     5.335039865102427E-13    5.311626110067176E-13    0.25                     5.0E10                   2700                     4573.551832368877        2763.422240965594        2502.294445801098
0.8500000000000001       1                        1                        1                        4.1                      0.24390243902439027      5.331221515844919E-13    5.306410644317537E-13    0.25                     5.0E10                   2700                     4573.551832368877        2763.422240965594        2502.294445801098
0.8500000000000001       1                        1                        1                        4.2                      0.23809523809523808      5.329241682913454E-13    5.303464841985542E-13    0.25                     5.0E10                   2700                     4573.551832368877        2763.422240965594        2502.294445801098
0.8500000000000001       1                        1                        1                        4.3                      0.23255813953488372      5.328790190592288E-13    5.302467082300658E-13    0.25                     5.0E10                   2700                     4573.551832368877        2763.422240965594        2502.294445801098
0.8500000000000001       1                        1                        1                        4.3999999999999995       0.22727272727272732      5.329508435999155E-13    5.303036541906662E-13    0.25                     5.0E10                   2700                     4573.551832368877        2763.422240965594        2502.294445801098
0.8500000000000001       1                        1                        1                        4.5                      0.22222222222222224      5.331036637970661E-13    5.304782472996694E-13    0.25                     5.0E10                   2700                     4573.551832368877        2763.422240965594        2502.294445801098
0.8500000000000001       1                        1                        1                        4.6                      0.2173913043478261       5.33304589499282E-13     5.307338127517339E-13    0.25                     5.0E10                   2700                     4573.551832368877        2763.422240965594        2502.294445801098
0.8500000000000001       1                        1                        1                        4.7                      0.2127659574468085       5.335251797160938E-13    5.310377911747714E-13    0.25                     5.0E10                   2700                     4573.551832368877        2763.422240965594        2502.294445801098
0.8500000000000001       1                        1                        1                        4.8                      0.20833333333333334      5.337428476754727E-13    5.313631436141342E-13    0.25                     5.0E10                   2700                     4573.551832368877        2763.422240965594        2502.294445801098
0.8500000000000001       1                        1                        1                        4.9                      0.20408163265306117      5.339405583491404E-13    5.3168836968338E-13      0.25                     5.0E10                   2700                     4573.551832368877        2763.422240965594        2502.294445801098
0.8500000000000001       1                        1                        1                        5                        0.2                      5.342058875388403E-13    5.320916981572958E-13    0.25                     5.0E10                   2700                     4573.551832368877        2763.422240965594        2502.294445801098
0.8500000000000001       1                        1                        1                        5.1                      0.19607843137254904      5.343255415709334E-13    5.323659700676817E-13    0.25                     5.0E10                   2700                     4573.551832368877        2763.422240965594        2502.294445801098
0.8500000000000001       1                        1                        1                        5.2                      0.1923076923076923       5.344037552770513E-13    5.326062874760529E-13    0.25                     5.0E10                   2700                     4573.551832368877        2763.422240965594        2502.294445801098
0.8500000000000001       1                        1                        1                        5.3                      0.18867924528301888      5.344403260650525E-13    5.328090281356657E-13    0.25                     5.0E10                   2700                     4573.551832368877        2763.422240965594        2502.294445801098
0.8500000000000001       1                        1                        1                        5.4                      0.18518518518518517      5.344373813895617E-13    5.329732920957559E-13    0.25                     5.0E10                   2700                     4573.551832368877        2763.422240965594        2502.294445801098
0.8500000000000001       1                        1                        1                        5.5                      0.18181818181818182      5.343987052090659E-13    5.331002422611623E-13    0.25                     5.0E10                   2700                     4573.551832368877        2763.422240965594        2502.294445801098
0.8500000000000001       1                        1                        1                        5.6                      0.17857142857142858      5.343291595176157E-13    5.331925228609664E-13    0.25                     5.0E10                   2700                     4573.551832368877        2763.422240965594        2502.294445801098
0.8500000000000001       1                        1                        1                        5.7                      0.17543859649122806      5.342343688928344E-13    5.332539426201562E-13    0.25                     5.0E10                   2700                     4573.551832368877        2763.422240965594        2502.294445801098
0.8500000000000001       1                        1                        1                        5.8                      0.1724137931034483       5.341197003805718E-13    5.332883735397986E-13    0.25                     5.0E10                   2700                     4573.551832368877        2763.422240965594        2502.294445801098
0.8500000000000001       1                        1                        1                        5.9                      0.1694915254237288       5.339909290086852E-13    5.333004647503323E-13    0.25                     5.0E10                   2700                     4573.551832368877        2763.422240965594        2502.294445801098
0.8500000000000001       1                        1                        1                        6                        0.16666666666666666      5.338533956599567E-13    5.332947164388936E-13    0.25                     5.0E10                   2700                     4573.551832368877        2763.422240965594        2502.294445801098
0.8500000000000001       1                        1                        1                        6.1                      0.16393442622950818      5.337120202369818E-13    5.332754689900647E-13    0.25                     5.0E10                   2700                     4573.551832368877        2763.422240965594        2502.294445801098
0.8500000000000001       1                        1                        1                        6.2                      0.16129032258064518      5.335712119999184E-13    5.332467781856181E-13    0.25                     5.0E10                   2700                     4573.551832368877        2763.422240965594        2502.294445801098
0.8500000000000001       1                        1                        1                        6.3                      0.15873015873015872      5.334348225826531E-13    5.332123346544153E-13    0.25                     5.0E10                   2700                     4573.551832368877        2763.422240965594        2502.294445801098
0.8500000000000001       1                        1                        1                        6.4                      0.15625                  5.333061318031516E-13    5.331754183567118E-13    0.25                     5.0E10                   2700                     4573.551832368877        2763.422240965594        2502.294445801098
0.8500000000000001       1                        1                        1                        6.5                      0.15384615384615383      5.331878576126726E-13    5.331388799357517E-13    0.25                     5.0E10                   2700                     4573.551832368877        2763.422240965594        2502.294445801098
0.8500000000000001       1                        1                        1                        6.6                      0.15151515151515152      5.330821830742229E-13    5.331051420503527E-13    0.25                     5.0E10                   2700                     4573.551832368877        2763.422240965594        2502.294445801098
0.8500000000000001       1                        1                        1                        6.7                      0.1492537313432836       5.32990794701347E-13     5.33076215029118E-13     0.25                     5.0E10                   2700                     4573.551832368877        2763.422240965594        2502.294445801098
0.8500000000000001       1                        1                        1                        6.8                      0.14705882352941177      5.329149275837253E-13    5.330537222265663E-13    0.25                     5.0E10                   2700                     4573.551832368877        2763.422240965594        2502.294445801098
0.8500000000000001       1                        1                        1                        6.9                      0.14492753623188404      5.328554138529051E-13    5.330389314804565E-13    0.25                     5.0E10                   2700                     4573.551832368877        2763.422240965594        2502.294445801098
0.8500000000000001       1                        1                        1                        7                        0.14285714285714285      5.328127319593867E-13    5.330327899009825E-13    0.25                     5.0E10                   2700                     4573.551832368877        2763.422240965594        2502.294445801098
0.8500000000000001       1                        1                        1                        7.1                      0.14084507042253522      5.327870548714055E-13    5.330359599059556E-13    0.25                     5.0E10                   2700                     4573.551832368877        2763.422240965594        2502.294445801098
0.8500000000000001       1                        1                        1                        7.2                      0.1388888888888889       5.327782959335443E-13    5.330488549655542E-13    0.25                     5.0E10                   2700                     4573.551832368877        2763.422240965594        2502.294445801098
0.8500000000000001       1                        1                        1                        7.3                      0.13698630136986303      5.327861515522207E-13    5.330716740099561E-13    0.25                     5.0E10                   2700                     4573.551832368877        2763.422240965594        2502.294445801098
0.8500000000000001       1                        1                        1                        7.4                      0.13513513513513514      5.328101402736302E-13    5.331044337931689E-13    0.25                     5.0E10                   2700                     4573.551832368877        2763.422240965594        2502.294445801098
0.8500000000000001       1                        1                        1                        7.5                      0.13333333333333333      5.32849637947678E-13     5.331469987468001E-13    0.25                     5.0E10                   2700                     4573.551832368877        2763.422240965594        2502.294445801098
0.8500000000000001       1                        1                        1                        7.6                      0.13157894736842105      5.329044025576572E-13    5.331996006453322E-13    0.25                     5.0E10                   2700                     4573.551832368877        2763.422240965594        2502.294445801098
0.8500000000000001       1                        1                        1                        7.7                      0.12987012987012989      5.329726567496082E-13    5.332609199182592E-13    0.25                     5.0E10                   2700                     4573.551832368877        2763.422240965594        2502.294445801098
0.8500000000000001       1                        1                        1                        7.8                      0.12820512820512822      5.330539861172846E-13    5.333309819466132E-13    0.25                     5.0E10                   2700                     4573.551832368877        2763.422240965594        2502.294445801098
0.8500000000000001       1                        1                        1                        7.9                      0.12658227848101267      5.331474718555598E-13    5.33409285685635E-13     0.25                     5.0E10                   2700                     4573.551832368877        2763.422240965594        2502.294445801098
0.8500000000000001       1                        1                        1                        8                        0.125                    5.332521732170038E-13    5.334952862642047E-13    0.25                     5.0E10                   2700                     4573.551832368877        2763.422240965594        2502.294445801098
0.8500000000000001       1                        1                        1                        8.1                      0.1234567901234568       5.333671422662509E-13    5.335884091554872E-13    0.25                     5.0E10                   2700                     4573.551832368877        2763.422240965594        2502.294445801098
0.8500000000000001       1                        1                        1                        8.2                      0.12195121951219513      5.334914360232818E-13    5.336880621717238E-13    0.25                     5.0E10                   2700                     4573.551832368877        2763.422240965594        2502.294445801098
0.8500000000000001       1                        1                        1                        8.3                      0.12048192771084336      5.336241264881343E-13    5.337936456089649E-13    0.25                     5.0E10                   2700                     4573.551832368877        2763.422240965594        2502.294445801098
0.8500000000000001       1                        1                        1                        8.4                      0.11904761904761904      5.337643086703726E-13    5.339045606654116E-13    0.25                     5.0E10                   2700                     4573.551832368877        2763.422240965594        2502.294445801098
0.8500000000000001       1                        1                        1                        8.5                      0.11764705882352941      5.339111069475826E-13    5.340202163596799E-13    0.25                     5.0E10                   2700                     4573.551832368877        2763.422240965594        2502.294445801098
0.8500000000000001       1                        1                        1                        8.6                      0.11627906976744186      5.340636799534561E-13    5.341400351363599E-13    0.25                     5.0E10                   2700                     4573.551832368877        2763.422240965594        2502.294445801098
0.8500000000000001       1                        1                        1                        8.7                      0.11494252873563218      5.342212242071292E-13    5.342634573074282E-13    0.25                     5.0E10                   2700                     4573.551832368877        2763.422240965594        2502.294445801098
0.8500000000000001       1                        1                        1                        8.8                      0.11363636363636362      5.343829766672532E-13    5.343899444984131E-13    0.25                     5.0E10                   2700                     4573.551832368877        2763.422240965594        2502.294445801098
0.8500000000000001       1                        1                        1                        8.9                      0.11235955056179775      5.345482163854518E-13    5.345189822381119E-13    0.25                     5.0E10                   2700                     4573.551832368877        2763.422240965594        2502.294445801098
0.8500000000000001       1                        1                        1                        9                        0.11111111111111112      5.347162654276972E-13    5.346500818334633E-13    0.25                     5.0E10                   2700                     4573.551832368877        2763.422240965594        2502.294445801098
0.8500000000000001       1                        1                        1                        9.1                      0.1098901098901099       5.348864891143458E-13    5.347827815952142E-13    0.25                     5.0E10                   2700                     4573.551832368877        2763.422240965594        2502.294445801098
0.8500000000000001       1                        1                        1                        9.2                      0.10869565217391305      5.350582957787525E-13    5.349166475632806E-13    0.25                     5.0E10                   2700                     4573.551832368877        2763.422240965594        2502.294445801098
0.8500000000000001       1                        1                        1                        9.3                      0.10752688172043011      5.352311361297844E-13    5.35051273809208E-13     0.25                     5.0E10                   2700                     4573.551832368877        2763.422240965594        2502.294445801098
0.8500000000000001       1                        1                        1                        9.4                      0.10638297872340426      5.354045022125674E-13    5.35186282351664E-13     0.25                     5.0E10                   2700                     4573.551832368877        2763.422240965594        2502.294445801098
0.8500000000000001       1                        1                        1                        9.5                      0.10526315789473685      5.355779262056726E-13    5.35321322823325E-13     0.25                     5.0E10                   2700                     4573.551832368877        2763.422240965594        2502.294445801098
0.8500000000000001       1                        1                        1                        9.6                      0.10416666666666667      5.357509789021449E-13    5.354560718580309E-13    0.25                     5.0E10                   2700                     4573.551832368877        2763.422240965594        2502.294445801098
0.8500000000000001       1                        1                        1                        9.700000000000001        0.1030927835051546       5.359232681451473E-13    5.355902323327933E-13    0.25                     5.0E10                   2700                     4573.551832368877        2763.422240965594        2502.294445801098
0.8500000000000001       1                        1                        1                        9.8                      0.10204081632653059      5.360944371367885E-13    5.357235324666528E-13    0.25                     5.0E10                   2700                     4573.551832368877        2763.422240965594        2502.294445801098
0.8500000000000001       1                        1                        1                        9.9                      0.101010101010101        5.362641626218743E-13    5.358557247762783E-13    0.25                     5.0E10                   2700                     4573.551832368877        2763.422240965594        2502.294445801098
0.8500000000000001       1                        1                        1                        10                       0.1                      5.3650621802495E-13      5.360354309953012E-13    0.25                     5.0E10                   2700                     4573.551832368877        2763.422240965594        2502.294445801098
