1.1772                   1                        1                        1                        0.1                      10                       5.331358873951476E-13    5.331380830118094E-13    0.25                     5.0E10                   2700                     4954.086206803132        2674.67271062928         2502.294445801098
1.1772                   1                        1                        1                        0.2                      5                        5.334803945139947E-13    5.33146593855139E-13     0.25                     5.0E10                   2700                     4954.086206803132        2674.67271062928         2502.294445801098
1.1772                   1                        1                        1                        0.30000000000000004      3.3333333333333326       5.366607640074495E-13    5.363079811873142E-13    0.25                     5.0E10                   2700                     4954.086206803132        2674.67271062928         2502.294445801098
1.1772                   1                        1                        1                        0.4                      2.5                      5.329006578457511E-13    5.331666671219465E-13    0.25                     5.0E10                   2700                     4954.086206803132        2674.67271062928         2502.294445801098
1.1772                   1                        1                        1                        0.5                      2                        5.331795883091482E-13    5.330882795792321E-13    0.25                     5.0E10                   2700                     4954.086206803132        2674.67271062928         2502.294445801098
1.1772                   1                        1                        1                        0.6                      1.6666666666666667       5.366375991082016E-13    5.362749610177084E-13    0.25                     5.0E10                   2700                     4954.086206803132        2674.67271062928         2502.294445801098
1.1772                   1                        1                        1                        0.7000000000000001       1.4285714285714284       5.377174328981434E-13    5.368117722239354E-13    0.25                     5.0E10                   2700                     4954.086206803132        2674.67271062928         2502.294445801098
1.1772                   1                        1                        1                        0.8                      1.25                     5.348002697009704E-13    5.321951537457017E-13    0.25                     5.0E10                   2700                     4954.086206803132        2674.67271062928         2502.294445801098
1.1772                   1                        1                        1                        0.9                      1.1111111111111112       5.322595262472514E-13    5.323495936219827E-13    0.25                     5.0E10                   2700                     4954.086206803132        2674.67271062928         2502.294445801098
1.1772                   1                        1                        1                        1                        1                        5.334405778466163E-13    5.313050511137763E-13    0.25                     5.0E10                   2700                     4954.086206803132        2674.67271062928         2502.294445801098
1.1772                   1                        1                        1                        1.1                      0.909090909090909        5.32026686177175E-13     5.333312641284593E-13    0.25                     5.0E10                   2700                     4954.086206803132        2674.67271062928         2502.294445801098
1.1772                   1                        1                        1                        1.2000000000000002       0.8333333333333331       5.310788302622488E-13    5.339166637681549E-13    0.25                     5.0E10                   2700                     4954.086206803132        2674.67271062928         2502.294445801098
1.1772                   1                        1                        1                        1.3000000000000003       0.769230769230769        5.304252079837432E-13    5.321403581787669E-13    0.25                     5.0E10                   2700                     4954.086206803132        2674.67271062928         2502.294445801098
1.1772                   1                        1                        1                        1.4000000000000001       0.7142857142857142       5.297201098700287E-13    5.326656697914495E-13    0.25                     5.0E10                   2700                     4954.086206803132        2674.67271062928         2502.294445801098
1.1772                   1                        1                        1                        1.5000000000000002       0.6666666666666665       5.27334646271215E-13     5.332290934062273E-13    0.25                     5.0E10                   2700                     4954.086206803132        2674.67271062928         2502.294445801098
1.1772                   1                        1                        1                        1.6                      0.625                    5.228381347001135E-13    5.306068355746666E-13    0.25                     5.0E10                   2700                     4954.086206803132        2674.67271062928         2502.294445801098
1.1772                   1                        1                        1                        1.7000000000000002       0.588235294117647        5.261671730585098E-13    5.338866109993007E-13    0.25                     5.0E10                   2700                     4954.086206803132        2674.67271062928         2502.294445801098
1.1772                   1                        1                        1                        1.8000000000000003       0.5555555555555555       5.293857096711157E-13    5.357953565103345E-13    0.25                     5.0E10                   2700                     4954.086206803132        2674.67271062928         2502.294445801098
1.1772                   1                        1                        1                        1.9000000000000001       0.5263157894736842       5.284537147331904E-13    5.332832830783301E-13    0.25                     5.0E10                   2700                     4954.086206803132        2674.67271062928         2502.294445801098
1.1772                   1                        1                        1                        2                        0.5                      5.27825813528061E-13     5.314546919579053E-13    0.25                     5.0E10                   2700                     4954.086206803132        2674.67271062928         2502.294445801098
1.1772                   1                        1                        1                        2.1                      0.47619047619047616      5.297309869184285E-13    5.328189993276687E-13    0.25                     5.0E10                   2700                     4954.086206803132        2674.67271062928         2502.294445801098
1.1772                   1                        1                        1                        2.2                      0.4545454545454545       5.324370789228333E-13    5.355884971319176E-13    0.25                     5.0E10                   2700                     4954.086206803132        2674.67271062928         2502.294445801098
1.1772                   1                        1                        1                        2.3000000000000003       0.43478260869565216      5.336290373392934E-13    5.371903982345344E-13    0.25                     5.0E10                   2700                     4954.086206803132        2674.67271062928         2502.294445801098
1.1772                   1                        1                        1                        2.4000000000000004       0.4166666666666666       5.328134382770343E-13    5.368272136786281E-13    0.25                     5.0E10                   2700                     4954.086206803132        2674.67271062928         2502.294445801098
1.1772                   1                        1                        1                        2.5000000000000004       0.3999999999999999       5.310955583607428E-13    5.353197651366066E-13    0.25                     5.0E10                   2700                     4954.086206803132        2674.67271062928         2502.294445801098
1.1772                   1                        1                        1                        2.6                      0.3846153846153846       5.296034564866329E-13    5.338517409875843E-13    0.25                     5.0E10                   2700                     4954.086206803132        2674.67271062928         2502.294445801098
1.1772                   1                        1                        1                        2.7                      0.37037037037037035      5.291050377389268E-13    5.331333052666115E-13    0.25                     5.0E10                   2700                     4954.086206803132        2674.67271062928         2502.294445801098
1.1772                   1                        1                        1                        2.8000000000000003       0.3571428571428571       5.296531156216468E-13    5.332715281844555E-13    0.25                     5.0E10                   2700                     4954.086206803132        2674.67271062928         2502.294445801098
1.1772                   1                        1                        1                        2.9000000000000004       0.3448275862068965       5.309056162547276E-13    5.339881426346166E-13    0.25                     5.0E10                   2700                     4954.086206803132        2674.67271062928         2502.294445801098
1.1772                   1                        1                        1                        3.0000000000000004       0.33333333333333326      5.324152354366492E-13    5.34892024009244E-13     0.25                     5.0E10                   2700                     4954.086206803132        2674.67271062928         2502.294445801098
1.1772                   1                        1                        1                        3.1                      0.32258064516129037      5.338208181727054E-13    5.356652158133179E-13    0.25                     5.0E10                   2700                     4954.086206803132        2674.67271062928         2502.294445801098
1.1772                   1                        1                        1                        3.2                      0.3125                   5.349238828047837E-13    5.361402277162052E-13    0.25                     5.0E10                   2700                     4954.086206803132        2674.67271062928         2502.294445801098
1.1772                   1                        1                        1                        3.3000000000000003       0.30303030303030304      5.356810474751069E-13    5.362952219622402E-13    0.25                     5.0E10                   2700                     4954.086206803132        2674.67271062928         2502.294445801098
1.1772                   1                        1                        1                        3.4000000000000004       0.2941176470588235       5.362563346109253E-13    5.363254039135484E-13    0.25                     5.0E10                   2700                     4954.086206803132        2674.67271062928         2502.294445801098
1.1772                   1                        1                        1                        3.5000000000000004       0.2857142857142857       5.365477114977982E-13    5.361078681304374E-13    0.25                     5.0E10                   2700                     4954.086206803132        2674.67271062928         2502.294445801098
1.1772                   1                        1                        1                        3.6                      0.2777777777777778       5.367861037781225E-13    5.358971405261514E-13    0.25                     5.0E10                   2700                     4954.086206803132        2674.67271062928         2502.294445801098
1.1772                   1                        1                        1                        3.7                      0.2702702702702703       5.370645722030204E-13    5.357923493942075E-13    0.25                     5.0E10                   2700                     4954.086206803132        2674.67271062928         2502.294445801098
1.1772                   1                        1                        1                        3.8000000000000003       0.2631578947368421       5.374416729589629E-13    5.358564020091863E-13    0.25                     5.0E10                   2700                     4954.086206803132        2674.67271062928         2502.294445801098
1.1772                   1                        1                        1                        3.9000000000000004       0.2564102564102564       5.379411286297918E-13    5.361157824755164E-13    0.25                     5.0E10                   2700                     4954.086206803132        2674.67271062928         2502.294445801098
1.1772                   1                        1                        1                        4                        0.25                     5.385579217280432E-13    5.365664782924547E-13    0.25                     5.0E10                   2700                     4954.086206803132        2674.67271062928         2502.294445801098
1.1772                   1                        1                        1                        4.1                      0.24390243902439027      5.392665342293955E-13    5.371822825236181E-13    0.25                     5.0E10                   2700                     4954.086206803132        2674.67271062928         2502.294445801098
1.1772                   1                        1                        1                        4.2                      0.23809523809523808      5.400293837436272E-13    5.379232707030013E-13    0.25                     5.0E10                   2700                     4954.086206803132        2674.67271062928         2502.294445801098
1.1772                   1                        1                        1                        4.3                      0.23255813953488372      5.408040516850897E-13    5.3874317158296E-13      0.25                     5.0E10                   2700                     4954.086206803132        2674.67271062928         2502.294445801098
1.1772                   1                        1                        1                        4.3999999999999995       0.22727272727272732      5.415488366816646E-13    5.395951376296263E-13    0.25                     5.0E10                   2700                     4954.086206803132        2674.67271062928         2502.294445801098
1.1772                   1                        1                        1                        4.5                      0.22222222222222224      5.422265857476766E-13    5.404358463823943E-13    0.25                     5.0E10                   2700                     4954.086206803132        2674.67271062928         2502.294445801098
1.1772                   1                        1                        1                        4.6                      0.2173913043478261       5.428071080658257E-13    5.412281722066339E-13    0.25                     5.0E10                   2700                     4954.086206803132        2674.67271062928         2502.294445801098
1.1772                   1                        1                        1                        4.7                      0.2127659574468085       5.432677595060941E-13    5.419422339946043E-13    0.25                     5.0E10                   2700                     4954.086206803132        2674.67271062928         2502.294445801098
1.1772                   1                        1                        1                        4.8                      0.20833333333333334      5.435942171901341E-13    5.425562060467423E-13    0.25                     5.0E10                   2700                     4954.086206803132        2674.67271062928         2502.294445801098
1.1772                   1                        1                        1                        4.9                      0.20408163265306117      5.437795013325568E-13    5.430557561456137E-13    0.25                     5.0E10                   2700                     4954.086206803132        2674.67271062928         2502.294445801098
1.1772                   1                        1                        1                        5                        0.2                      5.439225940608191E-13    5.435283887913401E-13    0.25                     5.0E10                   2700                     4954.086206803132        2674.67271062928         2502.294445801098
1.1772                   1                        1                        1                        5.1                      0.19607843137254904      5.438190947166813E-13    5.437722233911127E-13    0.25                     5.0E10                   2700                     4954.086206803132        2674.67271062928         2502.294445801098
1.1772                   1                        1                        1                        5.2                      0.1923076923076923       5.435888282628426E-13    5.438964607439478E-13    0.25                     5.0E10                   2700                     4954.086206803132        2674.67271062928         2502.294445801098
1.1772                   1                        1                        1                        5.3                      0.18867924528301888      5.432436396985877E-13    5.439076690275727E-13    0.25                     5.0E10                   2700                     4954.086206803132        2674.67271062928         2502.294445801098
1.1772                   1                        1                        1                        5.4                      0.18518518518518517      5.427972772474664E-13    5.438149984507544E-13    0.25                     5.0E10                   2700                     4954.086206803132        2674.67271062928         2502.294445801098
1.1772                   1                        1                        1                        5.5                      0.18181818181818182      5.422644996328732E-13    5.436292918820798E-13    0.25                     5.0E10                   2700                     4954.086206803132        2674.67271062928         2502.294445801098
1.1772                   1                        1                        1                        5.6                      0.17857142857142858      5.4166034530465E-13      5.433623331686517E-13    0.25                     5.0E10                   2700                     4954.086206803132        2674.67271062928         2502.294445801098
1.1772                   1                        1                        1                        5.7                      0.17543859649122806      5.409997433512295E-13    5.430264294350126E-13    0.25                     5.0E10                   2700                     4954.086206803132        2674.67271062928         2502.294445801098
1.1772                   1                        1                        1                        5.8                      0.1724137931034483       5.402963668618771E-13    5.42633176874367E-13     0.25                     5.0E10                   2700                     4954.086206803132        2674.67271062928         2502.294445801098
1.1772                   1                        1                        1                        5.9                      0.1694915254237288       5.3956341322207E-13      5.421942344506511E-13    0.25                     5.0E10                   2700                     4954.086206803132        2674.67271062928         2502.294445801098
1.1772                   1                        1                        1                        6                        0.16666666666666666      5.388127047922476E-13    5.417203340270097E-13    0.25                     5.0E10                   2700                     4954.086206803132        2674.67271062928         2502.294445801098
1.1772                   1                        1                        1                        6.1                      0.16393442622950818      5.380547667229591E-13    5.412213044862466E-13    0.25                     5.0E10                   2700                     4954.086206803132        2674.67271062928         2502.294445801098
1.1772                   1                        1                        1                        6.2                      0.16129032258064518      5.372987963292495E-13    5.407059830782789E-13    0.25                     5.0E10                   2700                     4954.086206803132        2674.67271062928         2502.294445801098
1.1772                   1                        1                        1                        6.3                      0.15873015873015872      5.36552683736572E-13     5.401821818354737E-13    0.25                     5.0E10                   2700                     4954.086206803132        2674.67271062928         2502.294445801098
1.1772                   1                        1                        1                        6.4                      0.15625                  5.358230693585855E-13    5.396566954395234E-13    0.25                     5.0E10                   2700                     4954.086206803132        2674.67271062928         2502.294445801098
1.1772                   1                        1                        1                        6.5                      0.15384615384615383      5.351154260999998E-13    5.39135338928391E-13     0.25                     5.0E10                   2700                     4954.086206803132        2674.67271062928         2502.294445801098
1.1772                   1                        1                        1                        6.6                      0.15151515151515152      5.344341566712922E-13    5.386230057569672E-13    0.25                     5.0E10                   2700                     4954.086206803132        2674.67271062928         2502.294445801098
1.1772                   1                        1                        1                        6.7                      0.1492537313432836       5.33782698641688E-13     5.381237386821132E-13    0.25                     5.0E10                   2700                     4954.086206803132        2674.67271062928         2502.294445801098
1.1772                   1                        1                        1                        6.8                      0.14705882352941177      5.331636315719231E-13    5.376408075656807E-13    0.25                     5.0E10                   2700                     4954.086206803132        2674.67271062928         2502.294445801098
1.1772                   1                        1                        1                        6.9                      0.14492753623188404      5.325787821868003E-13    5.371767896866183E-13    0.25                     5.0E10                   2700                     4954.086206803132        2674.67271062928         2502.294445801098
1.1772                   1                        1                        1                        7                        0.14285714285714285      5.32029324832949E-13     5.367336493437533E-13    0.25                     5.0E10                   2700                     4954.086206803132        2674.67271062928         2502.294445801098
1.1772                   1                        1                        1                        7.1                      0.14084507042253522      5.315158753573836E-13    5.363128144845808E-13    0.25                     5.0E10                   2700                     4954.086206803132        2674.67271062928         2502.294445801098
1.1772                   1                        1                        1                        7.2                      0.1388888888888889       5.310385773593467E-13    5.359152488402969E-13    0.25                     5.0E10                   2700                     4954.086206803132        2674.67271062928         2502.294445801098
1.1772                   1                        1                        1                        7.3                      0.13698630136986303      5.305971803017007E-13    5.355415186684665E-13    0.25                     5.0E10                   2700                     4954.086206803132        2674.67271062928         2502.294445801098
1.1772                   1                        1                        1                        7.4                      0.13513513513513514      5.301911094446791E-13    5.351918536362284E-13    0.25                     5.0E10                   2700                     4954.086206803132        2674.67271062928         2502.294445801098
1.1772                   1                        1                        1                        7.5                      0.13333333333333333      5.298195277087876E-13    5.348662016602307E-13    0.25                     5.0E10                   2700                     4954.086206803132        2674.67271062928         2502.294445801098
1.1772                   1                        1                        1                        7.6                      0.13157894736842105      5.29481902310673E-13     5.345647846772113E-13    0.25                     5.0E10                   2700                     4954.086206803132        2674.67271062928         2502.294445801098
1.1772                   1                        1                        1                        7.7                      0.12987012987012989      5.291760313227527E-13    5.342861408558209E-13    0.25                     5.0E10                   2700                     4954.086206803132        2674.67271062928         2502.294445801098
1.1772                   1                        1                        1                        7.8                      0.12820512820512822      5.28901072606703E-13     5.340301249907786E-13    0.25                     5.0E10                   2700                     4954.086206803132        2674.67271062928         2502.294445801098
1.1772                   1                        1                        1                        7.9                      0.12658227848101267      5.28655614447996E-13     5.337959920160943E-13    0.25                     5.0E10                   2700                     4954.086206803132        2674.67271062928         2502.294445801098
1.1772                   1                        1                        1                        8                        0.125                    5.284381891047381E-13    5.335829064598577E-13    0.25                     5.0E10                   2700                     4954.086206803132        2674.67271062928         2502.294445801098
1.1772                   1                        1                        1                        8.1                      0.1234567901234568       5.282472976092916E-13    5.333899668035814E-13    0.25                     5.0E10                   2700                     4954.086206803132        2674.67271062928         2502.294445801098
1.1772                   1                        1                        1                        8.2                      0.12195121951219513      5.28081430304553E-13     5.332162261232805E-13    0.25                     5.0E10                   2700                     4954.086206803132        2674.67271062928         2502.294445801098
1.1772                   1                        1                        1                        8.3                      0.12048192771084336      5.279390838344728E-13    5.330607095433396E-13    0.25                     5.0E10                   2700                     4954.086206803132        2674.67271062928         2502.294445801098
1.1772                   1                        1                        1                        8.4                      0.11904761904761904      5.278187749206203E-13    5.329224288040889E-13    0.25                     5.0E10                   2700                     4954.086206803132        2674.67271062928         2502.294445801098
1.1772                   1                        1                        1                        8.5                      0.11764705882352941      5.277190514318908E-13    5.328003943345428E-13    0.25                     5.0E10                   2700                     4954.086206803132        2674.67271062928         2502.294445801098
1.1772                   1                        1                        1                        8.6                      0.11627906976744186      5.276385010976981E-13    5.326936251533413E-13    0.25                     5.0E10                   2700                     4954.086206803132        2674.67271062928         2502.294445801098
1.1772                   1                        1                        1                        8.7                      0.11494252873563218      5.275757582128242E-13    5.326011568690378E-13    0.25                     5.0E10                   2700                     4954.086206803132        2674.67271062928         2502.294445801098
1.1772                   1                        1                        1                        8.8                      0.11363636363636362      5.275295086351947E-13    5.325220480582998E-13    0.25                     5.0E10                   2700                     4954.086206803132        2674.67271062928         2502.294445801098
1.1772                   1                        1                        1                        8.9                      0.11235955056179775      5.274984933492929E-13    5.324553852500697E-13    0.25                     5.0E10                   2700                     4954.086206803132        2674.67271062928         2502.294445801098
1.1772                   1                        1                        1                        9                        0.11111111111111112      5.274815108478391E-13    5.324002867381608E-13    0.25                     5.0E10                   2700                     4954.086206803132        2674.67271062928         2502.294445801098
1.1772                   1                        1                        1                        9.1                      0.1098901098901099       5.274774184535773E-13    5.323559053542501E-13    0.25                     5.0E10                   2700                     4954.086206803132        2674.67271062928         2502.294445801098
1.1772                   1                        1                        1                        9.2                      0.10869565217391305      5.27485132850861E-13     5.323214304153589E-13    0.25                     5.0E10                   2700                     4954.086206803132        2674.67271062928         2502.294445801098
1.1772                   1                        1                        1                        9.3                      0.10752688172043011      5.275036299593619E-13    5.32296088969588E-13     0.25                     5.0E10                   2700                     4954.086206803132        2674.67271062928         2502.294445801098
1.1772                   1                        1                        1                        9.4                      0.10638297872340426      5.275319441841683E-13    5.322791464174224E-13    0.25                     5.0E10                   2700                     4954.086206803132        2674.67271062928         2502.294445801098
1.1772                   1                        1                        1                        9.5                      0.10526315789473685      5.275691673302779E-13    5.322699066906298E-13    0.25                     5.0E10                   2700                     4954.086206803132        2674.67271062928         2502.294445801098
1.1772                   1                        1                        1                        9.6                      0.10416666666666667      5.276144470549747E-13    5.322677119869916E-13    0.25                     5.0E10                   2700                     4954.086206803132        2674.67271062928         2502.294445801098
1.1772                   1                        1                        1                        9.700000000000001        0.1030927835051546       5.27666985152007E-13     5.322719422188385E-13    0.25                     5.0E10                   2700                     4954.086206803132        2674.67271062928         2502.294445801098
1.1772                   1                        1                        1                        9.8                      0.10204081632653059      5.277260356187982E-13    5.322820142081231E-13    0.25                     5.0E10                   2700                     4954.086206803132        2674.67271062928         2502.294445801098
1.1772                   1                        1                        1                        9.9                      0.101010101010101        5.277909025178495E-13    5.322973806408565E-13    0.25                     5.0E10                   2700                     4954.086206803132        2674.67271062928         2502.294445801098
1.1772                   1                        1                        1                        10                       0.1                      5.279223870256399E-13    5.323551721190751E-13    0.25                     5.0E10                   2700                     4954.086206803132        2674.67271062928         2502.294445801098
