1.094                    1                        1                        1                        0.1                      10                       5.331349449930769E-13    5.331374191816062E-13    0.25                     5.0E10                   2700                     4829.16844020808         2696.426878423834        2502.294445801098
1.094                    1                        1                        1                        0.2                      5                        5.33481349454141E-13     5.331470724090615E-13    0.25                     5.0E10                   2700                     4829.16844020808         2696.426878423834        2502.294445801098
1.094                    1                        1                        1                        0.30000000000000004      3.3333333333333326       5.366600256759106E-13    5.363080468077102E-13    0.25                     5.0E10                   2700                     4829.16844020808         2696.426878423834        2502.294445801098
1.094                    1                        1                        1                        0.4                      2.5                      5.329107895053219E-13    5.331753805164807E-13    0.25                     5.0E10                   2700                     4829.16844020808         2696.426878423834        2502.294445801098
1.094                    1                        1                        1                        0.5                      2                        5.331686591754528E-13    5.331250064478609E-13    0.25                     5.0E10                   2700                     4829.16844020808         2696.426878423834        2502.294445801098
1.094                    1                        1                        1                        0.6                      1.6666666666666667       5.365985091539737E-13    5.363999068603884E-13    0.25                     5.0E10                   2700                     4829.16844020808         2696.426878423834        2502.294445801098
1.094                    1                        1                        1                        0.7000000000000001       1.4285714285714284       5.375565179727632E-13    5.370714371582592E-13    0.25                     5.0E10                   2700                     4829.16844020808         2696.426878423834        2502.294445801098
1.094                    1                        1                        1                        0.8                      1.25                     5.3469828832179E-13      5.327077120048564E-13    0.25                     5.0E10                   2700                     4829.16844020808         2696.426878423834        2502.294445801098
1.094                    1                        1                        1                        0.9                      1.1111111111111112       5.323260567399223E-13    5.329931294949503E-13    0.25                     5.0E10                   2700                     4829.16844020808         2696.426878423834        2502.294445801098
1.094                    1                        1                        1                        1                        1                        5.340706601489152E-13    5.321749840254358E-13    0.25                     5.0E10                   2700                     4829.16844020808         2696.426878423834        2502.294445801098
1.094                    1                        1                        1                        1.1                      0.909090909090909        5.334790881216803E-13    5.345475005078907E-13    0.25                     5.0E10                   2700                     4829.16844020808         2696.426878423834        2502.294445801098
1.094                    1                        1                        1                        1.2000000000000002       0.8333333333333331       5.331516401070661E-13    5.351819904405723E-13    0.25                     5.0E10                   2700                     4829.16844020808         2696.426878423834        2502.294445801098
1.094                    1                        1                        1                        1.3000000000000003       0.769230769230769        5.330766425193975E-13    5.333167679419045E-13    0.25                     5.0E10                   2700                     4829.16844020808         2696.426878423834        2502.294445801098
1.094                    1                        1                        1                        1.4000000000000001       0.7142857142857142       5.334292522547888E-13    5.342723213329081E-13    0.25                     5.0E10                   2700                     4829.16844020808         2696.426878423834        2502.294445801098
1.094                    1                        1                        1                        1.5000000000000002       0.6666666666666665       5.31591769520132E-13     5.349772596470188E-13    0.25                     5.0E10                   2700                     4829.16844020808         2696.426878423834        2502.294445801098
1.094                    1                        1                        1                        1.6                      0.625                    5.270096875365633E-13    5.320462783399838E-13    0.25                     5.0E10                   2700                     4829.16844020808         2696.426878423834        2502.294445801098
1.094                    1                        1                        1                        1.7000000000000002       0.588235294117647        5.301876053316621E-13    5.350155742464529E-13    0.25                     5.0E10                   2700                     4829.16844020808         2696.426878423834        2502.294445801098
1.094                    1                        1                        1                        1.8000000000000003       0.5555555555555555       5.333615698568407E-13    5.368171400813218E-13    0.25                     5.0E10                   2700                     4829.16844020808         2696.426878423834        2502.294445801098
1.094                    1                        1                        1                        1.9000000000000001       0.5263157894736842       5.324141041247476E-13    5.343587239038166E-13    0.25                     5.0E10                   2700                     4829.16844020808         2696.426878423834        2502.294445801098
1.094                    1                        1                        1                        2                        0.5                      5.316454779094188E-13    5.325653235254806E-13    0.25                     5.0E10                   2700                     4829.16844020808         2696.426878423834        2502.294445801098
1.094                    1                        1                        1                        2.1                      0.47619047619047616      5.331828037970064E-13    5.338119278034576E-13    0.25                     5.0E10                   2700                     4829.16844020808         2696.426878423834        2502.294445801098
1.094                    1                        1                        1                        2.2                      0.4545454545454545       5.353230863774669E-13    5.363122730620442E-13    0.25                     5.0E10                   2700                     4829.16844020808         2696.426878423834        2502.294445801098
1.094                    1                        1                        1                        2.3000000000000003       0.43478260869565216      5.35890576016459E-13     5.376010160984458E-13    0.25                     5.0E10                   2700                     4829.16844020808         2696.426878423834        2502.294445801098
1.094                    1                        1                        1                        2.4000000000000004       0.4166666666666666       5.345486409183018E-13    5.370061569390915E-13    0.25                     5.0E10                   2700                     4829.16844020808         2696.426878423834        2502.294445801098
1.094                    1                        1                        1                        2.5000000000000004       0.3999999999999999       5.324926358887233E-13    5.354172641394208E-13    0.25                     5.0E10                   2700                     4829.16844020808         2696.426878423834        2502.294445801098
1.094                    1                        1                        1                        2.6                      0.3846153846153846       5.308461065801258E-13    5.340095485892712E-13    0.25                     5.0E10                   2700                     4829.16844020808         2696.426878423834        2502.294445801098
1.094                    1                        1                        1                        2.7                      0.37037037037037035      5.303304997293349E-13    5.33448401502819E-13     0.25                     5.0E10                   2700                     4829.16844020808         2696.426878423834        2502.294445801098
1.094                    1                        1                        1                        2.8000000000000003       0.3571428571428571       5.309342015188645E-13    5.337833213425085E-13    0.25                     5.0E10                   2700                     4829.16844020808         2696.426878423834        2502.294445801098
1.094                    1                        1                        1                        2.9000000000000004       0.3448275862068965       5.322557531114291E-13    5.346839454912763E-13    0.25                     5.0E10                   2700                     4829.16844020808         2696.426878423834        2502.294445801098
1.094                    1                        1                        1                        3.0000000000000004       0.33333333333333326      5.338024165419051E-13    5.357198181509493E-13    0.25                     5.0E10                   2700                     4829.16844020808         2696.426878423834        2502.294445801098
1.094                    1                        1                        1                        3.1                      0.32258064516129037      5.35184320317383E-13     5.365487512939335E-13    0.25                     5.0E10                   2700                     4829.16844020808         2696.426878423834        2502.294445801098
1.094                    1                        1                        1                        3.2                      0.3125                   5.361903116395067E-13    5.369935724611361E-13    0.25                     5.0E10                   2700                     4829.16844020808         2696.426878423834        2502.294445801098
1.094                    1                        1                        1                        3.3000000000000003       0.30303030303030304      5.36777452597257E-13     5.370347203696035E-13    0.25                     5.0E10                   2700                     4829.16844020808         2696.426878423834        2502.294445801098
1.094                    1                        1                        1                        3.4000000000000004       0.2941176470588235       5.371159858054373E-13    5.368744664550722E-13    0.25                     5.0E10                   2700                     4829.16844020808         2696.426878423834        2502.294445801098
1.094                    1                        1                        1                        3.5000000000000004       0.2857142857142857       5.371243459880553E-13    5.364113418353977E-13    0.25                     5.0E10                   2700                     4829.16844020808         2696.426878423834        2502.294445801098
1.094                    1                        1                        1                        3.6                      0.2777777777777778       5.370471953881502E-13    5.359136524540548E-13    0.25                     5.0E10                   2700                     4829.16844020808         2696.426878423834        2502.294445801098
1.094                    1                        1                        1                        3.7                      0.2702702702702703       5.36993211019992E-13     5.354963214853709E-13    0.25                     5.0E10                   2700                     4829.16844020808         2696.426878423834        2502.294445801098
1.094                    1                        1                        1                        3.8000000000000003       0.2631578947368421       5.370348662835909E-13    5.352363447470929E-13    0.25                     5.0E10                   2700                     4829.16844020808         2696.426878423834        2502.294445801098
1.094                    1                        1                        1                        3.9000000000000004       0.2564102564102564       5.372076197711348E-13    5.351721614145352E-13    0.25                     5.0E10                   2700                     4829.16844020808         2696.426878423834        2502.294445801098
1.094                    1                        1                        1                        4                        0.25                     5.37515920696037E-13     5.353095357857567E-13    0.25                     5.0E10                   2700                     4829.16844020808         2696.426878423834        2502.294445801098
1.094                    1                        1                        1                        4.1                      0.24390243902439027      5.379415866146956E-13    5.356300089939885E-13    0.25                     5.0E10                   2700                     4829.16844020808         2696.426878423834        2502.294445801098
1.094                    1                        1                        1                        4.2                      0.23809523809523808      5.384524419996487E-13    5.360995828529089E-13    0.25                     5.0E10                   2700                     4829.16844020808         2696.426878423834        2502.294445801098
1.094                    1                        1                        1                        4.3                      0.23255813953488372      5.390097647639563E-13    5.366763014478318E-13    0.25                     5.0E10                   2700                     4829.16844020808         2696.426878423834        2502.294445801098
1.094                    1                        1                        1                        4.3999999999999995       0.22727272727272732      5.395740497299483E-13    5.373162159014292E-13    0.25                     5.0E10                   2700                     4829.16844020808         2696.426878423834        2502.294445801098
1.094                    1                        1                        1                        4.5                      0.22222222222222224      5.401090389821157E-13    5.379776632859509E-13    0.25                     5.0E10                   2700                     4829.16844020808         2696.426878423834        2502.294445801098
1.094                    1                        1                        1                        4.6                      0.2173913043478261       5.405843244372122E-13    5.386241043063219E-13    0.25                     5.0E10                   2700                     4829.16844020808         2696.426878423834        2502.294445801098
1.094                    1                        1                        1                        4.7                      0.2127659574468085       5.40976131983818E-13     5.392253363612024E-13    0.25                     5.0E10                   2700                     4829.16844020808         2696.426878423834        2502.294445801098
1.094                    1                        1                        1                        4.8                      0.20833333333333334      5.412682622142087E-13    5.39758458592949E-13     0.25                     5.0E10                   2700                     4829.16844020808         2696.426878423834        2502.294445801098
1.094                    1                        1                        1                        4.9                      0.20408163265306117      5.414513004670498E-13    5.402074681985692E-13    0.25                     5.0E10                   2700                     4829.16844020808         2696.426878423834        2502.294445801098
1.094                    1                        1                        1                        5                        0.2                      5.416213622851214E-13    5.406575324977501E-13    0.25                     5.0E10                   2700                     4829.16844020808         2696.426878423834        2502.294445801098
1.094                    1                        1                        1                        5.1                      0.19607843137254904      5.415717893164068E-13    5.409055570866756E-13    0.25                     5.0E10                   2700                     4829.16844020808         2696.426878423834        2502.294445801098
1.094                    1                        1                        1                        5.2                      0.1923076923076923       5.414183263792082E-13    5.41057017263225E-13     0.25                     5.0E10                   2700                     4829.16844020808         2696.426878423834        2502.294445801098
1.094                    1                        1                        1                        5.3                      0.18867924528301888      5.411696414001056E-13    5.41115798530996E-13     0.25                     5.0E10                   2700                     4829.16844020808         2696.426878423834        2502.294445801098
1.094                    1                        1                        1                        5.4                      0.18518518518518517      5.408363951928912E-13    5.410883801225786E-13    0.25                     5.0E10                   2700                     4829.16844020808         2696.426878423834        2502.294445801098
1.094                    1                        1                        1                        5.5                      0.18181818181818182      5.404304155555516E-13    5.409830150939815E-13    0.25                     5.0E10                   2700                     4829.16844020808         2696.426878423834        2502.294445801098
1.094                    1                        1                        1                        5.6                      0.17857142857142858      5.39964013707095E-13     5.408090306575554E-13    0.25                     5.0E10                   2700                     4829.16844020808         2696.426878423834        2502.294445801098
1.094                    1                        1                        1                        5.7                      0.17543859649122806      5.394496188371426E-13    5.405764421203173E-13    0.25                     5.0E10                   2700                     4829.16844020808         2696.426878423834        2502.294445801098
1.094                    1                        1                        1                        5.8                      0.1724137931034483       5.388986723066812E-13    5.402947595363805E-13    0.25                     5.0E10                   2700                     4829.16844020808         2696.426878423834        2502.294445801098
1.094                    1                        1                        1                        5.9                      0.1694915254237288       5.383223742243796E-13    5.399737456999455E-13    0.25                     5.0E10                   2700                     4829.16844020808         2696.426878423834        2502.294445801098
1.094                    1                        1                        1                        6                        0.16666666666666666      5.377308042076668E-13    5.396224465195418E-13    0.25                     5.0E10                   2700                     4829.16844020808         2696.426878423834        2502.294445801098
1.094                    1                        1                        1                        6.1                      0.16393442622950818      5.3713298169333E-13      5.392492063665306E-13    0.25                     5.0E10                   2700                     4829.16844020808         2696.426878423834        2502.294445801098
1.094                    1                        1                        1                        6.2                      0.16129032258064518      5.365368196722696E-13    5.38861570177784E-13     0.25                     5.0E10                   2700                     4829.16844020808         2696.426878423834        2502.294445801098
1.094                    1                        1                        1                        6.3                      0.15873015873015872      5.359491270793431E-13    5.384662373611953E-13    0.25                     5.0E10                   2700                     4829.16844020808         2696.426878423834        2502.294445801098
1.094                    1                        1                        1                        6.4                      0.15625                  5.353756467416374E-13    5.380690551902622E-13    0.25                     5.0E10                   2700                     4829.16844020808         2696.426878423834        2502.294445801098
1.094                    1                        1                        1                        6.5                      0.15384615384615383      5.348211178033528E-13    5.376750411007554E-13    0.25                     5.0E10                   2700                     4829.16844020808         2696.426878423834        2502.294445801098
1.094                    1                        1                        1                        6.6                      0.15151515151515152      5.342893537471307E-13    5.372884251685307E-13    0.25                     5.0E10                   2700                     4829.16844020808         2696.426878423834        2502.294445801098
1.094                    1                        1                        1                        6.7                      0.1492537313432836       5.337833291418187E-13    5.369127057934768E-13    0.25                     5.0E10                   2700                     4829.16844020808         2696.426878423834        2502.294445801098
1.094                    1                        1                        1                        6.8                      0.14705882352941177      5.33305269774206E-13     5.365507130604488E-13    0.25                     5.0E10                   2700                     4829.16844020808         2696.426878423834        2502.294445801098
1.094                    1                        1                        1                        6.9                      0.14492753623188404      5.32856742298583E-13     5.362046756061142E-13    0.25                     5.0E10                   2700                     4829.16844020808         2696.426878423834        2502.294445801098
1.094                    1                        1                        1                        7                        0.14285714285714285      5.324387407143197E-13    5.358762879046906E-13    0.25                     5.0E10                   2700                     4829.16844020808         2696.426878423834        2502.294445801098
1.094                    1                        1                        1                        7.1                      0.14084507042253522      5.320517678003872E-13    5.355667757600236E-13    0.25                     5.0E10                   2700                     4829.16844020808         2696.426878423834        2502.294445801098
1.094                    1                        1                        1                        7.2                      0.1388888888888889       5.316959103960023E-13    5.352769584800127E-13    0.25                     5.0E10                   2700                     4829.16844020808         2696.426878423834        2502.294445801098
1.094                    1                        1                        1                        7.3                      0.13698630136986303      5.313709079225798E-13    5.350073067910401E-13    0.25                     5.0E10                   2700                     4829.16844020808         2696.426878423834        2502.294445801098
1.094                    1                        1                        1                        7.4                      0.13513513513513514      5.310762139948518E-13    5.347579959571189E-13    0.25                     5.0E10                   2700                     4829.16844020808         2696.426878423834        2502.294445801098
1.094                    1                        1                        1                        7.5                      0.13333333333333333      5.308110511107681E-13    5.345289538389798E-13    0.25                     5.0E10                   2700                     4829.16844020808         2696.426878423834        2502.294445801098
1.094                    1                        1                        1                        7.6                      0.13157894736842105      5.305749641086261E-13    5.343204059828438E-13    0.25                     5.0E10                   2700                     4829.16844020808         2696.426878423834        2502.294445801098
1.094                    1                        1                        1                        7.7                      0.12987012987012989      5.303658696190172E-13    5.341309320399468E-13    0.25                     5.0E10                   2700                     4829.16844020808         2696.426878423834        2502.294445801098
1.094                    1                        1                        1                        7.8                      0.12820512820512822      5.301830383491401E-13    5.339604326777414E-13    0.25                     5.0E10                   2700                     4829.16844020808         2696.426878423834        2502.294445801098
1.094                    1                        1                        1                        7.9                      0.12658227848101267      5.300251901092728E-13    5.338082288620151E-13    0.25                     5.0E10                   2700                     4829.16844020808         2696.426878423834        2502.294445801098
1.094                    1                        1                        1                        8                        0.125                    5.29890997185176E-13     5.336735632241026E-13    0.25                     5.0E10                   2700                     4829.16844020808         2696.426878423834        2502.294445801098
1.094                    1                        1                        1                        8.1                      0.1234567901234568       5.297791065113568E-13    5.335556217127453E-13    0.25                     5.0E10                   2700                     4829.16844020808         2696.426878423834        2502.294445801098
1.094                    1                        1                        1                        8.2                      0.12195121951219513      5.296881580296867E-13    5.334535519507191E-13    0.25                     5.0E10                   2700                     4829.16844020808         2696.426878423834        2502.294445801098
1.094                    1                        1                        1                        8.3                      0.12048192771084336      5.296167998778176E-13    5.333664787622643E-13    0.25                     5.0E10                   2700                     4829.16844020808         2696.426878423834        2502.294445801098
1.094                    1                        1                        1                        8.4                      0.11904761904761904      5.295637006922778E-13    5.33293517129044E-13     0.25                     5.0E10                   2700                     4829.16844020808         2696.426878423834        2502.294445801098
1.094                    1                        1                        1                        8.5                      0.11764705882352941      5.295275594782912E-13    5.332337829199467E-13    0.25                     5.0E10                   2700                     4829.16844020808         2696.426878423834        2502.294445801098
1.094                    1                        1                        1                        8.6                      0.11627906976744186      5.295071133519711E-13    5.331864016689067E-13    0.25                     5.0E10                   2700                     4829.16844020808         2696.426878423834        2502.294445801098
1.094                    1                        1                        1                        8.7                      0.11494252873563218      5.295011434807635E-13    5.331505156701118E-13    0.25                     5.0E10                   2700                     4829.16844020808         2696.426878423834        2502.294445801098
1.094                    1                        1                        1                        8.8                      0.11363636363636362      5.295084794685577E-13    5.331252895887945E-13    0.25                     5.0E10                   2700                     4829.16844020808         2696.426878423834        2502.294445801098
1.094                    1                        1                        1                        8.9                      0.11235955056179775      5.295280024539124E-13    5.331099148408223E-13    0.25                     5.0E10                   2700                     4829.16844020808         2696.426878423834        2502.294445801098
1.094                    1                        1                        1                        9                        0.11111111111111112      5.295586471399918E-13    5.331036129134955E-13    0.25                     5.0E10                   2700                     4829.16844020808         2696.426878423834        2502.294445801098
1.094                    1                        1                        1                        9.1                      0.1098901098901099       5.295994028587578E-13    5.3310563774749E-13      0.25                     5.0E10                   2700                     4829.16844020808         2696.426878423834        2502.294445801098
1.094                    1                        1                        1                        9.2                      0.10869565217391305      5.296493139289573E-13    5.331152773817039E-13    0.25                     5.0E10                   2700                     4829.16844020808         2696.426878423834        2502.294445801098
1.094                    1                        1                        1                        9.3                      0.10752688172043011      5.297074794149713E-13    5.331318549638896E-13    0.25                     5.0E10                   2700                     4829.16844020808         2696.426878423834        2502.294445801098
1.094                    1                        1                        1                        9.4                      0.10638297872340426      5.297730523257748E-13    5.331547292037378E-13    0.25                     5.0E10                   2700                     4829.16844020808         2696.426878423834        2502.294445801098
1.094                    1                        1                        1                        9.5                      0.10526315789473685      5.298452385141663E-13    5.331832944276992E-13    0.25                     5.0E10                   2700                     4829.16844020808         2696.426878423834        2502.294445801098
1.094                    1                        1                        1                        9.6                      0.10416666666666667      5.299232951537405E-13    5.332169802348514E-13    0.25                     5.0E10                   2700                     4829.16844020808         2696.426878423834        2502.294445801098
1.094                    1                        1                        1                        9.700000000000001        0.1030927835051546       5.300065290766448E-13    5.332552509017894E-13    0.25                     5.0E10                   2700                     4829.16844020808         2696.426878423834        2502.294445801098
1.094                    1                        1                        1                        9.8                      0.10204081632653059      5.300942949158546E-13    5.332976045613097E-13    0.25                     5.0E10                   2700                     4829.16844020808         2696.426878423834        2502.294445801098
1.094                    1                        1                        1                        9.9                      0.101010101010101        5.301859930612E-13       5.333435721649581E-13    0.25                     5.0E10                   2700                     4829.16844020808         2696.426878423834        2502.294445801098
1.094                    1                        1                        1                        10                       0.1                      5.303461143984248E-13    5.334334404861267E-13    0.25                     5.0E10                   2700                     4829.16844020808         2696.426878423834        2502.294445801098
