1.1344                   1                        1                        1                        0.1                      10                       5.331353925677786E-13    5.331377547868282E-13    0.25                     5.0E10                   2700                     4886.7759563264435       2685.7975173476425       2502.294445801098
1.1344                   1                        1                        1                        0.2                      5                        5.334807868615514E-13    5.331467449035666E-13    0.25                     5.0E10                   2700                     4886.7759563264435       2685.7975173476425       2502.294445801098
1.1344                   1                        1                        1                        0.30000000000000004      3.3333333333333326       5.366605025433098E-13    5.36308068085291E-13     0.25                     5.0E10                   2700                     4886.7759563264435       2685.7975173476425       2502.294445801098
1.1344                   1                        1                        1                        0.4                      2.5                      5.329058436187234E-13    5.33171072581258E-13     0.25                     5.0E10                   2700                     4886.7759563264435       2685.7975173476425       2502.294445801098
1.1344                   1                        1                        1                        0.5                      2                        5.331741373461296E-13    5.33107246692499E-13     0.25                     5.0E10                   2700                     4886.7759563264435       2685.7975173476425       2502.294445801098
1.1344                   1                        1                        1                        0.6                      1.6666666666666667       5.366173937307725E-13    5.363388177292998E-13    0.25                     5.0E10                   2700                     4886.7759563264435       2685.7975173476425       2502.294445801098
1.1344                   1                        1                        1                        0.7000000000000001       1.4285714285714284       5.376352597379762E-13    5.369451126256083E-13    0.25                     5.0E10                   2700                     4886.7759563264435       2685.7975173476425       2502.294445801098
1.1344                   1                        1                        1                        0.8                      1.25                     5.347487327698503E-13    5.324586338474818E-13    0.25                     5.0E10                   2700                     4886.7759563264435       2685.7975173476425       2502.294445801098
1.1344                   1                        1                        1                        0.9                      1.1111111111111112       5.322921215532223E-13    5.326794115334675E-13    0.25                     5.0E10                   2700                     4886.7759563264435       2685.7975173476425       2502.294445801098
1.1344                   1                        1                        1                        1                        1                        5.337617494069112E-13    5.31753059983161E-13     0.25                     5.0E10                   2700                     4886.7759563264435       2685.7975173476425       2502.294445801098
1.1344                   1                        1                        1                        1.1                      0.909090909090909        5.327659596017462E-13    5.339549177198858E-13    0.25                     5.0E10                   2700                     4886.7759563264435       2685.7975173476425       2502.294445801098
1.1344                   1                        1                        1                        1.2000000000000002       0.8333333333333331       5.321370395226611E-13    5.345686126643805E-13    0.25                     5.0E10                   2700                     4886.7759563264435       2685.7975173476425       2502.294445801098
1.1344                   1                        1                        1                        1.3000000000000003       0.769230769230769        5.317787482904746E-13    5.327458982604122E-13    0.25                     5.0E10                   2700                     4886.7759563264435       2685.7975173476425       2502.294445801098
1.1344                   1                        1                        1                        1.4000000000000001       0.7142857142857142       5.316175718250853E-13    5.334910051987861E-13    0.25                     5.0E10                   2700                     4886.7759563264435       2685.7975173476425       2502.294445801098
1.1344                   1                        1                        1                        1.5000000000000002       0.6666666666666665       5.295171269188637E-13    5.341276870679025E-13    0.25                     5.0E10                   2700                     4886.7759563264435       2685.7975173476425       2502.294445801098
1.1344                   1                        1                        1                        1.6                      0.625                    5.249779785626588E-13    5.313459585906966E-13    0.25                     5.0E10                   2700                     4886.7759563264435       2685.7975173476425       2502.294445801098
1.1344                   1                        1                        1                        1.7000000000000002       0.588235294117647        5.282289277946852E-13    5.344649390216274E-13    0.25                     5.0E10                   2700                     4886.7759563264435       2685.7975173476425       2502.294445801098
1.1344                   1                        1                        1                        1.8000000000000003       0.5555555555555555       5.314246794265754E-13    5.363186397434461E-13    0.25                     5.0E10                   2700                     4886.7759563264435       2685.7975173476425       2502.294445801098
1.1344                   1                        1                        1                        1.9000000000000001       0.5263157894736842       5.304855913410281E-13    5.338349787794701E-13    0.25                     5.0E10                   2700                     4886.7759563264435       2685.7975173476425       2502.294445801098
1.1344                   1                        1                        1                        2                        0.5                      5.297866075965322E-13    5.320253413708393E-13    0.25                     5.0E10                   2700                     4886.7759563264435       2685.7975173476425       2502.294445801098
1.1344                   1                        1                        1                        2.1                      0.47619047619047616      5.315044286517876E-13    5.33329995435392E-13     0.25                     5.0E10                   2700                     4886.7759563264435       2685.7975173476425       2502.294445801098
1.1344                   1                        1                        1                        2.2                      0.4545454545454545       5.339218205174498E-13    5.359620393282518E-13    0.25                     5.0E10                   2700                     4886.7759563264435       2685.7975173476425       2502.294445801098
1.1344                   1                        1                        1                        2.3000000000000003       0.43478260869565216      5.347948910061511E-13    5.374037144829085E-13    0.25                     5.0E10                   2700                     4886.7759563264435       2685.7975173476425       2502.294445801098
1.1344                   1                        1                        1                        2.4000000000000004       0.4166666666666666       5.337104013874877E-13    5.369218104633227E-13    0.25                     5.0E10                   2700                     4886.7759563264435       2685.7975173476425       2502.294445801098
1.1344                   1                        1                        1                        2.5000000000000004       0.3999999999999999       5.318198416800806E-13    5.353724479642338E-13    0.25                     5.0E10                   2700                     4886.7759563264435       2685.7975173476425       2502.294445801098
1.1344                   1                        1                        1                        2.6                      0.3846153846153846       5.302491291899339E-13    5.339351189708756E-13    0.25                     5.0E10                   2700                     4886.7759563264435       2685.7975173476425       2502.294445801098
1.1344                   1                        1                        1                        2.7                      0.37037037037037035      5.297425262918119E-13    5.332971703885821E-13    0.25                     5.0E10                   2700                     4886.7759563264435       2685.7975173476425       2502.294445801098
1.1344                   1                        1                        1                        2.8000000000000003       0.3571428571428571       5.303199519062052E-13    5.335362862332232E-13    0.25                     5.0E10                   2700                     4886.7759563264435       2685.7975173476425       2502.294445801098
1.1344                   1                        1                        1                        2.9000000000000004       0.3448275862068965       5.316089636209821E-13    5.343475838281359E-13    0.25                     5.0E10                   2700                     4886.7759563264435       2685.7975173476425       2502.294445801098
1.1344                   1                        1                        1                        3.0000000000000004       0.33333333333333326      5.331389704843678E-13    5.353198067071697E-13    0.25                     5.0E10                   2700                     4886.7759563264435       2685.7975173476425       2502.294445801098
1.1344                   1                        1                        1                        3.1                      0.32258064516129037      5.345340286220906E-13    5.361225347182745E-13    0.25                     5.0E10                   2700                     4886.7759563264435       2685.7975173476425       2502.294445801098
1.1344                   1                        1                        1                        3.2                      0.3125                   5.355890358584051E-13    5.365832082753868E-13    0.25                     5.0E10                   2700                     4886.7759563264435       2685.7975173476425       2502.294445801098
1.1344                   1                        1                        1                        3.3000000000000003       0.30303030303030304      5.362606856276347E-13    5.366810134072428E-13    0.25                     5.0E10                   2700                     4886.7759563264435       2685.7975173476425       2502.294445801098
1.1344                   1                        1                        1                        3.4000000000000004       0.2941176470588235       5.36716057122401E-13     5.366146409189993E-13    0.25                     5.0E10                   2700                     4886.7759563264435       2685.7975173476425       2502.294445801098
1.1344                   1                        1                        1                        3.5000000000000004       0.2857142857142857       5.368634623944677E-13    5.36272027552716E-13     0.25                     5.0E10                   2700                     4886.7759563264435       2685.7975173476425       2502.294445801098
1.1344                   1                        1                        1                        3.6                      0.2777777777777778       5.369408179008893E-13    5.359146941502198E-13    0.25                     5.0E10                   2700                     4886.7759563264435       2685.7975173476425       2502.294445801098
1.1344                   1                        1                        1                        3.7                      0.2702702702702703       5.370491679483945E-13    5.356498281581358E-13    0.25                     5.0E10                   2700                     4886.7759563264435       2685.7975173476425       2502.294445801098
1.1344                   1                        1                        1                        3.8000000000000003       0.2631578947368421       5.372542214556873E-13    5.355475611021322E-13    0.25                     5.0E10                   2700                     4886.7759563264435       2685.7975173476425       2502.294445801098
1.1344                   1                        1                        1                        3.9000000000000004       0.2564102564102564       5.375857655288571E-13    5.356405387222274E-13    0.25                     5.0E10                   2700                     4886.7759563264435       2685.7975173476425       2502.294445801098
1.1344                   1                        1                        1                        4                        0.25                     5.380437028924676E-13    5.35929814687009E-13     0.25                     5.0E10                   2700                     4886.7759563264435       2685.7975173476425       2502.294445801098
1.1344                   1                        1                        1                        4.1                      0.24390243902439027      5.386063525565524E-13    5.363932201850328E-13    0.25                     5.0E10                   2700                     4886.7759563264435       2685.7975173476425       2502.294445801098
1.1344                   1                        1                        1                        4.2                      0.23809523809523808      5.392389818178917E-13    5.369939391765912E-13    0.25                     5.0E10                   2700                     4886.7759563264435       2685.7975173476425       2502.294445801098
1.1344                   1                        1                        1                        4.3                      0.23255813953488372      5.39901140425669E-13     5.376879812080522E-13    0.25                     5.0E10                   2700                     4886.7759563264435       2685.7975173476425       2502.294445801098
1.1344                   1                        1                        1                        4.3999999999999995       0.22727272727272732      5.405523175719249E-13    5.384300471392867E-13    0.25                     5.0E10                   2700                     4886.7759563264435       2685.7975173476425       2502.294445801098
1.1344                   1                        1                        1                        4.5                      0.22222222222222224      5.411558726968197E-13    5.391777186700047E-13    0.25                     5.0E10                   2700                     4886.7759563264435       2685.7975173476425       2502.294445801098
1.1344                   1                        1                        1                        4.6                      0.2173913043478261       5.416815448848624E-13    5.398942135824375E-13    0.25                     5.0E10                   2700                     4886.7759563264435       2685.7975173476425       2502.294445801098
1.1344                   1                        1                        1                        4.7                      0.2127659574468085       5.421061399119382E-13    5.405495177870085E-13    0.25                     5.0E10                   2700                     4886.7759563264435       2685.7975173476425       2502.294445801098
1.1344                   1                        1                        1                        4.8                      0.20833333333333334      5.424143905101626E-13    5.411212755280866E-13    0.25                     5.0E10                   2700                     4886.7759563264435       2685.7975173476425       2502.294445801098
1.1344                   1                        1                        1                        4.9                      0.20408163265306117      5.425980762676596E-13    5.415943096038099E-13    0.25                     5.0E10                   2700                     4886.7759563264435       2685.7975173476425       2502.294445801098
1.1344                   1                        1                        1                        5                        0.2                      5.427547097168776E-13    5.420549256838815E-13    0.25                     5.0E10                   2700                     4886.7759563264435       2685.7975173476425       2502.294445801098
1.1344                   1                        1                        1                        5.1                      0.19607843137254904      5.426787280463584E-13    5.42300629480201E-13     0.25                     5.0E10                   2700                     4886.7759563264435       2685.7975173476425       2502.294445801098
1.1344                   1                        1                        1                        5.2                      0.1923076923076923       5.424878489182921E-13    5.424386941894801E-13    0.25                     5.0E10                   2700                     4886.7759563264435       2685.7975173476425       2502.294445801098
1.1344                   1                        1                        1                        5.3                      0.18867924528301888      5.421922735529148E-13    5.424743002978239E-13    0.25                     5.0E10                   2700                     4886.7759563264435       2685.7975173476425       2502.294445801098
1.1344                   1                        1                        1                        5.4                      0.18518518518518517      5.418041507075732E-13    5.424152140788027E-13    0.25                     5.0E10                   2700                     4886.7759563264435       2685.7975173476425       2502.294445801098
1.1344                   1                        1                        1                        5.5                      0.18181818181818182      5.413367193309928E-13    5.422709349567012E-13    0.25                     5.0E10                   2700                     4886.7759563264435       2685.7975173476425       2502.294445801098
1.1344                   1                        1                        1                        5.6                      0.17857142857142858      5.40803602855388E-13     5.420519713866348E-13    0.25                     5.0E10                   2700                     4886.7759563264435       2685.7975173476425       2502.294445801098
1.1344                   1                        1                        1                        5.7                      0.17543859649122806      5.402184327178299E-13    5.417694399853088E-13    0.25                     5.0E10                   2700                     4886.7759563264435       2685.7975173476425       2502.294445801098
1.1344                   1                        1                        1                        5.8                      0.1724137931034483       5.395937235471113E-13    5.414338529866874E-13    0.25                     5.0E10                   2700                     4886.7759563264435       2685.7975173476425       2502.294445801098
1.1344                   1                        1                        1                        5.9                      0.1694915254237288       5.389416356857232E-13    5.410558838393415E-13    0.25                     5.0E10                   2700                     4886.7759563264435       2685.7975173476425       2502.294445801098
1.1344                   1                        1                        1                        6                        0.16666666666666666      5.38273086727398E-13     5.40645388115734E-13     0.25                     5.0E10                   2700                     4886.7759563264435       2685.7975173476425       2502.294445801098
1.1344                   1                        1                        1                        6.1                      0.16393442622950818      5.375978202333141E-13    5.402114231393866E-13    0.25                     5.0E10                   2700                     4886.7759563264435       2685.7975173476425       2502.294445801098
1.1344                   1                        1                        1                        6.2                      0.16129032258064518      5.369243670111656E-13    5.39762154577274E-13     0.25                     5.0E10                   2700                     4886.7759563264435       2685.7975173476425       2502.294445801098
1.1344                   1                        1                        1                        6.3                      0.15873015873015872      5.362600562766785E-13    5.393048163705894E-13    0.25                     5.0E10                   2700                     4886.7759563264435       2685.7975173476425       2502.294445801098
1.1344                   1                        1                        1                        6.4                      0.15625                  5.356110629720431E-13    5.388457110787818E-13    0.25                     5.0E10                   2700                     4886.7759563264435       2685.7975173476425       2502.294445801098
1.1344                   1                        1                        1                        6.5                      0.15384615384615383      5.349824796697479E-13    5.3839023956257E-13      0.25                     5.0E10                   2700                     4886.7759563264435       2685.7975173476425       2502.294445801098
1.1344                   1                        1                        1                        6.6                      0.15151515151515152      5.343784038373808E-13    5.379429509244283E-13    0.25                     5.0E10                   2700                     4886.7759563264435       2685.7975173476425       2502.294445801098
1.1344                   1                        1                        1                        6.7                      0.1492537313432836       5.33802033355666E-13     5.375076054703757E-13    0.25                     5.0E10                   2700                     4886.7759563264435       2685.7975173476425       2502.294445801098
1.1344                   1                        1                        1                        6.8                      0.14705882352941177      5.332557647957423E-13    5.37087244984219E-13     0.25                     5.0E10                   2700                     4886.7759563264435       2685.7975173476425       2502.294445801098
1.1344                   1                        1                        1                        6.9                      0.14492753623188404      5.327412905088421E-13    5.366842660312025E-13    0.25                     5.0E10                   2700                     4886.7759563264435       2685.7975173476425       2502.294445801098
1.1344                   1                        1                        1                        7                        0.14285714285714285      5.32259691806842E-13     5.363004931421028E-13    0.25                     5.0E10                   2700                     4886.7759563264435       2685.7975173476425       2502.294445801098
1.1344                   1                        1                        1                        7.1                      0.14084507042253522      5.318115263660286E-13    5.359372496396019E-13    0.25                     5.0E10                   2700                     4886.7759563264435       2685.7975173476425       2502.294445801098
1.1344                   1                        1                        1                        7.2                      0.1388888888888889       5.31396908773819E-13     5.35595424586462E-13     0.25                     5.0E10                   2700                     4886.7759563264435       2685.7975173476425       2502.294445801098
1.1344                   1                        1                        1                        7.3                      0.13698630136986303      5.310155836559392E-13    5.352755349323902E-13    0.25                     5.0E10                   2700                     4886.7759563264435       2685.7975173476425       2502.294445801098
1.1344                   1                        1                        1                        7.4                      0.13513513513513514      5.306669912872867E-13    5.349777823575324E-13    0.25                     5.0E10                   2700                     4886.7759563264435       2685.7975173476425       2502.294445801098
1.1344                   1                        1                        1                        7.5                      0.13333333333333333      5.303503257311887E-13    5.347021045862628E-13    0.25                     5.0E10                   2700                     4886.7759563264435       2685.7975173476425       2502.294445801098
1.1344                   1                        1                        1                        7.6                      0.13157894736842105      5.300650944421072E-13    5.344487255176817E-13    0.25                     5.0E10                   2700                     4886.7759563264435       2685.7975173476425       2502.294445801098
1.1344                   1                        1                        1                        7.7                      0.12987012987012989      5.298091574829428E-13    5.342162051718375E-13    0.25                     5.0E10                   2700                     4886.7759563264435       2685.7975173476425       2502.294445801098
1.1344                   1                        1                        1                        7.8                      0.12820512820512822      5.295817311021806E-13    5.340044221640518E-13    0.25                     5.0E10                   2700                     4886.7759563264435       2685.7975173476425       2502.294445801098
1.1344                   1                        1                        1                        7.9                      0.12658227848101267      5.293814717958971E-13    5.338126657676682E-13    0.25                     5.0E10                   2700                     4886.7759563264435       2685.7975173476425       2502.294445801098
1.1344                   1                        1                        1                        8                        0.125                    5.292069843882213E-13    5.336401410737683E-13    0.25                     5.0E10                   2700                     4886.7759563264435       2685.7975173476425       2502.294445801098
1.1344                   1                        1                        1                        8.1                      0.1234567901234568       5.290568454777975E-13    5.334859919533793E-13    0.25                     5.0E10                   2700                     4886.7759563264435       2685.7975173476425       2502.294445801098
1.1344                   1                        1                        1                        8.2                      0.12195121951219513      5.289296228490685E-13    5.333493205154323E-13    0.25                     5.0E10                   2700                     4886.7759563264435       2685.7975173476425       2502.294445801098
1.1344                   1                        1                        1                        8.3                      0.12048192771084336      5.288238915338933E-13    5.332292035628846E-13    0.25                     5.0E10                   2700                     4886.7759563264435       2685.7975173476425       2502.294445801098
1.1344                   1                        1                        1                        8.4                      0.11904761904761904      5.287382468299191E-13    5.331247063281054E-13    0.25                     5.0E10                   2700                     4886.7759563264435       2685.7975173476425       2502.294445801098
1.1344                   1                        1                        1                        8.5                      0.11764705882352941      5.286713147513076E-13    5.33034893849964E-13     0.25                     5.0E10                   2700                     4886.7759563264435       2685.7975173476425       2502.294445801098
1.1344                   1                        1                        1                        8.6                      0.11627906976744186      5.286217602444005E-13    5.329588402995625E-13    0.25                     5.0E10                   2700                     4886.7759563264435       2685.7975173476425       2502.294445801098
1.1344                   1                        1                        1                        8.7                      0.11494252873563218      5.285882935000745E-13    5.328956365062515E-13    0.25                     5.0E10                   2700                     4886.7759563264435       2685.7975173476425       2502.294445801098
1.1344                   1                        1                        1                        8.8                      0.11363636363636362      5.28569674637899E-13     5.328443959476658E-13    0.25                     5.0E10                   2700                     4886.7759563264435       2685.7975173476425       2502.294445801098
1.1344                   1                        1                        1                        8.9                      0.11235955056179775      5.285647170317453E-13    5.32804259419177E-13     0.25                     5.0E10                   2700                     4886.7759563264435       2685.7975173476425       2502.294445801098
1.1344                   1                        1                        1                        9                        0.11111111111111112      5.285722895123607E-13    5.327743985941209E-13    0.25                     5.0E10                   2700                     4886.7759563264435       2685.7975173476425       2502.294445801098
1.1344                   1                        1                        1                        9.1                      0.1098901098901099       5.285913175582318E-13    5.327540185966333E-13    0.25                     5.0E10                   2700                     4886.7759563264435       2685.7975173476425       2502.294445801098
1.1344                   1                        1                        1                        9.2                      0.10869565217391305      5.286207837403692E-13    5.327423597933578E-13    0.25                     5.0E10                   2700                     4886.7759563264435       2685.7975173476425       2502.294445801098
1.1344                   1                        1                        1                        9.3                      0.10752688172043011      5.28659727537307E-13     5.327386989192767E-13    0.25                     5.0E10                   2700                     4886.7759563264435       2685.7975173476425       2502.294445801098
1.1344                   1                        1                        1                        9.4                      0.10638297872340426      5.287072445622832E-13    5.327423496135421E-13    0.25                     5.0E10                   2700                     4886.7759563264435       2685.7975173476425       2502.294445801098
1.1344                   1                        1                        1                        9.5                      0.10526315789473685      5.287624854696253E-13    5.327526625345174E-13    0.25                     5.0E10                   2700                     4886.7759563264435       2685.7975173476425       2502.294445801098
1.1344                   1                        1                        1                        9.6                      0.10416666666666667      5.288246544227526E-13    5.327690250554868E-13    0.25                     5.0E10                   2700                     4886.7759563264435       2685.7975173476425       2502.294445801098
1.1344                   1                        1                        1                        9.700000000000001        0.1030927835051546       5.288930074059449E-13    5.327908606909277E-13    0.25                     5.0E10                   2700                     4886.7759563264435       2685.7975173476425       2502.294445801098
1.1344                   1                        1                        1                        9.8                      0.10204081632653059      5.289668503325455E-13    5.328176282846279E-13    0.25                     5.0E10                   2700                     4886.7759563264435       2685.7975173476425       2502.294445801098
1.1344                   1                        1                        1                        9.9                      0.101010101010101        5.290455369554111E-13    5.328488209681971E-13    0.25                     5.0E10                   2700                     4886.7759563264435       2685.7975173476425       2502.294445801098
1.1344                   1                        1                        1                        10                       0.1                      5.291918063061986E-13    5.329232167484317E-13    0.25                     5.0E10                   2700                     4886.7759563264435       2685.7975173476425       2502.294445801098
