1.0908                   1                        1                        1                        0.1                      10                       5.331349184176429E-13    5.331373991215905E-13    0.25                     5.0E10                   2700                     4824.831780663669        2697.274211896999        2502.294445801098
1.0908                   1                        1                        1                        0.2                      5                        5.334813996506652E-13    5.331471033870268E-13    0.25                     5.0E10                   2700                     4824.831780663669        2697.274211896999        2502.294445801098
1.0908                   1                        1                        1                        0.30000000000000004      3.3333333333333326       5.366599796145907E-13    5.363080409426519E-13    0.25                     5.0E10                   2700                     4824.831780663669        2697.274211896999        2502.294445801098
1.0908                   1                        1                        1                        0.4                      2.5                      5.329111829946631E-13    5.331757277267761E-13    0.25                     5.0E10                   2700                     4824.831780663669        2697.274211896999        2502.294445801098
1.0908                   1                        1                        1                        0.5                      2                        5.331682115885319E-13    5.331264077028629E-13    0.25                     5.0E10                   2700                     4824.831780663669        2697.274211896999        2502.294445801098
1.0908                   1                        1                        1                        0.6                      1.6666666666666667       5.365970185678814E-13    5.364047769680292E-13    0.25                     5.0E10                   2700                     4824.831780663669        2697.274211896999        2502.294445801098
1.0908                   1                        1                        1                        0.7000000000000001       1.4285714285714284       5.375502286822616E-13    5.370814600815384E-13    0.25                     5.0E10                   2700                     4824.831780663669        2697.274211896999        2502.294445801098
1.0908                   1                        1                        1                        0.8                      1.25                     5.346942260853383E-13    5.327274533733224E-13    0.25                     5.0E10                   2700                     4824.831780663669        2697.274211896999        2502.294445801098
1.0908                   1                        1                        1                        0.9                      1.1111111111111112       5.323288865188239E-13    5.330180762863086E-13    0.25                     5.0E10                   2700                     4824.831780663669        2697.274211896999        2502.294445801098
1.0908                   1                        1                        1                        1                        1                        5.340953629794111E-13    5.322083602968478E-13    0.25                     5.0E10                   2700                     4824.831780663669        2697.274211896999        2502.294445801098
1.0908                   1                        1                        1                        1.1                      0.909090909090909        5.335361814437888E-13    5.345945906189748E-13    0.25                     5.0E10                   2700                     4824.831780663669        2697.274211896999        2502.294445801098
1.0908                   1                        1                        1                        1.2000000000000002       0.8333333333333331       5.332326396555612E-13    5.352304914532606E-13    0.25                     5.0E10                   2700                     4824.831780663669        2697.274211896999        2502.294445801098
1.0908                   1                        1                        1                        1.3000000000000003       0.769230769230769        5.331802872440775E-13    5.333619545466586E-13    0.25                     5.0E10                   2700                     4824.831780663669        2697.274211896999        2502.294445801098
1.0908                   1                        1                        1                        1.4000000000000001       0.7142857142857142       5.335736210916977E-13    5.343342946710347E-13    0.25                     5.0E10                   2700                     4824.831780663669        2697.274211896999        2502.294445801098
1.0908                   1                        1                        1                        1.5000000000000002       0.6666666666666665       5.317567257685289E-13    5.350446050928403E-13    0.25                     5.0E10                   2700                     4824.831780663669        2697.274211896999        2502.294445801098
1.0908                   1                        1                        1                        1.6                      0.625                    5.271711352544606E-13    5.32101858049375E-13     0.25                     5.0E10                   2700                     4824.831780663669        2697.274211896999        2502.294445801098
1.0908                   1                        1                        1                        1.7000000000000002       0.588235294117647        5.303432927626347E-13    5.350593835695836E-13    0.25                     5.0E10                   2700                     4824.831780663669        2697.274211896999        2502.294445801098
1.0908                   1                        1                        1                        1.8000000000000003       0.5555555555555555       5.335155145756215E-13    5.368568106878431E-13    0.25                     5.0E10                   2700                     4824.831780663669        2697.274211896999        2502.294445801098
1.0908                   1                        1                        1                        1.9000000000000001       0.5263157894736842       5.325673125882205E-13    5.344003290305879E-13    0.25                     5.0E10                   2700                     4824.831780663669        2697.274211896999        2502.294445801098
1.0908                   1                        1                        1                        2                        0.5                      5.31793063595493E-13     5.32608147766284E-13     0.25                     5.0E10                   2700                     4824.831780663669        2697.274211896999        2502.294445801098
1.0908                   1                        1                        1                        2.1                      0.47619047619047616      5.333159404722352E-13    5.338500827058304E-13    0.25                     5.0E10                   2700                     4824.831780663669        2697.274211896999        2502.294445801098
1.0908                   1                        1                        1                        2.2                      0.4545454545454545       5.354340815104832E-13    5.363399148213125E-13    0.25                     5.0E10                   2700                     4824.831780663669        2697.274211896999        2502.294445801098
1.0908                   1                        1                        1                        2.3000000000000003       0.43478260869565216      5.359771758145014E-13    5.376164729396115E-13    0.25                     5.0E10                   2700                     4824.831780663669        2697.274211896999        2502.294445801098
1.0908                   1                        1                        1                        2.4000000000000004       0.4166666666666666       5.346146984274762E-13    5.370126287373654E-13    0.25                     5.0E10                   2700                     4824.831780663669        2697.274211896999        2502.294445801098
1.0908                   1                        1                        1                        2.5000000000000004       0.3999999999999999       5.325454886564573E-13    5.354206059076552E-13    0.25                     5.0E10                   2700                     4824.831780663669        2697.274211896999        2502.294445801098
1.0908                   1                        1                        1                        2.6                      0.3846153846153846       5.308928892238759E-13    5.340152629154797E-13    0.25                     5.0E10                   2700                     4824.831780663669        2697.274211896999        2502.294445801098
1.0908                   1                        1                        1                        2.7                      0.37037037037037035      5.303765183889833E-13    5.334602342304639E-13    0.25                     5.0E10                   2700                     4824.831780663669        2697.274211896999        2502.294445801098
1.0908                   1                        1                        1                        2.8000000000000003       0.3571428571428571       5.309822441516116E-13    5.338027668285822E-13    0.25                     5.0E10                   2700                     4824.831780663669        2697.274211896999        2502.294445801098
1.0908                   1                        1                        1                        2.9000000000000004       0.3448275862068965       5.323062944687504E-13    5.347104647225996E-13    0.25                     5.0E10                   2700                     4824.831780663669        2697.274211896999        2502.294445801098
1.0908                   1                        1                        1                        3.0000000000000004       0.33333333333333326      5.338541701860116E-13    5.357513430485999E-13    0.25                     5.0E10                   2700                     4824.831780663669        2697.274211896999        2502.294445801098
1.0908                   1                        1                        1                        3.1                      0.32258064516129037      5.352348981205891E-13    5.365822815840292E-13    0.25                     5.0E10                   2700                     4824.831780663669        2697.274211896999        2502.294445801098
1.0908                   1                        1                        1                        3.2                      0.3125                   5.362368547916325E-13    5.370257498658528E-13    0.25                     5.0E10                   2700                     4824.831780663669        2697.274211896999        2502.294445801098
1.0908                   1                        1                        1                        3.3000000000000003       0.30303030303030304      5.368171442195281E-13    5.370622980296961E-13    0.25                     5.0E10                   2700                     4824.831780663669        2697.274211896999        2502.294445801098
1.0908                   1                        1                        1                        3.4000000000000004       0.2941176470588235       5.371462714437113E-13    5.368944934578663E-13    0.25                     5.0E10                   2700                     4824.831780663669        2697.274211896999        2502.294445801098
1.0908                   1                        1                        1                        3.5000000000000004       0.2857142857142857       5.371434880200056E-13    5.364217215825516E-13    0.25                     5.0E10                   2700                     4824.831780663669        2697.274211896999        2502.294445801098
1.0908                   1                        1                        1                        3.6                      0.2777777777777778       5.370539966384756E-13    5.359128333757092E-13    0.25                     5.0E10                   2700                     4824.831780663669        2697.274211896999        2502.294445801098
1.0908                   1                        1                        1                        3.7                      0.2702702702702703       5.369870827870647E-13    5.354833700154241E-13    0.25                     5.0E10                   2700                     4824.831780663669        2697.274211896999        2502.294445801098
1.0908                   1                        1                        1                        3.8000000000000003       0.2631578947368421       5.370157560605448E-13    5.352108727655519E-13    0.25                     5.0E10                   2700                     4824.831780663669        2697.274211896999        2502.294445801098
1.0908                   1                        1                        1                        3.9000000000000004       0.2564102564102564       5.371759218924719E-13    5.351342385947679E-13    0.25                     5.0E10                   2700                     4824.831780663669        2697.274211896999        2502.294445801098
1.0908                   1                        1                        1                        4                        0.25                     5.374723853911936E-13    5.352596018129659E-13    0.25                     5.0E10                   2700                     4824.831780663669        2697.274211896999        2502.294445801098
1.0908                   1                        1                        1                        4.1                      0.24390243902439027      5.378872359838423E-13    5.355687930784472E-13    0.25                     5.0E10                   2700                     4824.831780663669        2697.274211896999        2502.294445801098
1.0908                   1                        1                        1                        4.2                      0.23809523809523808      5.383884951046569E-13    5.360280325059508E-13    0.25                     5.0E10                   2700                     4824.831780663669        2697.274211896999        2502.294445801098
1.0908                   1                        1                        1                        4.3                      0.23255813953488372      5.38937572128527E-13     5.365955203893217E-13    0.25                     5.0E10                   2700                     4824.831780663669        2697.274211896999        2502.294445801098
1.0908                   1                        1                        1                        4.3999999999999995       0.22727272727272732      5.394950366269523E-13    5.37227410184388E-13     0.25                     5.0E10                   2700                     4824.831780663669        2697.274211896999        2502.294445801098
1.0908                   1                        1                        1                        4.5                      0.22222222222222224      5.400246568234327E-13    5.378820947482247E-13    0.25                     5.0E10                   2700                     4824.831780663669        2697.274211896999        2502.294445801098
1.0908                   1                        1                        1                        4.6                      0.2173913043478261       5.404960096543832E-13    5.385230506935385E-13    0.25                     5.0E10                   2700                     4824.831780663669        2697.274211896999        2502.294445801098
1.0908                   1                        1                        1                        4.7                      0.2127659574468085       5.408852726051156E-13    5.391200579157439E-13    0.25                     5.0E10                   2700                     4824.831780663669        2697.274211896999        2502.294445801098
1.0908                   1                        1                        1                        4.8                      0.20833333333333334      5.411761707882963E-13    5.396501705639424E-13    0.25                     5.0E10                   2700                     4824.831780663669        2697.274211896999        2502.294445801098
1.0908                   1                        1                        1                        4.9                      0.20408163265306117      5.41359194023792E-13     5.400973193145188E-13    0.25                     5.0E10                   2700                     4824.831780663669        2697.274211896999        2502.294445801098
1.0908                   1                        1                        1                        5                        0.2                      5.415303468512891E-13    5.405465810835034E-13    0.25                     5.0E10                   2700                     4824.831780663669        2697.274211896999        2502.294445801098
1.0908                   1                        1                        1                        5.1                      0.19607843137254904      5.414828841712327E-13    5.407948130589589E-13    0.25                     5.0E10                   2700                     4824.831780663669        2697.274211896999        2502.294445801098
1.0908                   1                        1                        1                        5.2                      0.1923076923076923       5.413323952536415E-13    5.409473490508713E-13    0.25                     5.0E10                   2700                     4824.831780663669        2697.274211896999        2502.294445801098
1.0908                   1                        1                        1                        5.3                      0.18867924528301888      5.410874273428128E-13    5.410079726113962E-13    0.25                     5.0E10                   2700                     4824.831780663669        2697.274211896999        2502.294445801098
1.0908                   1                        1                        1                        5.4                      0.18518518518518517      5.407585243033603E-13    5.409830618273663E-13    0.25                     5.0E10                   2700                     4824.831780663669        2697.274211896999        2502.294445801098
1.0908                   1                        1                        1                        5.5                      0.18181818181818182      5.403574031285728E-13    5.408807719285388E-13    0.25                     5.0E10                   2700                     4824.831780663669        2697.274211896999        2502.294445801098
1.0908                   1                        1                        1                        5.6                      0.17857142857142858      5.398962720683021E-13    5.407103374937174E-13    0.25                     5.0E10                   2700                     4824.831780663669        2697.274211896999        2502.294445801098
1.0908                   1                        1                        1                        5.7                      0.17543859649122806      5.393874660196368E-13    5.404816875189332E-13    0.25                     5.0E10                   2700                     4824.831780663669        2697.274211896999        2502.294445801098
1.0908                   1                        1                        1                        5.8                      0.1724137931034483       5.388423421664357E-13    5.402042535386275E-13    0.25                     5.0E10                   2700                     4824.831780663669        2697.274211896999        2502.294445801098
1.0908                   1                        1                        1                        5.9                      0.1694915254237288       5.382720253281854E-13    5.39887727019456E-13     0.25                     5.0E10                   2700                     4824.831780663669        2697.274211896999        2502.294445801098
1.0908                   1                        1                        1                        6                        0.16666666666666666      5.376865294094663E-13    5.395410904546324E-13    0.25                     5.0E10                   2700                     4824.831780663669        2697.274211896999        2502.294445801098
1.0908                   1                        1                        1                        6.1                      0.16393442622950818      5.370948170527765E-13    5.391726323726955E-13    0.25                     5.0E10                   2700                     4824.831780663669        2697.274211896999        2502.294445801098
1.0908                   1                        1                        1                        6.2                      0.16129032258064518      5.3650475278019E-13      5.387898490847787E-13    0.25                     5.0E10                   2700                     4824.831780663669        2697.274211896999        2502.294445801098
1.0908                   1                        1                        1                        6.3                      0.15873015873015872      5.359231046943134E-13    5.383993981159138E-13    0.25                     5.0E10                   2700                     4824.831780663669        2697.274211896999        2502.294445801098
1.0908                   1                        1                        1                        6.4                      0.15625                  5.353555816952401E-13    5.380070910564664E-13    0.25                     5.0E10                   2700                     4824.831780663669        2697.274211896999        2502.294445801098
1.0908                   1                        1                        1                        6.5                      0.15384615384615383      5.348068951635844E-13    5.376179152808695E-13    0.25                     5.0E10                   2700                     4824.831780663669        2697.274211896999        2502.294445801098
1.0908                   1                        1                        1                        6.6                      0.15151515151515152      5.342808362596853E-13    5.372360758425125E-13    0.25                     5.0E10                   2700                     4824.831780663669        2697.274211896999        2502.294445801098
1.0908                   1                        1                        1                        6.7                      0.1492537313432836       5.337803619865667E-13    5.368650505899205E-13    0.25                     5.0E10                   2700                     4824.831780663669        2697.274211896999        2502.294445801098
1.0908                   1                        1                        1                        6.8                      0.14705882352941177      5.333076846845891E-13    5.36507652987456E-13     0.25                     5.0E10                   2700                     4824.831780663669        2697.274211896999        2502.294445801098
1.0908                   1                        1                        1                        6.9                      0.14492753623188404      5.32864361099979E-13     5.361660984798849E-13    0.25                     5.0E10                   2700                     4824.831780663669        2697.274211896999        2502.294445801098
1.0908                   1                        1                        1                        7                        0.14285714285714285      5.324513783381467E-13    5.358420713174575E-13    0.25                     5.0E10                   2700                     4824.831780663669        2697.274211896999        2502.294445801098
1.0908                   1                        1                        1                        7.1                      0.14084507042253522      5.320692348311645E-13    5.355367896313757E-13    0.25                     5.0E10                   2700                     4824.831780663669        2697.274211896999        2502.294445801098
1.0908                   1                        1                        1                        7.2                      0.1388888888888889       5.31718015206148E-13     5.352510672346731E-13    0.25                     5.0E10                   2700                     4824.831780663669        2697.274211896999        2502.294445801098
1.0908                   1                        1                        1                        7.3                      0.13698630136986303      5.313974584468034E-13    5.349853712063141E-13    0.25                     5.0E10                   2700                     4824.831780663669        2697.274211896999        2502.294445801098
1.0908                   1                        1                        1                        7.4                      0.13513513513513514      5.311070191909545E-13    5.347398747186494E-13    0.25                     5.0E10                   2700                     4824.831780663669        2697.274211896999        2502.294445801098
1.0908                   1                        1                        1                        7.5                      0.13333333333333333      5.308459221496308E-13    5.345145048417117E-13    0.25                     5.0E10                   2700                     4824.831780663669        2697.274211896999        2502.294445801098
1.0908                   1                        1                        1                        7.6                      0.13157894736842105      5.306137150968957E-13    5.343094872437624E-13    0.25                     5.0E10                   2700                     4824.831780663669        2697.274211896999        2502.294445801098
1.0908                   1                        1                        1                        7.7                      0.12987012987012989      5.304083190676957E-13    5.341234030918611E-13    0.25                     5.0E10                   2700                     4824.831780663669        2697.274211896999        2502.294445801098
1.0908                   1                        1                        1                        7.8                      0.12820512820512822      5.302290090512212E-13    5.339561547815496E-13    0.25                     5.0E10                   2700                     4824.831780663669        2697.274211896999        2502.294445801098
1.0908                   1                        1                        1                        7.9                      0.12658227848101267      5.300745098326624E-13    5.338070657606434E-13    0.25                     5.0E10                   2700                     4824.831780663669        2697.274211896999        2502.294445801098
1.0908                   1                        1                        1                        8                        0.125                    5.299434989975435E-13    5.336753816034385E-13    0.25                     5.0E10                   2700                     4824.831780663669        2697.274211896999        2502.294445801098
1.0908                   1                        1                        1                        8.1                      0.1234567901234568       5.298346290109705E-13    5.335602915600691E-13    0.25                     5.0E10                   2700                     4824.831780663669        2697.274211896999        2502.294445801098
1.0908                   1                        1                        1                        8.2                      0.12195121951219513      5.297465454913327E-13    5.334609468273557E-13    0.25                     5.0E10                   2700                     4824.831780663669        2697.274211896999        2502.294445801098
1.0908                   1                        1                        1                        8.3                      0.12048192771084336      5.296779023304905E-13    5.333764760023169E-13    0.25                     5.0E10                   2700                     4824.831780663669        2697.274211896999        2502.294445801098
1.0908                   1                        1                        1                        8.4                      0.11904761904761904      5.296273739400729E-13    5.333059979771658E-13    0.25                     5.0E10                   2700                     4824.831780663669        2697.274211896999        2502.294445801098
1.0908                   1                        1                        1                        8.5                      0.11764705882352941      5.295936650742922E-13    5.332486326161706E-13    0.25                     5.0E10                   2700                     4824.831780663669        2697.274211896999        2502.294445801098
1.0908                   1                        1                        1                        8.6                      0.11627906976744186      5.295755185374896E-13    5.332035094970794E-13    0.25                     5.0E10                   2700                     4824.831780663669        2697.274211896999        2502.294445801098
1.0908                   1                        1                        1                        8.7                      0.11494252873563218      5.295717210902754E-13    5.331697749597871E-13    0.25                     5.0E10                   2700                     4824.831780663669        2697.274211896999        2502.294445801098
1.0908                   1                        1                        1                        8.8                      0.11363636363636362      5.295811078156125E-13    5.331465976994827E-13    0.25                     5.0E10                   2700                     4824.831780663669        2697.274211896999        2502.294445801098
1.0908                   1                        1                        1                        8.9                      0.11235955056179775      5.296025651967232E-13    5.331331731173937E-13    0.25                     5.0E10                   2700                     4824.831780663669        2697.274211896999        2502.294445801098
1.0908                   1                        1                        1                        9                        0.11111111111111112      5.296350331316606E-13    5.331287266223555E-13    0.25                     5.0E10                   2700                     4824.831780663669        2697.274211896999        2502.294445801098
1.0908                   1                        1                        1                        9.1                      0.1098901098901099       5.296775059913908E-13    5.331325160002658E-13    0.25                     5.0E10                   2700                     4824.831780663669        2697.274211896999        2502.294445801098
1.0908                   1                        1                        1                        9.2                      0.10869565217391305      5.297290329669093E-13    5.331438330447285E-13    0.25                     5.0E10                   2700                     4824.831780663669        2697.274211896999        2502.294445801098
1.0908                   1                        1                        1                        9.3                      0.10752688172043011      5.297887178255427E-13    5.33162004560254E-13     0.25                     5.0E10                   2700                     4824.831780663669        2697.274211896999        2502.294445801098
1.0908                   1                        1                        1                        9.4                      0.10638297872340426      5.298557181066114E-13    5.331863928072397E-13    0.25                     5.0E10                   2700                     4824.831780663669        2697.274211896999        2502.294445801098
1.0908                   1                        1                        1                        9.5                      0.10526315789473685      5.299292440207535E-13    5.332163955533591E-13    0.25                     5.0E10                   2700                     4824.831780663669        2697.274211896999        2502.294445801098
1.0908                   1                        1                        1                        9.6                      0.10416666666666667      5.300085569267095E-13    5.332514457252174E-13    0.25                     5.0E10                   2700                     4824.831780663669        2697.274211896999        2502.294445801098
1.0908                   1                        1                        1                        9.700000000000001        0.1030927835051546       5.300929676722383E-13    5.332910108123839E-13    0.25                     5.0E10                   2700                     4824.831780663669        2697.274211896999        2502.294445801098
1.0908                   1                        1                        1                        9.8                      0.10204081632653059      5.301818347367513E-13    5.333345920437527E-13    0.25                     5.0E10                   2700                     4824.831780663669        2697.274211896999        2502.294445801098
1.0908                   1                        1                        1                        9.9                      0.101010101010101        5.302745621936256E-13    5.333817233524021E-13    0.25                     5.0E10                   2700                     4824.831780663669        2697.274211896999        2502.294445801098
1.0908                   1                        1                        1                        10                       0.1                      5.304357766580716E-13    5.334728092044905E-13    0.25                     5.0E10                   2700                     4824.831780663669        2697.274211896999        2502.294445801098
