1.182                    1                        1                        1                        0.1                      10                       5.331359221688839E-13    5.331380982343017E-13    0.25                     5.0E10                   2700                     4962.074222534549        2673.4336713206826       2502.294445801098
1.182                    1                        1                        1                        0.2                      5                        5.334803674207574E-13    5.331465940347801E-13    0.25                     5.0E10                   2700                     4962.074222534549        2673.4336713206826       2502.294445801098
1.182                    1                        1                        1                        0.30000000000000004      3.3333333333333326       5.366607765504942E-13    5.363079649807887E-13    0.25                     5.0E10                   2700                     4962.074222534549        2673.4336713206826       2502.294445801098
1.182                    1                        1                        1                        0.4                      2.5                      5.329000801489504E-13    5.33166183376847E-13     0.25                     5.0E10                   2700                     4962.074222534549        2673.4336713206826       2502.294445801098
1.182                    1                        1                        1                        0.5                      2                        5.331801771179739E-13    5.330861420530536E-13    0.25                     5.0E10                   2700                     4962.074222534549        2673.4336713206826       2502.294445801098
1.182                    1                        1                        1                        0.6                      1.6666666666666667       5.366398813316706E-13    5.362678586683478E-13    0.25                     5.0E10                   2700                     4962.074222534549        2673.4336713206826       2502.294445801098
1.182                    1                        1                        1                        0.7000000000000001       1.4285714285714284       5.377265745107293E-13    5.367968531657663E-13    0.25                     5.0E10                   2700                     4962.074222534549        2673.4336713206826       2502.294445801098
1.182                    1                        1                        1                        0.8                      1.25                     5.348059139241475E-13    5.321656352906462E-13    0.25                     5.0E10                   2700                     4962.074222534549        2673.4336713206826       2502.294445801098
1.182                    1                        1                        1                        0.9                      1.1111111111111112       5.322560693532037E-13    5.323127694859642E-13    0.25                     5.0E10                   2700                     4962.074222534549        2673.4336713206826       2502.294445801098
1.182                    1                        1                        1                        1                        1                        5.33404961093581E-13     5.312547483387838E-13    0.25                     5.0E10                   2700                     4962.074222534549        2673.4336713206826       2502.294445801098
1.182                    1                        1                        1                        1.1                      0.909090909090909        5.319448673667137E-13    5.332616015546258E-13    0.25                     5.0E10                   2700                     4962.074222534549        2673.4336713206826       2502.294445801098
1.182                    1                        1                        1                        1.2000000000000002       0.8333333333333331       5.309612511273768E-13    5.338434102552983E-13    0.25                     5.0E10                   2700                     4962.074222534549        2673.4336713206826       2502.294445801098
1.182                    1                        1                        1                        1.3000000000000003       0.769230769230769        5.302747826280538E-13    5.320724006337304E-13    0.25                     5.0E10                   2700                     4962.074222534549        2673.4336713206826       2502.294445801098
1.182                    1                        1                        1                        1.4000000000000001       0.7142857142857142       5.295086860740334E-13    5.325732743306342E-13    0.25                     5.0E10                   2700                     4962.074222534549        2673.4336713206826       2502.294445801098
1.182                    1                        1                        1                        1.5000000000000002       0.6666666666666665       5.270908267739489E-13    5.331284167488421E-13    0.25                     5.0E10                   2700                     4962.074222534549        2673.4336713206826       2502.294445801098
1.182                    1                        1                        1                        1.6                      0.625                    5.225989084663652E-13    5.305241245545951E-13    0.25                     5.0E10                   2700                     4962.074222534549        2673.4336713206826       2502.294445801098
1.182                    1                        1                        1                        1.7000000000000002       0.588235294117647        5.25936757457022E-13     5.338220770368743E-13    0.25                     5.0E10                   2700                     4962.074222534549        2673.4336713206826       2502.294445801098
1.182                    1                        1                        1                        1.8000000000000003       0.5555555555555555       5.291578398663684E-13    5.35736986865743E-13     0.25                     5.0E10                   2700                     4962.074222534549        2673.4336713206826       2502.294445801098
1.182                    1                        1                        1                        1.9000000000000001       0.5263157894736842       5.282265312783842E-13    5.332216195814667E-13    0.25                     5.0E10                   2700                     4962.074222534549        2673.4336713206826       2502.294445801098
1.182                    1                        1                        1                        2                        0.5                      5.27606430588944E-13     5.313907877249693E-13    0.25                     5.0E10                   2700                     4962.074222534549        2673.4336713206826       2502.294445801098
1.182                    1                        1                        1                        2.1                      0.47619047619047616      5.29532368957782E-13     5.327616652381663E-13    0.25                     5.0E10                   2700                     4962.074222534549        2673.4336713206826       2502.294445801098
1.182                    1                        1                        1                        2.2                      0.4545454545454545       5.322705282177366E-13    5.35546446562218E-13     0.25                     5.0E10                   2700                     4962.074222534549        2673.4336713206826       2502.294445801098
1.182                    1                        1                        1                        2.3000000000000003       0.43478260869565216      5.334979402886413E-13    5.371662041160956E-13    0.25                     5.0E10                   2700                     4962.074222534549        2673.4336713206826       2502.294445801098
1.182                    1                        1                        1                        2.4000000000000004       0.4166666666666666       5.327122496979899E-13    5.368162749304448E-13    0.25                     5.0E10                   2700                     4962.074222534549        2673.4336713206826       2502.294445801098
1.182                    1                        1                        1                        2.5000000000000004       0.3999999999999999       5.310135667891575E-13    5.353135298073051E-13    0.25                     5.0E10                   2700                     4962.074222534549        2673.4336713206826       2502.294445801098
1.182                    1                        1                        1                        2.6                      0.3846153846153846       5.295301677105332E-13    5.338421060520496E-13    0.25                     5.0E10                   2700                     4962.074222534549        2673.4336713206826       2502.294445801098
1.182                    1                        1                        1                        2.7                      0.37037037037037035      5.290325761364487E-13    5.331146987498494E-13    0.25                     5.0E10                   2700                     4962.074222534549        2673.4336713206826       2502.294445801098
1.182                    1                        1                        1                        2.8000000000000003       0.3571428571428571       5.295772626893047E-13    5.332416440347771E-13    0.25                     5.0E10                   2700                     4962.074222534549        2673.4336713206826       2502.294445801098
1.182                    1                        1                        1                        2.9000000000000004       0.3448275862068965       5.308255359696859E-13    5.339476360422228E-13    0.25                     5.0E10                   2700                     4962.074222534549        2673.4336713206826       2502.294445801098
1.182                    1                        1                        1                        3.0000000000000004       0.33333333333333326      5.32332692201536E-13     5.348437948901318E-13    0.25                     5.0E10                   2700                     4962.074222534549        2673.4336713206826       2502.294445801098
1.182                    1                        1                        1                        3.1                      0.32258064516129037      5.33739236867742E-13     5.356135615978056E-13    0.25                     5.0E10                   2700                     4962.074222534549        2673.4336713206826       2502.294445801098
1.182                    1                        1                        1                        3.2                      0.3125                   5.348474437530975E-13    5.360900256762708E-13    0.25                     5.0E10                   2700                     4962.074222534549        2673.4336713206826       2502.294445801098
1.182                    1                        1                        1                        3.3000000000000003       0.30303030303030304      5.356139421556306E-13    5.362512535036122E-13    0.25                     5.0E10                   2700                     4962.074222534549        2673.4336713206826       2502.294445801098
1.182                    1                        1                        1                        3.4000000000000004       0.2941176470588235       5.362024300675247E-13    5.362920788601009E-13    0.25                     5.0E10                   2700                     4962.074222534549        2673.4336713206826       2502.294445801098
1.182                    1                        1                        1                        3.5000000000000004       0.2857142857142857       5.365097386471425E-13    5.360884044995629E-13    0.25                     5.0E10                   2700                     4962.074222534549        2673.4336713206826       2502.294445801098
1.182                    1                        1                        1                        3.6                      0.2777777777777778       5.367660194742959E-13    5.358939842106137E-13    0.25                     5.0E10                   2700                     4962.074222534549        2673.4336713206826       2502.294445801098
1.182                    1                        1                        1                        3.7                      0.2702702702702703       5.370634446813827E-13    5.358070512899203E-13    0.25                     5.0E10                   2700                     4962.074222534549        2673.4336713206826       2502.294445801098
1.182                    1                        1                        1                        3.8000000000000003       0.2631578947368421       5.374597694175522E-13    5.358897060959886E-13    0.25                     5.0E10                   2700                     4962.074222534549        2673.4336713206826       2502.294445801098
1.182                    1                        1                        1                        3.9000000000000004       0.2564102564102564       5.379780328301088E-13    5.361677404176385E-13    0.25                     5.0E10                   2700                     4962.074222534549        2673.4336713206826       2502.294445801098
1.182                    1                        1                        1                        4                        0.25                     5.386126592542012E-13    5.36636568962403E-13     0.25                     5.0E10                   2700                     4962.074222534549        2673.4336713206826       2502.294445801098
1.182                    1                        1                        1                        4.1                      0.24390243902439027      5.393376921699841E-13    5.372695251870928E-13    0.25                     5.0E10                   2700                     4962.074222534549        2673.4336713206826       2502.294445801098
1.182                    1                        1                        1                        4.2                      0.23809523809523808      5.401152207085319E-13    5.380263282308075E-13    0.25                     5.0E10                   2700                     4962.074222534549        2673.4336713206826       2502.294445801098
1.182                    1                        1                        1                        4.3                      0.23255813953488372      5.40902596777174E-13     5.388604430635259E-13    0.25                     5.0E10                   2700                     4962.074222534549        2673.4336713206826       2502.294445801098
1.182                    1                        1                        1                        4.3999999999999995       0.22727272727272732      5.416579774518059E-13    5.397248409318864E-13    0.25                     5.0E10                   2700                     4962.074222534549        2673.4336713206826       2502.294445801098
1.182                    1                        1                        1                        4.5                      0.22222222222222224      5.423441453711757E-13    5.405760912671622E-13    0.25                     5.0E10                   2700                     4962.074222534549        2673.4336713206826       2502.294445801098
1.182                    1                        1                        1                        4.6                      0.2173913043478261       5.429309120103071E-13    5.41377024336374E-13     0.25                     5.0E10                   2700                     4962.074222534549        2673.4336713206826       2502.294445801098
1.182                    1                        1                        1                        4.7                      0.2127659574468085       5.433956907363495E-13    5.420977695926259E-13    0.25                     5.0E10                   2700                     4962.074222534549        2673.4336713206826       2502.294445801098
1.182                    1                        1                        1                        4.8                      0.20833333333333334      5.437242617461418E-13    5.427165576697415E-13    0.25                     5.0E10                   2700                     4962.074222534549        2673.4336713206826       2502.294445801098
1.182                    1                        1                        1                        4.9                      0.20408163265306117      5.439097827493892E-13    5.432191491522326E-13    0.25                     5.0E10                   2700                     4962.074222534549        2673.4336713206826       2502.294445801098
1.182                    1                        1                        1                        5                        0.2                      5.44051399926249E-13     5.436931824575019E-13    0.25                     5.0E10                   2700                     4962.074222534549        2673.4336713206826       2502.294445801098
1.182                    1                        1                        1                        5.1                      0.19607843137254904      5.439448431086463E-13    5.43936844420758E-13     0.25                     5.0E10                   2700                     4962.074222534549        2673.4336713206826       2502.294445801098
1.182                    1                        1                        1                        5.2                      0.1923076923076923       5.437101746304281E-13    5.440595534506045E-13    0.25                     5.0E10                   2700                     4962.074222534549        2673.4336713206826       2502.294445801098
1.182                    1                        1                        1                        5.3                      0.18867924528301888      5.433594250724086E-13    5.440680343608971E-13    0.25                     5.0E10                   2700                     4962.074222534549        2673.4336713206826       2502.294445801098
1.182                    1                        1                        1                        5.4                      0.18518518518518517      5.429065235197108E-13    5.439715938844114E-13    0.25                     5.0E10                   2700                     4962.074222534549        2673.4336713206826       2502.294445801098
1.182                    1                        1                        1                        5.5                      0.18181818181818182      5.423664007310909E-13    5.437812270449663E-13    0.25                     5.0E10                   2700                     4962.074222534549        2673.4336713206826       2502.294445801098
1.182                    1                        1                        1                        5.6                      0.17857142857142858      5.417542554518482E-13    5.435088622782225E-13    0.25                     5.0E10                   2700                     4962.074222534549        2673.4336713206826       2502.294445801098
1.182                    1                        1                        1                        5.7                      0.17543859649122806      5.410851638495861E-13    5.431669417664165E-13    0.25                     5.0E10                   2700                     4962.074222534549        2673.4336713206826       2502.294445801098
1.182                    1                        1                        1                        5.8                      0.1724137931034483       5.403729303181078E-13    5.42767184713305E-13     0.25                     5.0E10                   2700                     4962.074222534549        2673.4336713206826       2502.294445801098
1.182                    1                        1                        1                        5.9                      0.1694915254237288       5.396308698244403E-13    5.423213619574292E-13    0.25                     5.0E10                   2700                     4962.074222534549        2673.4336713206826       2502.294445801098
1.182                    1                        1                        1                        6                        0.16666666666666666      5.388709072972588E-13    5.41840304842004E-13     0.25                     5.0E10                   2700                     4962.074222534549        2673.4336713206826       2502.294445801098
1.182                    1                        1                        1                        6.1                      0.16393442622950818      5.381036564753762E-13    5.413339298363781E-13    0.25                     5.0E10                   2700                     4962.074222534549        2673.4336713206826       2502.294445801098
1.182                    1                        1                        1                        6.2                      0.16129032258064518      5.373383901967823E-13    5.408111504171493E-13    0.25                     5.0E10                   2700                     4962.074222534549        2673.4336713206826       2502.294445801098
1.182                    1                        1                        1                        6.3                      0.15873015873015872      5.365830621196986E-13    5.402798442160657E-13    0.25                     5.0E10                   2700                     4962.074222534549        2673.4336713206826       2502.294445801098
1.182                    1                        1                        1                        6.4                      0.15625                  5.358443653556734E-13    5.397468617420975E-13    0.25                     5.0E10                   2700                     4962.074222534549        2673.4336713206826       2502.294445801098
1.182                    1                        1                        1                        6.5                      0.15384615384615383      5.351278158438971E-13    5.392180650005844E-13    0.25                     5.0E10                   2700                     4962.074222534549        2673.4336713206826       2502.294445801098
1.182                    1                        1                        1                        6.6                      0.15151515151515152      5.344378508092394E-13    5.386983864786938E-13    0.25                     5.0E10                   2700                     4962.074222534549        2673.4336713206826       2502.294445801098
1.182                    1                        1                        1                        6.7                      0.1492537313432836       5.337779349012151E-13    5.381919009330129E-13    0.25                     5.0E10                   2700                     4962.074222534549        2673.4336713206826       2502.294445801098
1.182                    1                        1                        1                        6.8                      0.14705882352941177      5.33150668333621E-13     5.377019040500876E-13    0.25                     5.0E10                   2700                     4962.074222534549        2673.4336713206826       2502.294445801098
1.182                    1                        1                        1                        6.9                      0.14492753623188404      5.325578929780963E-13    5.372309935574787E-13    0.25                     5.0E10                   2700                     4962.074222534549        2673.4336713206826       2502.294445801098
1.182                    1                        1                        1                        7                        0.14285714285714285      5.320007936473844E-13    5.367811495564302E-13    0.25                     5.0E10                   2700                     4962.074222534549        2673.4336713206826       2502.294445801098
1.182                    1                        1                        1                        7.1                      0.14084507042253522      5.314799927116237E-13    5.363538118121794E-13    0.25                     5.0E10                   2700                     4962.074222534549        2673.4336713206826       2502.294445801098
1.182                    1                        1                        1                        7.2                      0.1388888888888889       5.309956369973391E-13    5.359499524788385E-13    0.25                     5.0E10                   2700                     4962.074222534549        2673.4336713206826       2502.294445801098
1.182                    1                        1                        1                        7.3                      0.13698630136986303      5.30547476464798E-13     5.355701433646693E-13    0.25                     5.0E10                   2700                     4962.074222534549        2673.4336713206826       2502.294445801098
1.182                    1                        1                        1                        7.4                      0.13513513513513514      5.301349346322566E-13    5.352146172745938E-13    0.25                     5.0E10                   2700                     4962.074222534549        2673.4336713206826       2502.294445801098
1.182                    1                        1                        1                        7.5                      0.13333333333333333      5.297571708606857E-13    5.348833232508155E-13    0.25                     5.0E10                   2700                     4962.074222534549        2673.4336713206826       2502.294445801098
1.182                    1                        1                        1                        7.6                      0.13157894736842105      5.294136478135813E-13    5.345764829951796E-13    0.25                     5.0E10                   2700                     4962.074222534549        2673.4336713206826       2502.294445801098
1.182                    1                        1                        1                        7.7                      0.12987012987012989      5.291021564744909E-13    5.342926321559043E-13    0.25                     5.0E10                   2700                     4962.074222534549        2673.4336713206826       2502.294445801098
1.182                    1                        1                        1                        7.8                      0.12820512820512822      5.288218481125399E-13    5.340316228250859E-13    0.25                     5.0E10                   2700                     4962.074222534549        2673.4336713206826       2502.294445801098
1.182                    1                        1                        1                        7.9                      0.12658227848101267      5.285713032901562E-13    5.337927060363022E-13    0.25                     5.0E10                   2700                     4962.074222534549        2673.4336713206826       2502.294445801098
1.182                    1                        1                        1                        8                        0.125                    5.283490460557394E-13    5.335750417164049E-13    0.25                     5.0E10                   2700                     4962.074222534549        2673.4336713206826       2502.294445801098
1.182                    1                        1                        1                        8.1                      0.1234567901234568       5.281535688983985E-13    5.333777232023228E-13    0.25                     5.0E10                   2700                     4962.074222534549        2673.4336713206826       2502.294445801098
1.182                    1                        1                        1                        8.2                      0.12195121951219513      5.279833534116553E-13    5.331997980184436E-13    0.25                     5.0E10                   2700                     4962.074222534549        2673.4336713206826       2502.294445801098
1.182                    1                        1                        1                        8.3                      0.12048192771084336      5.278368873867946E-13    5.330402854401532E-13    0.25                     5.0E10                   2700                     4962.074222534549        2673.4336713206826       2502.294445801098
1.182                    1                        1                        1                        8.4                      0.11904761904761904      5.277126786770569E-13    5.328981911575624E-13    0.25                     5.0E10                   2700                     4962.074222534549        2673.4336713206826       2502.294445801098
1.182                    1                        1                        1                        8.5                      0.11764705882352941      5.27609266334086E-13     5.327725194254378E-13    0.25                     5.0E10                   2700                     4962.074222534549        2673.4336713206826       2502.294445801098
1.182                    1                        1                        1                        8.6                      0.11627906976744186      5.275252293770222E-13    5.326622830277437E-13    0.25                     5.0E10                   2700                     4962.074222534549        2673.4336713206826       2502.294445801098
1.182                    1                        1                        1                        8.7                      0.11494252873563218      5.274591935449875E-13    5.325665113354725E-13    0.25                     5.0E10                   2700                     4962.074222534549        2673.4336713206826       2502.294445801098
1.182                    1                        1                        1                        8.8                      0.11363636363636362      5.274098363246853E-13    5.324842567236142E-13    0.25                     5.0E10                   2700                     4962.074222534549        2673.4336713206826       2502.294445801098
1.182                    1                        1                        1                        8.9                      0.11235955056179775      5.27375890544149E-13     5.324145995938663E-13    0.25                     5.0E10                   2700                     4962.074222534549        2673.4336713206826       2502.294445801098
1.182                    1                        1                        1                        9                        0.11111111111111112      5.273561467709028E-13    5.323566522129363E-13    0.25                     5.0E10                   2700                     4962.074222534549        2673.4336713206826       2502.294445801098
1.182                    1                        1                        1                        9.1                      0.1098901098901099       5.273494546513516E-13    5.323095615107211E-13    0.25                     5.0E10                   2700                     4962.074222534549        2673.4336713206826       2502.294445801098
1.182                    1                        1                        1                        9.2                      0.10869565217391305      5.273547234519938E-13    5.322725110441202E-13    0.25                     5.0E10                   2700                     4962.074222534549        2673.4336713206826       2502.294445801098
1.182                    1                        1                        1                        9.3                      0.10752688172043011      5.27370921934253E-13     5.322447222538883E-13    0.25                     5.0E10                   2700                     4962.074222534549        2673.4336713206826       2502.294445801098
1.182                    1                        1                        1                        9.4                      0.10638297872340426      5.273970776135054E-13    5.322254550989113E-13    0.25                     5.0E10                   2700                     4962.074222534549        2673.4336713206826       2502.294445801098
1.182                    1                        1                        1                        9.5                      0.10526315789473685      5.274322756709305E-13    5.322140082403954E-13    0.25                     5.0E10                   2700                     4962.074222534549        2673.4336713206826       2502.294445801098
1.182                    1                        1                        1                        9.6                      0.10416666666666667      5.274756574041804E-13    5.32209718780601E-13     0.25                     5.0E10                   2700                     4962.074222534549        2673.4336713206826       2502.294445801098
1.182                    1                        1                        1                        9.700000000000001        0.1030927835051546       5.275264185082443E-13    5.322119617141498E-13    0.25                     5.0E10                   2700                     4962.074222534549        2673.4336713206826       2502.294445801098
1.182                    1                        1                        1                        9.8                      0.10204081632653059      5.275838071389448E-13    5.322201491245615E-13    0.25                     5.0E10                   2700                     4962.074222534549        2673.4336713206826       2502.294445801098
1.182                    1                        1                        1                        9.9                      0.101010101010101        5.276471217675349E-13    5.322337291366786E-13    0.25                     5.0E10                   2700                     4962.074222534549        2673.4336713206826       2502.294445801098
1.182                    1                        1                        1                        10                       0.1                      5.277769406708912E-13    5.32289644265757E-13     0.25                     5.0E10                   2700                     4962.074222534549        2673.4336713206826       2502.294445801098
