0.8596                   1                        1                        1                        0.1                      10                       5.331363427645833E-13    5.331381505718405E-13    0.25                     5.0E10                   2700                     4581.2262049560495       2760.691361035449        2502.294445801098
0.8596                   1                        1                        1                        0.2                      5                        5.334857042468513E-13    5.331498737414175E-13    0.25                     5.0E10                   2700                     4581.2262049560495       2760.691361035449        2502.294445801098
0.8596                   1                        1                        1                        0.30000000000000004      3.3333333333333326       5.366554397291942E-13    5.363068255674396E-13    0.25                     5.0E10                   2700                     4581.2262049560495       2760.691361035449        2502.294445801098
0.8596                   1                        1                        1                        0.4                      2.5                      5.329397885168788E-13    5.332027172571531E-13    0.25                     5.0E10                   2700                     4581.2262049560495       2760.691361035449        2502.294445801098
0.8596                   1                        1                        1                        0.5                      2                        5.331312335387873E-13    5.332264298401314E-13    0.25                     5.0E10                   2700                     4581.2262049560495       2760.691361035449        2502.294445801098
0.8596                   1                        1                        1                        0.6                      1.6666666666666667       5.36487149279337E-13     5.367657919747859E-13    0.25                     5.0E10                   2700                     4581.2262049560495       2760.691361035449        2502.294445801098
0.8596                   1                        1                        1                        0.7000000000000001       1.4285714285714284       5.370717827386114E-13    5.378099030080956E-13    0.25                     5.0E10                   2700                     4581.2262049560495       2760.691361035449        2502.294445801098
0.8596                   1                        1                        1                        0.8                      1.25                     5.343836380228531E-13    5.341553663529371E-13    0.25                     5.0E10                   2700                     4581.2262049560495       2760.691361035449        2502.294445801098
0.8596                   1                        1                        1                        0.9                      1.1111111111111112       5.326015508530002E-13    5.348553558901931E-13    0.25                     5.0E10                   2700                     4581.2262049560495       2760.691361035449        2502.294445801098
0.8596                   1                        1                        1                        1                        1                        5.359754395509815E-13    5.346002151874655E-13    0.25                     5.0E10                   2700                     4581.2262049560495       2760.691361035449        2502.294445801098
0.8596                   1                        1                        1                        1.1                      0.909090909090909        5.37873000933054E-13     5.38044873623918E-13     0.25                     5.0E10                   2700                     4581.2262049560495       2760.691361035449        2502.294445801098
0.8596                   1                        1                        1                        1.2000000000000002       0.8333333333333331       5.393109877438143E-13    5.387012607042376E-13    0.25                     5.0E10                   2700                     4581.2262049560495       2760.691361035449        2502.294445801098
0.8596                   1                        1                        1                        1.3000000000000003       0.769230769230769        5.409921242055193E-13    5.366137511887807E-13    0.25                     5.0E10                   2700                     4581.2262049560495       2760.691361035449        2502.294445801098
0.8596                   1                        1                        1                        1.4000000000000001       0.7142857142857142       5.443520937115348E-13    5.388376305608278E-13    0.25                     5.0E10                   2700                     4581.2262049560495       2760.691361035449        2502.294445801098
0.8596                   1                        1                        1                        1.5000000000000002       0.6666666666666665       5.439421281554313E-13    5.399262771345396E-13    0.25                     5.0E10                   2700                     4581.2262049560495       2760.691361035449        2502.294445801098
0.8596                   1                        1                        1                        1.6                      0.625                    5.390666304633467E-13    5.361592067487893E-13    0.25                     5.0E10                   2700                     4581.2262049560495       2760.691361035449        2502.294445801098
0.8596                   1                        1                        1                        1.7000000000000002       0.588235294117647        5.418283482686096E-13    5.382978152212357E-13    0.25                     5.0E10                   2700                     4581.2262049560495       2760.691361035449        2502.294445801098
0.8596                   1                        1                        1                        1.8000000000000003       0.5555555555555555       5.448624233298993E-13    5.397901555942684E-13    0.25                     5.0E10                   2700                     4581.2262049560495       2760.691361035449        2502.294445801098
0.8596                   1                        1                        1                        1.9000000000000001       0.5263157894736842       5.438302228663497E-13    5.374487345082104E-13    0.25                     5.0E10                   2700                     4581.2262049560495       2760.691361035449        2502.294445801098
0.8596                   1                        1                        1                        2                        0.5                      5.426077942908027E-13    5.357208953928181E-13    0.25                     5.0E10                   2700                     4581.2262049560495       2760.691361035449        2502.294445801098
0.8596                   1                        1                        1                        2.1                      0.47619047619047616      5.430262980413907E-13    5.365989479234636E-13    0.25                     5.0E10                   2700                     4581.2262049560495       2760.691361035449        2502.294445801098
0.8596                   1                        1                        1                        2.2                      0.4545454545454545       5.434676720791937E-13    5.382967089595662E-13    0.25                     5.0E10                   2700                     4581.2262049560495       2760.691361035449        2502.294445801098
0.8596                   1                        1                        1                        2.3000000000000003       0.43478260869565216      5.421721879136695E-13    5.386634066674729E-13    0.25                     5.0E10                   2700                     4581.2262049560495       2760.691361035449        2502.294445801098
0.8596                   1                        1                        1                        2.4000000000000004       0.4166666666666666       5.392669287583738E-13    5.373942810691842E-13    0.25                     5.0E10                   2700                     4581.2262049560495       2760.691361035449        2502.294445801098
0.8596                   1                        1                        1                        2.5000000000000004       0.3999999999999999       5.362064309843879E-13    5.35576218525424E-13     0.25                     5.0E10                   2700                     4581.2262049560495       2760.691361035449        2502.294445801098
0.8596                   1                        1                        1                        2.6                      0.3846153846153846       5.340927770996291E-13    5.34353323575397E-13     0.25                     5.0E10                   2700                     4581.2262049560495       2760.691361035449        2502.294445801098
0.8596                   1                        1                        1                        2.7                      0.37037037037037035      5.335043928636197E-13    5.342549959222349E-13    0.25                     5.0E10                   2700                     4581.2262049560495       2760.691361035449        2502.294445801098
0.8596                   1                        1                        1                        2.8000000000000003       0.3571428571428571       5.342365510743698E-13    5.351579264872093E-13    0.25                     5.0E10                   2700                     4581.2262049560495       2760.691361035449        2502.294445801098
0.8596                   1                        1                        1                        2.9000000000000004       0.3448275862068965       5.357121481067656E-13    5.365764880684232E-13    0.25                     5.0E10                   2700                     4581.2262049560495       2760.691361035449        2502.294445801098
0.8596                   1                        1                        1                        3.0000000000000004       0.33333333333333326      5.373066177004705E-13    5.379647727960933E-13    0.25                     5.0E10                   2700                     4581.2262049560495       2760.691361035449        2502.294445801098
0.8596                   1                        1                        1                        3.1                      0.32258064516129037      5.385501652791353E-13    5.389123450434053E-13    0.25                     5.0E10                   2700                     4581.2262049560495       2760.691361035449        2502.294445801098
0.8596                   1                        1                        1                        3.2                      0.3125                   5.392009081756066E-13    5.392189757136692E-13    0.25                     5.0E10                   2700                     4581.2262049560495       2760.691361035449        2502.294445801098
0.8596                   1                        1                        1                        3.3000000000000003       0.30303030303030304      5.392244032569425E-13    5.388784055153171E-13    0.25                     5.0E10                   2700                     4581.2262049560495       2760.691361035449        2502.294445801098
0.8596                   1                        1                        1                        3.4000000000000004       0.2941176470588235       5.388151092960219E-13    5.381197162854687E-13    0.25                     5.0E10                   2700                     4581.2262049560495       2760.691361035449        2502.294445801098
0.8596                   1                        1                        1                        3.5000000000000004       0.2857142857142857       5.37957345275363E-13     5.369101495879459E-13    0.25                     5.0E10                   2700                     4581.2262049560495       2760.691361035449        2502.294445801098
0.8596                   1                        1                        1                        3.6                      0.2777777777777778       5.369377441550634E-13    5.355609038037386E-13    0.25                     5.0E10                   2700                     4581.2262049560495       2760.691361035449        2502.294445801098
0.8596                   1                        1                        1                        3.7                      0.2702702702702703       5.359109484499739E-13    5.342341209412257E-13    0.25                     5.0E10                   2700                     4581.2262049560495       2760.691361035449        2502.294445801098
0.8596                   1                        1                        1                        3.8000000000000003       0.2631578947368421       5.349886417117946E-13    5.330472534141085E-13    0.25                     5.0E10                   2700                     4581.2262049560495       2760.691361035449        2502.294445801098
0.8596                   1                        1                        1                        3.9000000000000004       0.2564102564102564       5.34237866249952E-13     5.32071652239131E-13     0.25                     5.0E10                   2700                     4581.2262049560495       2760.691361035449        2502.294445801098
0.8596                   1                        1                        1                        4                        0.25                     5.336873047198258E-13    5.313388020121099E-13    0.25                     5.0E10                   2700                     4581.2262049560495       2760.691361035449        2502.294445801098
0.8596                   1                        1                        1                        4.1                      0.24390243902439027      5.333365089269699E-13    5.308496365132717E-13    0.25                     5.0E10                   2700                     4581.2262049560495       2760.691361035449        2502.294445801098
0.8596                   1                        1                        1                        4.2                      0.23809523809523808      5.331654751357359E-13    5.305841662449912E-13    0.25                     5.0E10                   2700                     4581.2262049560495       2760.691361035449        2502.294445801098
0.8596                   1                        1                        1                        4.3                      0.23255813953488372      5.331429722848422E-13    5.305099258057917E-13    0.25                     5.0E10                   2700                     4581.2262049560495       2760.691361035449        2502.294445801098
0.8596                   1                        1                        1                        4.3999999999999995       0.22727272727272732      5.332330747654991E-13    5.305886757864201E-13    0.25                     5.0E10                   2700                     4581.2262049560495       2760.691361035449        2502.294445801098
0.8596                   1                        1                        1                        4.5                      0.22222222222222224      5.333998575493281E-13    5.307813020444494E-13    0.25                     5.0E10                   2700                     4581.2262049560495       2760.691361035449        2502.294445801098
0.8596                   1                        1                        1                        4.6                      0.2173913043478261       5.336105774702421E-13    5.310511849553665E-13    0.25                     5.0E10                   2700                     4581.2262049560495       2760.691361035449        2502.294445801098
0.8596                   1                        1                        1                        4.7                      0.2127659574468085       5.338370124406367E-13    5.313658950977041E-13    0.25                     5.0E10                   2700                     4581.2262049560495       2760.691361035449        2502.294445801098
0.8596                   1                        1                        1                        4.8                      0.20833333333333334      5.340568492648062E-13    5.316985816166909E-13    0.25                     5.0E10                   2700                     4581.2262049560495       2760.691361035449        2502.294445801098
0.8596                   1                        1                        1                        4.9                      0.20408163265306117      5.342533640066707E-13    5.320279751980254E-13    0.25                     5.0E10                   2700                     4581.2262049560495       2760.691361035449        2502.294445801098
0.8596                   1                        1                        1                        5                        0.2                      5.345144692744169E-13    5.324325777478067E-13    0.25                     5.0E10                   2700                     4581.2262049560495       2760.691361035449        2502.294445801098
0.8596                   1                        1                        1                        5.1                      0.19607843137254904      5.346271340070758E-13    5.327054045094145E-13    0.25                     5.0E10                   2700                     4581.2262049560495       2760.691361035449        2502.294445801098
0.8596                   1                        1                        1                        5.2                      0.1923076923076923       5.34696031109147E-13     5.329419489975374E-13    0.25                     5.0E10                   2700                     4581.2262049560495       2760.691361035449        2502.294445801098
0.8596                   1                        1                        1                        5.3                      0.18867924528301888      5.34721294034457E-13     5.331388740171042E-13    0.25                     5.0E10                   2700                     4581.2262049560495       2760.691361035449        2502.294445801098
0.8596                   1                        1                        1                        5.4                      0.18518518518518517      5.347053712300226E-13    5.332955572658442E-13    0.25                     5.0E10                   2700                     4581.2262049560495       2760.691361035449        2502.294445801098
0.8596                   1                        1                        1                        5.5                      0.18181818181818182      5.346523477262888E-13    5.334134267070186E-13    0.25                     5.0E10                   2700                     4581.2262049560495       2760.691361035449        2502.294445801098
0.8596                   1                        1                        1                        5.6                      0.17857142857142858      5.345673633973495E-13    5.334953752790616E-13    0.25                     5.0E10                   2700                     4581.2262049560495       2760.691361035449        2502.294445801098
0.8596                   1                        1                        1                        5.7                      0.17543859649122806      5.344562960415679E-13    5.335454419427159E-13    0.25                     5.0E10                   2700                     4581.2262049560495       2760.691361035449        2502.294445801098
0.8596                   1                        1                        1                        5.8                      0.1724137931034483       5.343247387475843E-13    5.335677075564442E-13    0.25                     5.0E10                   2700                     4581.2262049560495       2760.691361035449        2502.294445801098
0.8596                   1                        1                        1                        5.9                      0.1694915254237288       5.34178668147719E-13     5.335670103852492E-13    0.25                     5.0E10                   2700                     4581.2262049560495       2760.691361035449        2502.294445801098
0.8596                   1                        1                        1                        6                        0.16666666666666666      5.340236013705978E-13    5.335480187290918E-13    0.25                     5.0E10                   2700                     4581.2262049560495       2760.691361035449        2502.294445801098
0.8596                   1                        1                        1                        6.1                      0.16393442622950818      5.338646109450365E-13    5.335152210954681E-13    0.25                     5.0E10                   2700                     4581.2262049560495       2760.691361035449        2502.294445801098
0.8596                   1                        1                        1                        6.2                      0.16129032258064518      5.337062367730447E-13    5.334728024456699E-13    0.25                     5.0E10                   2700                     4581.2262049560495       2760.691361035449        2502.294445801098
0.8596                   1                        1                        1                        6.3                      0.15873015873015872      5.335524409716464E-13    5.334245649362849E-13    0.25                     5.0E10                   2700                     4581.2262049560495       2760.691361035449        2502.294445801098
0.8596                   1                        1                        1                        6.4                      0.15625                  5.334065955949046E-13    5.333738838385309E-13    0.25                     5.0E10                   2700                     4581.2262049560495       2760.691361035449        2502.294445801098
0.8596                   1                        1                        1                        6.5                      0.15384615384615383      5.332714944983109E-13    5.333236903869598E-13    0.25                     5.0E10                   2700                     4581.2262049560495       2760.691361035449        2502.294445801098
0.8596                   1                        1                        1                        6.6                      0.15151515151515152      5.33149382174821E-13     5.33276474608295E-13     0.25                     5.0E10                   2700                     4581.2262049560495       2760.691361035449        2502.294445801098
0.8596                   1                        1                        1                        6.7                      0.1492537313432836       5.330419938572295E-13    5.332343024305299E-13    0.25                     5.0E10                   2700                     4581.2262049560495       2760.691361035449        2502.294445801098
0.8596                   1                        1                        1                        6.8                      0.14705882352941177      5.329506022833333E-13    5.331988424182921E-13    0.25                     5.0E10                   2700                     4581.2262049560495       2760.691361035449        2502.294445801098
0.8596                   1                        1                        1                        6.9                      0.14492753623188404      5.328760676647018E-13    5.3317139851642E-13      0.25                     5.0E10                   2700                     4581.2262049560495       2760.691361035449        2502.294445801098
0.8596                   1                        1                        1                        7                        0.14285714285714285      5.328188883251912E-13    5.33152946021467E-13     0.25                     5.0E10                   2700                     4581.2262049560495       2760.691361035449        2502.294445801098
0.8596                   1                        1                        1                        7.1                      0.14084507042253522      5.327792501186794E-13    5.331441686903892E-13    0.25                     5.0E10                   2700                     4581.2262049560495       2760.691361035449        2502.294445801098
0.8596                   1                        1                        1                        7.2                      0.1388888888888889       5.327570733710726E-13    5.331454954513325E-13    0.25                     5.0E10                   2700                     4581.2262049560495       2760.691361035449        2502.294445801098
0.8596                   1                        1                        1                        7.3                      0.13698630136986303      5.32752056519117E-13     5.331571356717067E-13    0.25                     5.0E10                   2700                     4581.2262049560495       2760.691361035449        2502.294445801098
0.8596                   1                        1                        1                        7.4                      0.13513513513513514      5.327637160245475E-13    5.331791122854577E-13    0.25                     5.0E10                   2700                     4581.2262049560495       2760.691361035449        2502.294445801098
0.8596                   1                        1                        1                        7.5                      0.13333333333333333      5.327914222645576E-13    5.332112923176862E-13    0.25                     5.0E10                   2700                     4581.2262049560495       2760.691361035449        2502.294445801098
0.8596                   1                        1                        1                        7.6                      0.13157894736842105      5.328349252510002E-13    5.332539074048005E-13    0.25                     5.0E10                   2700                     4581.2262049560495       2760.691361035449        2502.294445801098
0.8596                   1                        1                        1                        7.7                      0.12987012987012989      5.328924366399897E-13    5.333056345256457E-13    0.25                     5.0E10                   2700                     4581.2262049560495       2760.691361035449        2502.294445801098
0.8596                   1                        1                        1                        7.8                      0.12820512820512822      5.329635300994394E-13    5.333664944122658E-13    0.25                     5.0E10                   2700                     4581.2262049560495       2760.691361035449        2502.294445801098
0.8596                   1                        1                        1                        7.9                      0.12658227848101267      5.330472732616884E-13    5.334359794210446E-13    0.25                     5.0E10                   2700                     4581.2262049560495       2760.691361035449        2502.294445801098
0.8596                   1                        1                        1                        8                        0.125                    5.331427107953547E-13    5.335135367506371E-13    0.25                     5.0E10                   2700                     4581.2262049560495       2760.691361035449        2502.294445801098
0.8596                   1                        1                        1                        8.1                      0.1234567901234568       5.33248879442629E-13     5.335985828937217E-13    0.25                     5.0E10                   2700                     4581.2262049560495       2760.691361035449        2502.294445801098
0.8596                   1                        1                        1                        8.2                      0.12195121951219513      5.333648204035274E-13    5.336905158732952E-13    0.25                     5.0E10                   2700                     4581.2262049560495       2760.691361035449        2502.294445801098
0.8596                   1                        1                        1                        8.3                      0.12048192771084336      5.334895895587157E-13    5.337887255916556E-13    0.25                     5.0E10                   2700                     4581.2262049560495       2760.691361035449        2502.294445801098
0.8596                   1                        1                        1                        8.4                      0.11904761904761904      5.336222656651199E-13    5.338926024213186E-13    0.25                     5.0E10                   2700                     4581.2262049560495       2760.691361035449        2502.294445801098
0.8596                   1                        1                        1                        8.5                      0.11764705882352941      5.33761956853612E-13     5.340015442708577E-13    0.25                     5.0E10                   2700                     4581.2262049560495       2760.691361035449        2502.294445801098
0.8596                   1                        1                        1                        8.6                      0.11627906976744186      5.33907805627789E-13     5.341149623112228E-13    0.25                     5.0E10                   2700                     4581.2262049560495       2760.691361035449        2502.294445801098
0.8596                   1                        1                        1                        8.7                      0.11494252873563218      5.340589925876424E-13    5.342322855209719E-13    0.25                     5.0E10                   2700                     4581.2262049560495       2760.691361035449        2502.294445801098
0.8596                   1                        1                        1                        8.8                      0.11363636363636362      5.342147390549342E-13    5.343529642162063E-13    0.25                     5.0E10                   2700                     4581.2262049560495       2760.691361035449        2502.294445801098
0.8596                   1                        1                        1                        8.9                      0.11235955056179775      5.343743087859169E-13    5.344764727102277E-13    0.25                     5.0E10                   2700                     4581.2262049560495       2760.691361035449        2502.294445801098
0.8596                   1                        1                        1                        9                        0.11111111111111112      5.345370089396278E-13    5.346023112459724E-13    0.25                     5.0E10                   2700                     4581.2262049560495       2760.691361035449        2502.294445801098
0.8596                   1                        1                        1                        9.1                      0.1098901098901099       5.347021903490811E-13    5.34730007266451E-13     0.25                     5.0E10                   2700                     4581.2262049560495       2760.691361035449        2502.294445801098
0.8596                   1                        1                        1                        9.2                      0.10869565217391305      5.348692473093978E-13    5.348591161778629E-13    0.25                     5.0E10                   2700                     4581.2262049560495       2760.691361035449        2502.294445801098
0.8596                   1                        1                        1                        9.3                      0.10752688172043011      5.350376169553338E-13    5.349892216802687E-13    0.25                     5.0E10                   2700                     4581.2262049560495       2760.691361035449        2502.294445801098
0.8596                   1                        1                        1                        9.4                      0.10638297872340426      5.35206778234387E-13     5.351199357052968E-13    0.25                     5.0E10                   2700                     4581.2262049560495       2760.691361035449        2502.294445801098
0.8596                   1                        1                        1                        9.5                      0.10526315789473685      5.353762507092249E-13    5.352508980986198E-13    0.25                     5.0E10                   2700                     4581.2262049560495       2760.691361035449        2502.294445801098
0.8596                   1                        1                        1                        9.6                      0.10416666666666667      5.355455930410858E-13    5.353817760192268E-13    0.25                     5.0E10                   2700                     4581.2262049560495       2760.691361035449        2502.294445801098
0.8596                   1                        1                        1                        9.700000000000001        0.1030927835051546       5.357144014226071E-13    5.355122631884058E-13    0.25                     5.0E10                   2700                     4581.2262049560495       2760.691361035449        2502.294445801098
0.8596                   1                        1                        1                        9.8                      0.10204081632653059      5.358823078813994E-13    5.356420789923233E-13    0.25                     5.0E10                   2700                     4581.2262049560495       2760.691361035449        2502.294445801098
0.8596                   1                        1                        1                        9.9                      0.101010101010101        5.360489784568598E-13    5.357709674396122E-13    0.25                     5.0E10                   2700                     4581.2262049560495       2760.691361035449        2502.294445801098
0.8596                   1                        1                        1                        10                       0.1                      5.362878565544045E-13    5.359472434526387E-13    0.25                     5.0E10                   2700                     4581.2262049560495       2760.691361035449        2502.294445801098
