0.9464                   1                        1                        1                        0.1                      10                       5.33135166373651E-13     5.331374719796794E-13    0.25                     5.0E10                   2700                     4658.452737197058        2736.3616878034336       2502.294445801098
0.9464                   1                        1                        1                        0.2                      5                        5.334840189020397E-13    5.331487703827945E-13    0.25                     5.0E10                   2700                     4658.452737197058        2736.3616878034336       2502.294445801098
0.9464                   1                        1                        1                        0.30000000000000004      3.3333333333333326       5.366572076658186E-13    5.363073565761782E-13    0.25                     5.0E10                   2700                     4658.452737197058        2736.3616878034336       2502.294445801098
0.9464                   1                        1                        1                        0.4                      2.5                      5.329290582480881E-13    5.331921959197528E-13    0.25                     5.0E10                   2700                     4658.452737197058        2736.3616878034336       2502.294445801098
0.9464                   1                        1                        1                        0.5                      2                        5.331460867545219E-13    5.33189041636407E-13     0.25                     5.0E10                   2700                     4658.452737197058        2736.3616878034336       2502.294445801098
0.9464                   1                        1                        1                        0.6                      1.6666666666666667       5.365294491086247E-13    5.366285135132411E-13    0.25                     5.0E10                   2700                     4658.452737197058        2736.3616878034336       2502.294445801098
0.9464                   1                        1                        1                        0.7000000000000001       1.4285714285714284       5.37257372698744E-13     5.375356972542848E-13    0.25                     5.0E10                   2700                     4658.452737197058        2736.3616878034336       2502.294445801098
0.9464                   1                        1                        1                        0.8                      1.25                     5.345032023010732E-13    5.336192767212431E-13    0.25                     5.0E10                   2700                     4658.452737197058        2736.3616878034336       2502.294445801098
0.9464                   1                        1                        1                        0.9                      1.1111111111111112       5.324817975634848E-13    5.34157983841192E-13     0.25                     5.0E10                   2700                     4658.452737197058        2736.3616878034336       2502.294445801098
0.9464                   1                        1                        1                        1                        1                        5.352465612994602E-13    5.337070073659783E-13    0.25                     5.0E10                   2700                     4658.452737197058        2736.3616878034336       2502.294445801098
0.9464                   1                        1                        1                        1.1                      0.909090909090909        5.361981524861668E-13    5.367398176373857E-13    0.25                     5.0E10                   2700                     4658.452737197058        2736.3616878034336       2502.294445801098
0.9464                   1                        1                        1                        1.2000000000000002       0.8333333333333331       5.36979036361857E-13     5.374061672933486E-13    0.25                     5.0E10                   2700                     4658.452737197058        2736.3616878034336       2502.294445801098
0.9464                   1                        1                        1                        1.3000000000000003       0.769230769230769        5.37985091199027E-13     5.353960101991626E-13    0.25                     5.0E10                   2700                     4658.452737197058        2736.3616878034336       2502.294445801098
0.9464                   1                        1                        1                        1.4000000000000001       0.7142857142857142       5.402242154818469E-13    5.371419244003723E-13    0.25                     5.0E10                   2700                     4658.452737197058        2736.3616878034336       2502.294445801098
0.9464                   1                        1                        1                        1.5000000000000002       0.6666666666666665       5.39303045661855E-13     5.380903469284002E-13    0.25                     5.0E10                   2700                     4658.452737197058        2736.3616878034336       2502.294445801098
0.9464                   1                        1                        1                        1.6                      0.625                    5.345440782177665E-13    5.346263311091699E-13    0.25                     5.0E10                   2700                     4658.452737197058        2736.3616878034336       2502.294445801098
0.9464                   1                        1                        1                        1.7000000000000002       0.588235294117647        5.374589672269003E-13    5.370653662581307E-13    0.25                     5.0E10                   2700                     4658.452737197058        2736.3616878034336       2502.294445801098
0.9464                   1                        1                        1                        1.8000000000000003       0.5555555555555555       5.40548373922263E-13     5.386739680815328E-13    0.25                     5.0E10                   2700                     4658.452737197058        2736.3616878034336       2502.294445801098
0.9464                   1                        1                        1                        1.9000000000000001       0.5263157894736842       5.395550924225302E-13    5.362949792640387E-13    0.25                     5.0E10                   2700                     4658.452737197058        2736.3616878034336       2502.294445801098
0.9464                   1                        1                        1                        2                        0.5                      5.385106593736654E-13    5.345481759579567E-13    0.25                     5.0E10                   2700                     4658.452737197058        2736.3616878034336       2502.294445801098
0.9464                   1                        1                        1                        2.1                      0.47619047619047616      5.393579240483288E-13    5.355688299441586E-13    0.25                     5.0E10                   2700                     4658.452737197058        2736.3616878034336       2502.294445801098
0.9464                   1                        1                        1                        2.2                      0.4545454545454545       5.40446961556307E-13     5.375715896496079E-13    0.25                     5.0E10                   2700                     4658.452737197058        2736.3616878034336       2502.294445801098
0.9464                   1                        1                        1                        2.3000000000000003       0.43478260869565216      5.398595961579229E-13    5.382869281297175E-13    0.25                     5.0E10                   2700                     4658.452737197058        2736.3616878034336       2502.294445801098
0.9464                   1                        1                        1                        2.4000000000000004       0.4166666666666666       5.37547144078319E-13     5.372714624322526E-13    0.25                     5.0E10                   2700                     4658.452737197058        2736.3616878034336       2502.294445801098
0.9464                   1                        1                        1                        2.5000000000000004       0.3999999999999999       5.34867227578932E-13     5.355382730585758E-13    0.25                     5.0E10                   2700                     4658.452737197058        2736.3616878034336       2502.294445801098
0.9464                   1                        1                        1                        2.6                      0.3846153846153846       5.329315346652422E-13    5.34244253154523E-13     0.25                     5.0E10                   2700                     4658.452737197058        2736.3616878034336       2502.294445801098
0.9464                   1                        1                        1                        2.7                      0.37037037037037035      5.323737066135046E-13    5.339709471207648E-13    0.25                     5.0E10                   2700                     4658.452737197058        2736.3616878034336       2502.294445801098
0.9464                   1                        1                        1                        2.8000000000000003       0.3571428571428571       5.330626621023371E-13    5.34660967925895E-13     0.25                     5.0E10                   2700                     4658.452737197058        2736.3616878034336       2502.294445801098
0.9464                   1                        1                        1                        2.9000000000000004       0.3448275862068965       5.344878616392999E-13    5.358877323493524E-13    0.25                     5.0E10                   2700                     4658.452737197058        2736.3616878034336       2502.294445801098
0.9464                   1                        1                        1                        3.0000000000000004       0.33333333333333326      5.360742381540062E-13    5.371489265382198E-13    0.25                     5.0E10                   2700                     4658.452737197058        2736.3616878034336       2502.294445801098
0.9464                   1                        1                        1                        3.1                      0.32258064516129037      5.373813851036775E-13    5.380593691789425E-13    0.25                     5.0E10                   2700                     4658.452737197058        2736.3616878034336       2502.294445801098
0.9464                   1                        1                        1                        3.2                      0.3125                   5.381778607128962E-13    5.384265810132239E-13    0.25                     5.0E10                   2700                     4658.452737197058        2736.3616878034336       2502.294445801098
0.9464                   1                        1                        1                        3.3000000000000003       0.30303030303030304      5.384247339565697E-13    5.382381100488901E-13    0.25                     5.0E10                   2700                     4658.452737197058        2736.3616878034336       2502.294445801098
0.9464                   1                        1                        1                        3.4000000000000004       0.2941176470588235       5.383062674679813E-13    5.377118536272643E-13    0.25                     5.0E10                   2700                     4658.452737197058        2736.3616878034336       2502.294445801098
0.9464                   1                        1                        1                        3.5000000000000004       0.2857142857142857       5.377809268314174E-13    5.367881297112277E-13    0.25                     5.0E10                   2700                     4658.452737197058        2736.3616878034336       2502.294445801098
0.9464                   1                        1                        1                        3.6                      0.2777777777777778       5.371192399851817E-13    5.357615502835031E-13    0.25                     5.0E10                   2700                     4658.452737197058        2736.3616878034336       2502.294445801098
0.9464                   1                        1                        1                        3.7                      0.2702702702702703       5.364585162651207E-13    5.347763240837256E-13    0.25                     5.0E10                   2700                     4658.452737197058        2736.3616878034336       2502.294445801098
0.9464                   1                        1                        1                        3.8000000000000003       0.2631578947368421       5.358959613942436E-13    5.339348261360006E-13    0.25                     5.0E10                   2700                     4658.452737197058        2736.3616878034336       2502.294445801098
0.9464                   1                        1                        1                        3.9000000000000004       0.2564102564102564       5.35487221444977E-13     5.332963918728605E-13    0.25                     5.0E10                   2700                     4658.452737197058        2736.3616878034336       2502.294445801098
0.9464                   1                        1                        1                        4                        0.25                     5.352524632976518E-13    5.328833304863482E-13    0.25                     5.0E10                   2700                     4658.452737197058        2736.3616878034336       2502.294445801098
0.9464                   1                        1                        1                        4.1                      0.24390243902439027      5.351852042919531E-13    5.326898398445185E-13    0.25                     5.0E10                   2700                     4658.452737197058        2736.3616878034336       2502.294445801098
0.9464                   1                        1                        1                        4.2                      0.23809523809523808      5.352614764857961E-13    5.326912210646411E-13    0.25                     5.0E10                   2700                     4658.452737197058        2736.3616878034336       2502.294445801098
0.9464                   1                        1                        1                        4.3                      0.23255813953488372      5.354477836593289E-13    5.328519592625647E-13    0.25                     5.0E10                   2700                     4658.452737197058        2736.3616878034336       2502.294445801098
0.9464                   1                        1                        1                        4.3999999999999995       0.22727272727272732      5.357073210174834E-13    5.331321218076487E-13    0.25                     5.0E10                   2700                     4658.452737197058        2736.3616878034336       2502.294445801098
0.9464                   1                        1                        1                        4.5                      0.22222222222222224      5.360044090424432E-13    5.334920096471668E-13    0.25                     5.0E10                   2700                     4658.452737197058        2736.3616878034336       2502.294445801098
0.9464                   1                        1                        1                        4.6                      0.2173913043478261       5.36307454991006E-13     5.338953210610532E-13    0.25                     5.0E10                   2700                     4658.452737197058        2736.3616878034336       2502.294445801098
0.9464                   1                        1                        1                        4.7                      0.2127659574468085       5.365900898570193E-13    5.343106677736711E-13    0.25                     5.0E10                   2700                     4658.452737197058        2736.3616878034336       2502.294445801098
0.9464                   1                        1                        1                        4.8                      0.20833333333333334      5.368323958503788E-13    5.347128099074496E-13    0.25                     5.0E10                   2700                     4658.452737197058        2736.3616878034336       2502.294445801098
0.9464                   1                        1                        1                        4.9                      0.20408163265306117      5.370204237798145E-13    5.350825160774413E-13    0.25                     5.0E10                   2700                     4658.452737197058        2736.3616878034336       2502.294445801098
0.9464                   1                        1                        1                        5                        0.2                      5.372451332776969E-13    5.355007608933402E-13    0.25                     5.0E10                   2700                     4658.452737197058        2736.3616878034336       2502.294445801098
0.9464                   1                        1                        1                        5.1                      0.19607843137254904      5.37295860495321E-13     5.357620818261366E-13    0.25                     5.0E10                   2700                     4658.452737197058        2736.3616878034336       2502.294445801098
0.9464                   1                        1                        1                        5.2                      0.1923076923076923       5.372812971941385E-13    5.359655755017893E-13    0.25                     5.0E10                   2700                     4658.452737197058        2736.3616878034336       2502.294445801098
0.9464                   1                        1                        1                        5.3                      0.18867924528301888      5.372046640597819E-13    5.361105208557174E-13    0.25                     5.0E10                   2700                     4658.452737197058        2736.3616878034336       2502.294445801098
0.9464                   1                        1                        1                        5.4                      0.18518518518518517      5.370713667506033E-13    5.36198852963003E-13     0.25                     5.0E10                   2700                     4658.452737197058        2736.3616878034336       2502.294445801098
0.9464                   1                        1                        1                        5.5                      0.18181818181818182      5.368882695201512E-13    5.362344474935631E-13    0.25                     5.0E10                   2700                     4658.452737197058        2736.3616878034336       2502.294445801098
0.9464                   1                        1                        1                        5.6                      0.17857142857142858      5.366630808118388E-13    5.362224982627945E-13    0.25                     5.0E10                   2700                     4658.452737197058        2736.3616878034336       2502.294445801098
0.9464                   1                        1                        1                        5.7                      0.17543859649122806      5.36404021274394E-13     5.361691769440603E-13    0.25                     5.0E10                   2700                     4658.452737197058        2736.3616878034336       2502.294445801098
0.9464                   1                        1                        1                        5.8                      0.1724137931034483       5.361187753883591E-13    5.360805001111633E-13    0.25                     5.0E10                   2700                     4658.452737197058        2736.3616878034336       2502.294445801098
0.9464                   1                        1                        1                        5.9                      0.1694915254237288       5.358151860599341E-13    5.359630600566195E-13    0.25                     5.0E10                   2700                     4658.452737197058        2736.3616878034336       2502.294445801098
0.9464                   1                        1                        1                        6                        0.16666666666666666      5.355004013731873E-13    5.358230841883543E-13    0.25                     5.0E10                   2700                     4658.452737197058        2736.3616878034336       2502.294445801098
0.9464                   1                        1                        1                        6.1                      0.16393442622950818      5.351809056464261E-13    5.356664345502322E-13    0.25                     5.0E10                   2700                     4658.452737197058        2736.3616878034336       2502.294445801098
0.9464                   1                        1                        1                        6.2                      0.16129032258064518      5.348624464605996E-13    5.354984935844132E-13    0.25                     5.0E10                   2700                     4658.452737197058        2736.3616878034336       2502.294445801098
0.9464                   1                        1                        1                        6.3                      0.15873015873015872      5.345500064451797E-13    5.353240967928522E-13    0.25                     5.0E10                   2700                     4658.452737197058        2736.3616878034336       2502.294445801098
0.9464                   1                        1                        1                        6.4                      0.15625                  5.342478087943691E-13    5.351475019816335E-13    0.25                     5.0E10                   2700                     4658.452737197058        2736.3616878034336       2502.294445801098
0.9464                   1                        1                        1                        6.5                      0.15384615384615383      5.339593469904217E-13    5.349723860574407E-13    0.25                     5.0E10                   2700                     4658.452737197058        2736.3616878034336       2502.294445801098
0.9464                   1                        1                        1                        6.6                      0.15151515151515152      5.336874309927305E-13    5.348018618367947E-13    0.25                     5.0E10                   2700                     4658.452737197058        2736.3616878034336       2502.294445801098
0.9464                   1                        1                        1                        6.7                      0.1492537313432836       5.334342437917805E-13    5.346385087375962E-13    0.25                     5.0E10                   2700                     4658.452737197058        2736.3616878034336       2502.294445801098
0.9464                   1                        1                        1                        6.8                      0.14705882352941177      5.332014034792213E-13    5.344844124080146E-13    0.25                     5.0E10                   2700                     4658.452737197058        2736.3616878034336       2502.294445801098
0.9464                   1                        1                        1                        6.9                      0.14492753623188404      5.32990027235061E-13     5.343412094870944E-13    0.25                     5.0E10                   2700                     4658.452737197058        2736.3616878034336       2502.294445801098
0.9464                   1                        1                        1                        7                        0.14285714285714285      5.328007946458608E-13    5.342101346134666E-13    0.25                     5.0E10                   2700                     4658.452737197058        2736.3616878034336       2502.294445801098
0.9464                   1                        1                        1                        7.1                      0.14084507042253522      5.326340084697321E-13    5.34092067551281E-13     0.25                     5.0E10                   2700                     4658.452737197058        2736.3616878034336       2502.294445801098
0.9464                   1                        1                        1                        7.2                      0.1388888888888889       5.324896516420951E-13    5.339875789003825E-13    0.25                     5.0E10                   2700                     4658.452737197058        2736.3616878034336       2502.294445801098
0.9464                   1                        1                        1                        7.3                      0.13698630136986303      5.323674397704473E-13    5.338969733825976E-13    0.25                     5.0E10                   2700                     4658.452737197058        2736.3616878034336       2502.294445801098
0.9464                   1                        1                        1                        7.4                      0.13513513513513514      5.322668687888956E-13    5.338203300604063E-13    0.25                     5.0E10                   2700                     4658.452737197058        2736.3616878034336       2502.294445801098
0.9464                   1                        1                        1                        7.5                      0.13333333333333333      5.321872575713474E-13    5.337575390936553E-13    0.25                     5.0E10                   2700                     4658.452737197058        2736.3616878034336       2502.294445801098
0.9464                   1                        1                        1                        7.6                      0.13157894736842105      5.321282825063234E-13    5.337088304988332E-13    0.25                     5.0E10                   2700                     4658.452737197058        2736.3616878034336       2502.294445801098
0.9464                   1                        1                        1                        7.7                      0.12987012987012989      5.320880521726941E-13    5.336728482572373E-13    0.25                     5.0E10                   2700                     4658.452737197058        2736.3616878034336       2502.294445801098
0.9464                   1                        1                        1                        7.8                      0.12820512820512822      5.320660306692975E-13    5.336495701371887E-13    0.25                     5.0E10                   2700                     4658.452737197058        2736.3616878034336       2502.294445801098
0.9464                   1                        1                        1                        7.9                      0.12658227848101267      5.320611606116671E-13    5.336384273895025E-13    0.25                     5.0E10                   2700                     4658.452737197058        2736.3616878034336       2502.294445801098
0.9464                   1                        1                        1                        8                        0.125                    5.320723524644559E-13    5.336387939672822E-13    0.25                     5.0E10                   2700                     4658.452737197058        2736.3616878034336       2502.294445801098
0.9464                   1                        1                        1                        8.1                      0.1234567901234568       5.320985021768067E-13    5.336500035733335E-13    0.25                     5.0E10                   2700                     4658.452737197058        2736.3616878034336       2502.294445801098
0.9464                   1                        1                        1                        8.2                      0.12195121951219513      5.321385057471002E-13    5.336713641080407E-13    0.25                     5.0E10                   2700                     4658.452737197058        2736.3616878034336       2502.294445801098
0.9464                   1                        1                        1                        8.3                      0.12048192771084336      5.321912712668428E-13    5.337021698950423E-13    0.25                     5.0E10                   2700                     4658.452737197058        2736.3616878034336       2502.294445801098
0.9464                   1                        1                        1                        8.4                      0.11904761904761904      5.322557286289486E-13    5.337417118585502E-13    0.25                     5.0E10                   2700                     4658.452737197058        2736.3616878034336       2502.294445801098
0.9464                   1                        1                        1                        8.5                      0.11764705882352941      5.323308372686686E-13    5.337892859228536E-13    0.25                     5.0E10                   2700                     4658.452737197058        2736.3616878034336       2502.294445801098
0.9464                   1                        1                        1                        8.6                      0.11627906976744186      5.324155921824885E-13    5.33844199856598E-13     0.25                     5.0E10                   2700                     4658.452737197058        2736.3616878034336       2502.294445801098
0.9464                   1                        1                        1                        8.7                      0.11494252873563218      5.325090284781516E-13    5.339057787490087E-13    0.25                     5.0E10                   2700                     4658.452737197058        2736.3616878034336       2502.294445801098
0.9464                   1                        1                        1                        8.8                      0.11363636363636362      5.326102246600794E-13    5.339733693086518E-13    0.25                     5.0E10                   2700                     4658.452737197058        2736.3616878034336       2502.294445801098
0.9464                   1                        1                        1                        8.9                      0.11235955056179775      5.32718304866349E-13     5.340463431570995E-13    0.25                     5.0E10                   2700                     4658.452737197058        2736.3616878034336       2502.294445801098
0.9464                   1                        1                        1                        9                        0.11111111111111112      5.328324402402012E-13    5.341240992749689E-13    0.25                     5.0E10                   2700                     4658.452737197058        2736.3616878034336       2502.294445801098
0.9464                   1                        1                        1                        9.1                      0.1098901098901099       5.329518495075704E-13    5.342060656873987E-13    0.25                     5.0E10                   2700                     4658.452737197058        2736.3616878034336       2502.294445801098
0.9464                   1                        1                        1                        9.2                      0.10869565217391305      5.330757989876503E-13    5.342917005564083E-13    0.25                     5.0E10                   2700                     4658.452737197058        2736.3616878034336       2502.294445801098
0.9464                   1                        1                        1                        9.3                      0.10752688172043011      5.332036021235989E-13    5.343804927682637E-13    0.25                     5.0E10                   2700                     4658.452737197058        2736.3616878034336       2502.294445801098
0.9464                   1                        1                        1                        9.4                      0.10638297872340426      5.333346185498036E-13    5.344719620656932E-13    0.25                     5.0E10                   2700                     4658.452737197058        2736.3616878034336       2502.294445801098
0.9464                   1                        1                        1                        9.5                      0.10526315789473685      5.334682529417027E-13    5.345656588749846E-13    0.25                     5.0E10                   2700                     4658.452737197058        2736.3616878034336       2502.294445801098
0.9464                   1                        1                        1                        9.6                      0.10416666666666667      5.336039535065554E-13    5.346611638046485E-13    0.25                     5.0E10                   2700                     4658.452737197058        2736.3616878034336       2502.294445801098
0.9464                   1                        1                        1                        9.700000000000001        0.1030927835051546       5.337412103893546E-13    5.347580869567321E-13    0.25                     5.0E10                   2700                     4658.452737197058        2736.3616878034336       2502.294445801098
0.9464                   1                        1                        1                        9.8                      0.10204081632653059      5.338795539266456E-13    5.348560670639864E-13    0.25                     5.0E10                   2700                     4658.452737197058        2736.3616878034336       2502.294445801098
0.9464                   1                        1                        1                        9.9                      0.101010101010101        5.340185527482232E-13    5.349547704529506E-13    0.25                     5.0E10                   2700                     4658.452737197058        2736.3616878034336       2502.294445801098
0.9464                   1                        1                        1                        10                       0.1                      5.342285479204463E-13    5.350996667915216E-13    0.25                     5.0E10                   2700                     4658.452737197058        2736.3616878034336       2502.294445801098
