1.0324                   1                        1                        1                        0.1                      10                       5.331346987869956E-13    5.331372293143084E-13    0.25                     5.0E10                   2700                     4751.002866404827        2712.879732838301        2502.294445801098
1.0324                   1                        1                        1                        0.2                      5                        5.334824031776163E-13    5.331477385778415E-13    0.25                     5.0E10                   2700                     4751.002866404827        2712.879732838301        2502.294445801098
1.0324                   1                        1                        1                        0.30000000000000004      3.3333333333333326       5.366589777605002E-13    5.3630784336632E-13      0.25                     5.0E10                   2700                     4751.002866404827        2712.879732838301        2502.294445801098
1.0324                   1                        1                        1                        0.4                      2.5                      5.329183950730775E-13    5.331822087176951E-13    0.25                     5.0E10                   2700                     4751.002866404827        2712.879732838301        2502.294445801098
1.0324                   1                        1                        1                        0.5                      2                        5.331597025658056E-13    5.331518602110996E-13    0.25                     5.0E10                   2700                     4751.002866404827        2712.879732838301        2502.294445801098
1.0324                   1                        1                        1                        0.6                      1.6666666666666667       5.365698540294874E-13    5.364943904744638E-13    0.25                     5.0E10                   2700                     4751.002866404827        2712.879732838301        2502.294445801098
1.0324                   1                        1                        1                        0.7000000000000001       1.4285714285714284       5.374339986060882E-13    5.372647559997258E-13    0.25                     5.0E10                   2700                     4751.002866404827        2712.879732838301        2502.294445801098
1.0324                   1                        1                        1                        0.8                      1.25                     5.34618605792213E-13     5.330879671560898E-13    0.25                     5.0E10                   2700                     4751.002866404827        2712.879732838301        2502.294445801098
1.0324                   1                        1                        1                        0.9                      1.1111111111111112       5.323845119992574E-13    5.334758160312613E-13    0.25                     5.0E10                   2700                     4751.002866404827        2712.879732838301        2502.294445801098
1.0324                   1                        1                        1                        1                        1                        5.345522435047249E-13    5.328162718039374E-13    0.25                     5.0E10                   2700                     4751.002866404827        2712.879732838301        2502.294445801098
1.0324                   1                        1                        1                        1.1                      0.909090909090909        5.345930808404236E-13    5.354576461690685E-13    0.25                     5.0E10                   2700                     4751.002866404827        2712.879732838301        2502.294445801098
1.0324                   1                        1                        1                        1.2000000000000002       0.8333333333333331       5.347267205890047E-13    5.361134757859963E-13    0.25                     5.0E10                   2700                     4751.002866404827        2712.879732838301        2502.294445801098
1.0324                   1                        1                        1                        1.3000000000000003       0.769230769230769        5.350934560660104E-13    5.341857873068458E-13    0.25                     5.0E10                   2700                     4751.002866404827        2712.879732838301        2502.294445801098
1.0324                   1                        1                        1                        1.4000000000000001       0.7142857142857142       5.362310990404147E-13    5.354673442303234E-13    0.25                     5.0E10                   2700                     4751.002866404827        2712.879732838301        2502.294445801098
1.0324                   1                        1                        1                        1.5000000000000002       0.6666666666666665       5.347840319246671E-13    5.362748954646295E-13    0.25                     5.0E10                   2700                     4751.002866404827        2712.879732838301        2502.294445801098
1.0324                   1                        1                        1                        1.6                      0.625                    5.301317544990794E-13    5.331189735010627E-13    0.25                     5.0E10                   2700                     4751.002866404827        2712.879732838301        2502.294445801098
1.0324                   1                        1                        1                        1.7000000000000002       0.588235294117647        5.331993123609007E-13    5.358638630905636E-13    0.25                     5.0E10                   2700                     4751.002866404827        2712.879732838301        2502.294445801098
1.0324                   1                        1                        1                        1.8000000000000003       0.5555555555555555       5.363391403532055E-13    5.375854617354122E-13    0.25                     5.0E10                   2700                     4751.002866404827        2712.879732838301        2502.294445801098
1.0324                   1                        1                        1                        1.9000000000000001       0.5263157894736842       5.353755526257579E-13    5.3516261856063E-13      0.25                     5.0E10                   2700                     4751.002866404827        2712.879732838301        2502.294445801098
1.0324                   1                        1                        1                        2                        0.5                      5.344959209669124E-13    5.333910122373853E-13    0.25                     5.0E10                   2700                     4751.002866404827        2712.879732838301        2502.294445801098
1.0324                   1                        1                        1                        2.1                      0.47619047619047616      5.35751145830681E-13     5.345459217309368E-13    0.25                     5.0E10                   2700                     4751.002866404827        2712.879732838301        2502.294445801098
1.0324                   1                        1                        1                        2.2                      0.4545454545454545       5.374601948886394E-13    5.368417678335347E-13    0.25                     5.0E10                   2700                     4751.002866404827        2712.879732838301        2502.294445801098
1.0324                   1                        1                        1                        2.3000000000000003       0.43478260869565216      5.375531142736259E-13    5.378940674252679E-13    0.25                     5.0E10                   2700                     4751.002866404827        2712.879732838301        2502.294445801098
1.0324                   1                        1                        1                        2.4000000000000004       0.4166666666666666       5.358118602005524E-13    5.371252318138525E-13    0.25                     5.0E10                   2700                     4751.002866404827        2712.879732838301        2502.294445801098
1.0324                   1                        1                        1                        2.5000000000000004       0.3999999999999999       5.334991243026315E-13    5.354761052924187E-13    0.25                     5.0E10                   2700                     4751.002866404827        2712.879732838301        2502.294445801098
1.0324                   1                        1                        1                        2.6                      0.3846153846153846       5.317341397862144E-13    5.341147689235647E-13    0.25                     5.0E10                   2700                     4751.002866404827        2712.879732838301        2502.294445801098
1.0324                   1                        1                        1                        2.7                      0.37037037037037035      5.31202586961618E-13     5.336723303325604E-13    0.25                     5.0E10                   2700                     4751.002866404827        2712.879732838301        2502.294445801098
1.0324                   1                        1                        1                        2.8000000000000003       0.3571428571428571       5.318438314026463E-13    5.341544452743322E-13    0.25                     5.0E10                   2700                     4751.002866404827        2712.879732838301        2502.294445801098
1.0324                   1                        1                        1                        2.9000000000000004       0.3448275862068965       5.332114915363981E-13    5.351912073644297E-13    0.25                     5.0E10                   2700                     4751.002866404827        2712.879732838301        2502.294445801098
1.0324                   1                        1                        1                        3.0000000000000004       0.33333333333333326      5.347787441931841E-13    5.363225062531444E-13    0.25                     5.0E10                   2700                     4751.002866404827        2712.879732838301        2502.294445801098
1.0324                   1                        1                        1                        3.1                      0.32258064516129037      5.361345535772756E-13    5.371882084319155E-13    0.25                     5.0E10                   2700                     4751.002866404827        2712.879732838301        2502.294445801098
1.0324                   1                        1                        1                        3.2                      0.3125                   5.370589374717E-13       5.376044471235031E-13    0.25                     5.0E10                   2700                     4751.002866404827        2712.879732838301        2502.294445801098
1.0324                   1                        1                        1                        3.3000000000000003       0.30303030303030304      5.375101050679387E-13    5.375541299821483E-13    0.25                     5.0E10                   2700                     4751.002866404827        2712.879732838301        2502.294445801098
1.0324                   1                        1                        1                        3.4000000000000004       0.2941176470588235       5.376636659188669E-13    5.372455517282209E-13    0.25                     5.0E10                   2700                     4751.002866404827        2712.879732838301        2502.294445801098
1.0324                   1                        1                        1                        3.5000000000000004       0.2857142857142857       5.374541718008502E-13    5.365940858961921E-13    0.25                     5.0E10                   2700                     4751.002866404827        2712.879732838301        2502.294445801098
1.0324                   1                        1                        1                        3.6                      0.2777777777777778       5.371368466033429E-13    5.358787267945192E-13    0.25                     5.0E10                   2700                     4751.002866404827        2712.879732838301        2502.294445801098
1.0324                   1                        1                        1                        3.7                      0.2702702702702703       5.368321790643783E-13    5.352264278261883E-13    0.25                     5.0E10                   2700                     4751.002866404827        2712.879732838301        2502.294445801098
1.0324                   1                        1                        1                        3.8000000000000003       0.2631578947368421       5.366229684890888E-13    5.347247255456207E-13    0.25                     5.0E10                   2700                     4751.002866404827        2712.879732838301        2502.294445801098
1.0324                   1                        1                        1                        3.9000000000000004       0.2564102564102564       5.365532084985069E-13    5.34420838681914E-13     0.25                     5.0E10                   2700                     4751.002866404827        2712.879732838301        2502.294445801098
1.0324                   1                        1                        1                        4                        0.25                     5.366340855458658E-13    5.3432756983994E-13      0.25                     5.0E10                   2700                     4751.002866404827        2712.879732838301        2502.294445801098
1.0324                   1                        1                        1                        4.1                      0.24390243902439027      5.368525118497981E-13    5.344319185081034E-13    0.25                     5.0E10                   2700                     4751.002866404827        2712.879732838301        2502.294445801098
1.0324                   1                        1                        1                        4.2                      0.23809523809523808      5.371799570908616E-13    5.347039605245752E-13    0.25                     5.0E10                   2700                     4751.002866404827        2712.879732838301        2502.294445801098
1.0324                   1                        1                        1                        4.3                      0.23255813953488372      5.37580089076093E-13     5.351046186743349E-13    0.25                     5.0E10                   2700                     4751.002866404827        2712.879732838301        2502.294445801098
1.0324                   1                        1                        1                        4.3999999999999995       0.22727272727272732      5.38014715184141E-13     5.355917950315596E-13    0.25                     5.0E10                   2700                     4751.002866404827        2712.879732838301        2502.294445801098
1.0324                   1                        1                        1                        4.5                      0.22222222222222224      5.384479740134402E-13    5.361247969838084E-13    0.25                     5.0E10                   2700                     4751.002866404827        2712.879732838301        2502.294445801098
1.0324                   1                        1                        1                        4.6                      0.2173913043478261       5.388490846786077E-13    5.36667306683258E-13     0.25                     5.0E10                   2700                     4751.002866404827        2712.879732838301        2502.294445801098
1.0324                   1                        1                        1                        4.7                      0.2127659574468085       5.391932789426054E-13    5.371887196072819E-13    0.25                     5.0E10                   2700                     4751.002866404827        2712.879732838301        2502.294445801098
1.0324                   1                        1                        1                        4.8                      0.20833333333333334      5.394628632984454E-13    5.376652231990931E-13    0.25                     5.0E10                   2700                     4751.002866404827        2712.879732838301        2502.294445801098
1.0324                   1                        1                        1                        4.9                      0.20408163265306117      5.396465616486359E-13    5.380795061643054E-13    0.25                     5.0E10                   2700                     4751.002866404827        2712.879732838301        2502.294445801098
1.0324                   1                        1                        1                        5                        0.2                      5.398383453417964E-13    5.385149906885649E-13    0.25                     5.0E10                   2700                     4751.002866404827        2712.879732838301        2502.294445801098
1.0324                   1                        1                        1                        5.1                      0.19607843137254904      5.39829886014271E-13     5.387676277677638E-13    0.25                     5.0E10                   2700                     4751.002866404827        2712.879732838301        2502.294445801098
1.0324                   1                        1                        1                        5.2                      0.1923076923076923       5.397339538035631E-13    5.389401934351738E-13    0.25                     5.0E10                   2700                     4751.002866404827        2712.879732838301        2502.294445801098
1.0324                   1                        1                        1                        5.3                      0.18867924528301888      5.395569134663835E-13    5.3903462673817E-13      0.25                     5.0E10                   2700                     4751.002866404827        2712.879732838301        2502.294445801098
1.0324                   1                        1                        1                        5.4                      0.18518518518518517      5.393071979974867E-13    5.390554803640365E-13    0.25                     5.0E10                   2700                     4751.002866404827        2712.879732838301        2502.294445801098
1.0324                   1                        1                        1                        5.5                      0.18181818181818182      5.389945271251168E-13    5.3900914712533E-13      0.25                     5.0E10                   2700                     4751.002866404827        2712.879732838301        2502.294445801098
1.0324                   1                        1                        1                        5.6                      0.17857142857142858      5.386292547943042E-13    5.38903194770643E-13     0.25                     5.0E10                   2700                     4751.002866404827        2712.879732838301        2502.294445801098
1.0324                   1                        1                        1                        5.7                      0.17543859649122806      5.382220189491464E-13    5.38746000563939E-13     0.25                     5.0E10                   2700                     4751.002866404827        2712.879732838301        2502.294445801098
1.0324                   1                        1                        1                        5.8                      0.1724137931034483       5.377826619154629E-13    5.385455849538224E-13    0.25                     5.0E10                   2700                     4751.002866404827        2712.879732838301        2502.294445801098
1.0324                   1                        1                        1                        5.9                      0.1694915254237288       5.373209541278849E-13    5.383103580886774E-13    0.25                     5.0E10                   2700                     4751.002866404827        2712.879732838301        2502.294445801098
1.0324                   1                        1                        1                        6                        0.16666666666666666      5.368457271496259E-13    5.380481633392625E-13    0.25                     5.0E10                   2700                     4751.002866404827        2712.879732838301        2502.294445801098
1.0324                   1                        1                        1                        6.1                      0.16393442622950818      5.363649214981131E-13    5.377662860687153E-13    0.25                     5.0E10                   2700                     4751.002866404827        2712.879732838301        2502.294445801098
1.0324                   1                        1                        1                        6.2                      0.16129032258064518      5.358855290700271E-13    5.374713488999467E-13    0.25                     5.0E10                   2700                     4751.002866404827        2712.879732838301        2502.294445801098
1.0324                   1                        1                        1                        6.3                      0.15873015873015872      5.354135824813804E-13    5.371692566060677E-13    0.25                     5.0E10                   2700                     4751.002866404827        2712.879732838301        2502.294445801098
1.0324                   1                        1                        1                        6.4                      0.15625                  5.349541791426879E-13    5.368651791936824E-13    0.25                     5.0E10                   2700                     4751.002866404827        2712.879732838301        2502.294445801098
1.0324                   1                        1                        1                        6.5                      0.15384615384615383      5.345115296715221E-13    5.365635632776543E-13    0.25                     5.0E10                   2700                     4751.002866404827        2712.879732838301        2502.294445801098
1.0324                   1                        1                        1                        6.6                      0.15151515151515152      5.340890222634046E-13    5.362681635466002E-13    0.25                     5.0E10                   2700                     4751.002866404827        2712.879732838301        2502.294445801098
1.0324                   1                        1                        1                        6.7                      0.1492537313432836       5.336892964915119E-13    5.359820877177813E-13    0.25                     5.0E10                   2700                     4751.002866404827        2712.879732838301        2502.294445801098
1.0324                   1                        1                        1                        6.8                      0.14705882352941177      5.333143214068077E-13    5.357078497075877E-13    0.25                     5.0E10                   2700                     4751.002866404827        2712.879732838301        2502.294445801098
1.0324                   1                        1                        1                        6.9                      0.14492753623188404      5.329654741920021E-13    5.354474270085193E-13    0.25                     5.0E10                   2700                     4751.002866404827        2712.879732838301        2502.294445801098
1.0324                   1                        1                        1                        7                        0.14285714285714285      5.326436167232272E-13    5.352023192741097E-13    0.25                     5.0E10                   2700                     4751.002866404827        2712.879732838301        2502.294445801098
1.0324                   1                        1                        1                        7.1                      0.14084507042253522      5.323491681629595E-13    5.349736059355564E-13    0.25                     5.0E10                   2700                     4751.002866404827        2712.879732838301        2502.294445801098
1.0324                   1                        1                        1                        7.2                      0.1388888888888889       5.320821724326273E-13    5.347620013217683E-13    0.25                     5.0E10                   2700                     4751.002866404827        2712.879732838301        2502.294445801098
1.0324                   1                        1                        1                        7.3                      0.13698630136986303      5.318423598943531E-13    5.345679063122375E-13    0.25                     5.0E10                   2700                     4751.002866404827        2712.879732838301        2502.294445801098
1.0324                   1                        1                        1                        7.4                      0.13513513513513514      5.31629203014077E-13     5.343914559399081E-13    0.25                     5.0E10                   2700                     4751.002866404827        2712.879732838301        2502.294445801098
1.0324                   1                        1                        1                        7.5                      0.13333333333333333      5.314419659106659E-13    5.34232562622159E-13     0.25                     5.0E10                   2700                     4751.002866404827        2712.879732838301        2502.294445801098
1.0324                   1                        1                        1                        7.6                      0.13157894736842105      5.312802492906223E-13    5.340914540536724E-13    0.25                     5.0E10                   2700                     4751.002866404827        2712.879732838301        2502.294445801098
1.0324                   1                        1                        1                        7.7                      0.12987012987012989      5.311420526002978E-13    5.339667380837192E-13    0.25                     5.0E10                   2700                     4751.002866404827        2712.879732838301        2502.294445801098
1.0324                   1                        1                        1                        7.8                      0.12820512820512822      5.310267283277413E-13    5.338583482011635E-13    0.25                     5.0E10                   2700                     4751.002866404827        2712.879732838301        2502.294445801098
1.0324                   1                        1                        1                        7.9                      0.12658227848101267      5.309330908736949E-13    5.33765652421613E-13     0.25                     5.0E10                   2700                     4751.002866404827        2712.879732838301        2502.294445801098
1.0324                   1                        1                        1                        8                        0.125                    5.30859913486271E-13     5.336879492651707E-13    0.25                     5.0E10                   2700                     4751.002866404827        2712.879732838301        2502.294445801098
1.0324                   1                        1                        1                        8.1                      0.1234567901234568       5.308059485244279E-13    5.336244874568745E-13    0.25                     5.0E10                   2700                     4751.002866404827        2712.879732838301        2502.294445801098
1.0324                   1                        1                        1                        8.2                      0.12195121951219513      5.307699442214652E-13    5.335744826295202E-13    0.25                     5.0E10                   2700                     4751.002866404827        2712.879732838301        2502.294445801098
1.0324                   1                        1                        1                        8.3                      0.12048192771084336      5.307506585521441E-13    5.335371314551582E-13    0.25                     5.0E10                   2700                     4751.002866404827        2712.879732838301        2502.294445801098
1.0324                   1                        1                        1                        8.4                      0.11904761904761904      5.307468704508608E-13    5.335116234296298E-13    0.25                     5.0E10                   2700                     4751.002866404827        2712.879732838301        2502.294445801098
1.0324                   1                        1                        1                        8.5                      0.11764705882352941      5.307573887902074E-13    5.334971506195039E-13    0.25                     5.0E10                   2700                     4751.002866404827        2712.879732838301        2502.294445801098
1.0324                   1                        1                        1                        8.6                      0.11627906976744186      5.307810594078868E-13    5.334929156304819E-13    0.25                     5.0E10                   2700                     4751.002866404827        2712.879732838301        2502.294445801098
1.0324                   1                        1                        1                        8.7                      0.11494252873563218      5.308167704660787E-13    5.334981380164677E-13    0.25                     5.0E10                   2700                     4751.002866404827        2712.879732838301        2502.294445801098
1.0324                   1                        1                        1                        8.8                      0.11363636363636362      5.308634563848849E-13    5.335120593474961E-13    0.25                     5.0E10                   2700                     4751.002866404827        2712.879732838301        2502.294445801098
1.0324                   1                        1                        1                        8.9                      0.11235955056179775      5.309201005838232E-13    5.335339471320738E-13    0.25                     5.0E10                   2700                     4751.002866404827        2712.879732838301        2502.294445801098
1.0324                   1                        1                        1                        9                        0.11111111111111112      5.309857372422448E-13    5.335630977734897E-13    0.25                     5.0E10                   2700                     4751.002866404827        2712.879732838301        2502.294445801098
1.0324                   1                        1                        1                        9.1                      0.1098901098901099       5.310594521652934E-13    5.335988386627279E-13    0.25                     5.0E10                   2700                     4751.002866404827        2712.879732838301        2502.294445801098
1.0324                   1                        1                        1                        9.2                      0.10869565217391305      5.311403830024222E-13    5.336405295938469E-13    0.25                     5.0E10                   2700                     4751.002866404827        2712.879732838301        2502.294445801098
1.0324                   1                        1                        1                        9.3                      0.10752688172043011      5.312277189157215E-13    5.336875636001699E-13    0.25                     5.0E10                   2700                     4751.002866404827        2712.879732838301        2502.294445801098
1.0324                   1                        1                        1                        9.4                      0.10638297872340426      5.313206997284573E-13    5.337393672750618E-13    0.25                     5.0E10                   2700                     4751.002866404827        2712.879732838301        2502.294445801098
1.0324                   1                        1                        1                        9.5                      0.10526315789473685      5.314186148087257E-13    5.337954007345057E-13    0.25                     5.0E10                   2700                     4751.002866404827        2712.879732838301        2502.294445801098
1.0324                   1                        1                        1                        9.6                      0.10416666666666667      5.315208015556264E-13    5.338551572090213E-13    0.25                     5.0E10                   2700                     4751.002866404827        2712.879732838301        2502.294445801098
1.0324                   1                        1                        1                        9.700000000000001        0.1030927835051546       5.316266437705907E-13    5.339181624125152E-13    0.25                     5.0E10                   2700                     4751.002866404827        2712.879732838301        2502.294445801098
1.0324                   1                        1                        1                        9.8                      0.10204081632653059      5.317355698481058E-13    5.339839737046882E-13    0.25                     5.0E10                   2700                     4751.002866404827        2712.879732838301        2502.294445801098
1.0324                   1                        1                        1                        9.9                      0.101010101010101        5.318470507973029E-13    5.340521790568824E-13    0.25                     5.0E10                   2700                     4751.002866404827        2712.879732838301        2502.294445801098
1.0324                   1                        1                        1                        10                       0.1                      5.320281171837512E-13    5.341652870712302E-13    0.25                     5.0E10                   2700                     4751.002866404827        2712.879732838301        2502.294445801098
