0.8708                   1                        1                        1                        0.1                      10                       5.33136177495988E-13     5.331380522362564E-13    0.25                     5.0E10                   2700                     4590.385882863359        2757.5155441210172       2502.294445801098
0.8708                   1                        1                        1                        0.2                      5                        5.334854847426318E-13    5.33149726929297E-13     0.25                     5.0E10                   2700                     4590.385882863359        2757.5155441210172       2502.294445801098
0.8708                   1                        1                        1                        0.30000000000000004      3.3333333333333326       5.366556576880387E-13    5.363068908467507E-13    0.25                     5.0E10                   2700                     4590.385882863359        2757.5155441210172       2502.294445801098
0.8708                   1                        1                        1                        0.4                      2.5                      5.329384074621863E-13    5.332013377980811E-13    0.25                     5.0E10                   2700                     4590.385882863359        2757.5155441210172       2502.294445801098
0.8708                   1                        1                        1                        0.5                      2                        5.331332046103813E-13    5.332216049038167E-13    0.25                     5.0E10                   2700                     4590.385882863359        2757.5155441210172       2502.294445801098
0.8708                   1                        1                        1                        0.6                      1.6666666666666667       5.364927321828501E-13    5.367479976102916E-13    0.25                     5.0E10                   2700                     4590.385882863359        2757.5155441210172       2502.294445801098
0.8708                   1                        1                        1                        0.7000000000000001       1.4285714285714284       5.370961655223686E-13    5.377744969434281E-13    0.25                     5.0E10                   2700                     4590.385882863359        2757.5155441210172       2502.294445801098
0.8708                   1                        1                        1                        0.8                      1.25                     5.343991783062082E-13    5.34086226476696E-13     0.25                     5.0E10                   2700                     4590.385882863359        2757.5155441210172       2502.294445801098
0.8708                   1                        1                        1                        0.9                      1.1111111111111112       5.32584767582612E-13     5.347649145197682E-13    0.25                     5.0E10                   2700                     4590.385882863359        2757.5155441210172       2502.294445801098
0.8708                   1                        1                        1                        1                        1                        5.358796965907428E-13    5.344853014689275E-13    0.25                     5.0E10                   2700                     4590.385882863359        2757.5155441210172       2502.294445801098
0.8708                   1                        1                        1                        1.1                      0.909090909090909        5.376538988198831E-13    5.378759609990178E-13    0.25                     5.0E10                   2700                     4590.385882863359        2757.5155441210172       2502.294445801098
0.8708                   1                        1                        1                        1.2000000000000002       0.8333333333333331       5.39006922028111E-13     5.385347188346041E-13    0.25                     5.0E10                   2700                     4590.385882863359        2757.5155441210172       2502.294445801098
0.8708                   1                        1                        1                        1.3000000000000003       0.769230769230769        5.405991818850391E-13    5.364568398942836E-13    0.25                     5.0E10                   2700                     4590.385882863359        2757.5155441210172       2502.294445801098
0.8708                   1                        1                        1                        1.4000000000000001       0.7142857142857142       5.438139286877147E-13    5.386185823156002E-13    0.25                     5.0E10                   2700                     4590.385882863359        2757.5155441210172       2502.294445801098
0.8708                   1                        1                        1                        1.5000000000000002       0.6666666666666665       5.433389906311907E-13    5.39689211342344E-13     0.25                     5.0E10                   2700                     4590.385882863359        2757.5155441210172       2502.294445801098
0.8708                   1                        1                        1                        1.6                      0.625                    5.384789699114953E-13    5.359607658395994E-13    0.25                     5.0E10                   2700                     4590.385882863359        2757.5155441210172       2502.294445801098
0.8708                   1                        1                        1                        1.7000000000000002       0.588235294117647        5.412604251836128E-13    5.381376950454843E-13    0.25                     5.0E10                   2700                     4590.385882863359        2757.5155441210172       2502.294445801098
0.8708                   1                        1                        1                        1.8000000000000003       0.5555555555555555       5.44301932005269E-13     5.396451865920325E-13    0.25                     5.0E10                   2700                     4590.385882863359        2757.5155441210172       2502.294445801098
0.8708                   1                        1                        1                        1.9000000000000001       0.5263157894736842       5.432752719274174E-13    5.372992881504241E-13    0.25                     5.0E10                   2700                     4590.385882863359        2757.5155441210172       2502.294445801098
0.8708                   1                        1                        1                        2                        0.5                      5.420764685173899E-13    5.355693211316314E-13    0.25                     5.0E10                   2700                     4590.385882863359        2757.5155441210172       2502.294445801098
0.8708                   1                        1                        1                        2.1                      0.47619047619047616      5.425512701927736E-13    5.364661640648316E-13    0.25                     5.0E10                   2700                     4590.385882863359        2757.5155441210172       2502.294445801098
0.8708                   1                        1                        1                        2.2                      0.4545454545454545       5.430774784183643E-13    5.382038083734024E-13    0.25                     5.0E10                   2700                     4590.385882863359        2757.5155441210172       2502.294445801098
0.8708                   1                        1                        1                        2.3000000000000003       0.43478260869565216      5.418746036189312E-13    5.386159924647971E-13    0.25                     5.0E10                   2700                     4590.385882863359        2757.5155441210172       2502.294445801098
0.8708                   1                        1                        1                        2.4000000000000004       0.4166666666666666       5.390467618952918E-13    5.373798769848471E-13    0.25                     5.0E10                   2700                     4590.385882863359        2757.5155441210172       2502.294445801098
0.8708                   1                        1                        1                        2.5000000000000004       0.3999999999999999       5.360359219089296E-13    5.355727694569167E-13    0.25                     5.0E10                   2700                     4590.385882863359        2757.5155441210172       2502.294445801098
0.8708                   1                        1                        1                        2.6                      0.3846153846153846       5.339455257513376E-13    5.343405109987381E-13    0.25                     5.0E10                   2700                     4590.385882863359        2757.5155441210172       2502.294445801098
0.8708                   1                        1                        1                        2.7                      0.37037037037037035      5.333612841588186E-13    5.342193540018419E-13    0.25                     5.0E10                   2700                     4590.385882863359        2757.5155441210172       2502.294445801098
0.8708                   1                        1                        1                        2.8000000000000003       0.3571428571428571       5.340881231425327E-13    5.350946299320494E-13    0.25                     5.0E10                   2700                     4590.385882863359        2757.5155441210172       2502.294445801098
0.8708                   1                        1                        1                        2.9000000000000004       0.3448275862068965       5.355576344862271E-13    5.364884380982245E-13    0.25                     5.0E10                   2700                     4590.385882863359        2757.5155441210172       2502.294445801098
0.8708                   1                        1                        1                        3.0000000000000004       0.33333333333333326      5.371516856872615E-13    5.378605538822872E-13    0.25                     5.0E10                   2700                     4590.385882863359        2757.5155441210172       2502.294445801098
0.8708                   1                        1                        1                        3.1                      0.32258064516129037      5.384042578693836E-13    5.3880379789875E-13      0.25                     5.0E10                   2700                     4590.385882863359        2757.5155441210172       2502.294445801098
0.8708                   1                        1                        1                        3.2                      0.3125                   5.39074748059782E-13     5.391188846802014E-13    0.25                     5.0E10                   2700                     4590.385882863359        2757.5155441210172       2502.294445801098
0.8708                   1                        1                        1                        3.3000000000000003       0.30303030303030304      5.391280391077557E-13    5.387986666925144E-13    0.25                     5.0E10                   2700                     4590.385882863359        2757.5155441210172       2502.294445801098
0.8708                   1                        1                        1                        3.4000000000000004       0.2941176470588235       5.387571880411517E-13    5.380706950976859E-13    0.25                     5.0E10                   2700                     4590.385882863359        2757.5155441210172       2502.294445801098
0.8708                   1                        1                        1                        3.5000000000000004       0.2857142857142857       5.379430792060687E-13    5.368986366712489E-13    0.25                     5.0E10                   2700                     4590.385882863359        2757.5155441210172       2502.294445801098
0.8708                   1                        1                        1                        3.6                      0.2777777777777778       5.369702305125022E-13    5.355915031771413E-13    0.25                     5.0E10                   2700                     4590.385882863359        2757.5155441210172       2502.294445801098
0.8708                   1                        1                        1                        3.7                      0.2702702702702703       5.359910292778265E-13    5.343090945759387E-13    0.25                     5.0E10                   2700                     4590.385882863359        2757.5155441210172       2502.294445801098
0.8708                   1                        1                        1                        3.8000000000000003       0.2631578947368421       5.351152965418261E-13    5.331669139185383E-13    0.25                     5.0E10                   2700                     4590.385882863359        2757.5155441210172       2502.294445801098
0.8708                   1                        1                        1                        3.9000000000000004       0.2564102564102564       5.344086268129697E-13    5.322347758080636E-13    0.25                     5.0E10                   2700                     4590.385882863359        2757.5155441210172       2502.294445801098
0.8708                   1                        1                        1                        4                        0.25                     5.338986366233196E-13    5.315430062467751E-13    0.25                     5.0E10                   2700                     4590.385882863359        2757.5155441210172       2502.294445801098
0.8708                   1                        1                        1                        4.1                      0.24390243902439027      5.335841360214078E-13    5.310917009268397E-13    0.25                     5.0E10                   2700                     4590.385882863359        2757.5155441210172       2502.294445801098
0.8708                   1                        1                        1                        4.2                      0.23809523809523808      5.334446465641665E-13    5.308602952205411E-13    0.25                     5.0E10                   2700                     4590.385882863359        2757.5155441210172       2502.294445801098
0.8708                   1                        1                        1                        4.3                      0.23255813953488372      5.334486787783228E-13    5.308159612764565E-13    0.25                     5.0E10                   2700                     4590.385882863359        2757.5155441210172       2502.294445801098
0.8708                   1                        1                        1                        4.3999999999999995       0.22727272727272732      5.335602228498226E-13    5.309202688544405E-13    0.25                     5.0E10                   2700                     4590.385882863359        2757.5155441210172       2502.294445801098
0.8708                   1                        1                        1                        4.5                      0.22222222222222224      5.337434092172859E-13    5.31134051564565E-13     0.25                     5.0E10                   2700                     4590.385882863359        2757.5155441210172       2502.294445801098
0.8708                   1                        1                        1                        4.6                      0.2173913043478261       5.339656612978064E-13    5.314207491830464E-13    0.25                     5.0E10                   2700                     4590.385882863359        2757.5155441210172       2502.294445801098
0.8708                   1                        1                        1                        4.7                      0.2127659574468085       5.341990089517614E-13    5.317480802381802E-13    0.25                     5.0E10                   2700                     4590.385882863359        2757.5155441210172       2502.294445801098
0.8708                   1                        1                        1                        4.8                      0.20833333333333334      5.344214560457116E-13    5.320894108870745E-13    0.25                     5.0E10                   2700                     4590.385882863359        2757.5155441210172       2502.294445801098
0.8708                   1                        1                        1                        4.9                      0.20408163265306117      5.346166405811994E-13    5.324237400207441E-13    0.25                     5.0E10                   2700                     4590.385882863359        2757.5155441210172       2502.294445801098
0.8708                   1                        1                        1                        5                        0.2                      5.348728682185391E-13    5.328298883355558E-13    0.25                     5.0E10                   2700                     4590.385882863359        2757.5155441210172       2502.294445801098
0.8708                   1                        1                        1                        5.1                      0.19607843137254904      5.349774140669855E-13    5.33101072856239E-13     0.25                     5.0E10                   2700                     4590.385882863359        2757.5155441210172       2502.294445801098
0.8708                   1                        1                        1                        5.2                      0.1923076923076923       5.35035463754115E-13     5.333332455858163E-13    0.25                     5.0E10                   2700                     4590.385882863359        2757.5155441210172       2502.294445801098
0.8708                   1                        1                        1                        5.3                      0.18867924528301888      5.350475441688408E-13    5.335234029778069E-13    0.25                     5.0E10                   2700                     4590.385882863359        2757.5155441210172       2502.294445801098
0.8708                   1                        1                        1                        5.4                      0.18518518518518517      5.350164797738192E-13    5.336712479574409E-13    0.25                     5.0E10                   2700                     4590.385882863359        2757.5155441210172       2502.294445801098
0.8708                   1                        1                        1                        5.5                      0.18181818181818182      5.349467084344036E-13    5.337785191394933E-13    0.25                     5.0E10                   2700                     4590.385882863359        2757.5155441210172       2502.294445801098
0.8708                   1                        1                        1                        5.6                      0.17857142857142858      5.348436957734688E-13    5.338484010641028E-13    0.25                     5.0E10                   2700                     4590.385882863359        2757.5155441210172       2502.294445801098
0.8708                   1                        1                        1                        5.7                      0.17543859649122806      5.347136164853424E-13    5.33885202706907E-13     0.25                     5.0E10                   2700                     4590.385882863359        2757.5155441210172       2502.294445801098
0.8708                   1                        1                        1                        5.8                      0.1724137931034483       5.345623286959114E-13    5.33893249898622E-13     0.25                     5.0E10                   2700                     4590.385882863359        2757.5155441210172       2502.294445801098
0.8708                   1                        1                        1                        5.9                      0.1694915254237288       5.343960454422097E-13    5.338776027716052E-13    0.25                     5.0E10                   2700                     4590.385882863359        2757.5155441210172       2502.294445801098
0.8708                   1                        1                        1                        6                        0.16666666666666666      5.342204905067538E-13    5.338431268343654E-13    0.25                     5.0E10                   2700                     4590.385882863359        2757.5155441210172       2502.294445801098
0.8708                   1                        1                        1                        6.1                      0.16393442622950818      5.340409153613863E-13    5.337944843481587E-13    0.25                     5.0E10                   2700                     4590.385882863359        2757.5155441210172       2502.294445801098
0.8708                   1                        1                        1                        6.2                      0.16129032258064518      5.338620130548741E-13    5.337360117956265E-13    0.25                     5.0E10                   2700                     4590.385882863359        2757.5155441210172       2502.294445801098
0.8708                   1                        1                        1                        6.3                      0.15873015873015872      5.336878751979073E-13    5.33671642136715E-13     0.25                     5.0E10                   2700                     4590.385882863359        2757.5155441210172       2502.294445801098
0.8708                   1                        1                        1                        6.4                      0.15625                  5.335219819285802E-13    5.336048624109313E-13    0.25                     5.0E10                   2700                     4590.385882863359        2757.5155441210172       2502.294445801098
0.8708                   1                        1                        1                        6.5                      0.15384615384615383      5.333672160259885E-13    5.335386983441897E-13    0.25                     5.0E10                   2700                     4590.385882863359        2757.5155441210172       2502.294445801098
0.8708                   1                        1                        1                        6.6                      0.15151515151515152      5.332258939299912E-13    5.334757189365332E-13    0.25                     5.0E10                   2700                     4590.385882863359        2757.5155441210172       2502.294445801098
0.8708                   1                        1                        1                        6.7                      0.1492537313432836       5.330998079139725E-13    5.334180552794091E-13    0.25                     5.0E10                   2700                     4590.385882863359        2757.5155441210172       2502.294445801098
0.8708                   1                        1                        1                        6.8                      0.14705882352941177      5.329902747761786E-13    5.333674289120582E-13    0.25                     5.0E10                   2700                     4590.385882863359        2757.5155441210172       2502.294445801098
0.8708                   1                        1                        1                        6.9                      0.14492753623188404      5.328981875744639E-13    5.333251860765623E-13    0.25                     5.0E10                   2700                     4590.385882863359        2757.5155441210172       2502.294445801098
0.8708                   1                        1                        1                        7                        0.14285714285714285      5.328240678624628E-13    5.332923350779964E-13    0.25                     5.0E10                   2700                     4590.385882863359        2757.5155441210172       2502.294445801098
0.8708                   1                        1                        1                        7.1                      0.14084507042253522      5.327681165392384E-13    5.332695846541024E-13    0.25                     5.0E10                   2700                     4590.385882863359        2757.5155441210172       2502.294445801098
0.8708                   1                        1                        1                        7.2                      0.1388888888888889       5.327302620617418E-13    5.332573818202945E-13    0.25                     5.0E10                   2700                     4590.385882863359        2757.5155441210172       2502.294445801098
0.8708                   1                        1                        1                        7.3                      0.13698630136986303      5.327102052036531E-13    5.332559481488541E-13    0.25                     5.0E10                   2700                     4590.385882863359        2757.5155441210172       2502.294445801098
0.8708                   1                        1                        1                        7.4                      0.13513513513513514      5.327074599489768E-13    5.332653137911527E-13    0.25                     5.0E10                   2700                     4590.385882863359        2757.5155441210172       2502.294445801098
0.8708                   1                        1                        1                        7.5                      0.13333333333333333      5.327213902345296E-13    5.332853487899947E-13    0.25                     5.0E10                   2700                     4590.385882863359        2757.5155441210172       2502.294445801098
0.8708                   1                        1                        1                        7.6                      0.13157894736842105      5.32751736728365E-13     5.333162846099489E-13    0.25                     5.0E10                   2700                     4590.385882863359        2757.5155441210172       2502.294445801098
0.8708                   1                        1                        1                        7.7                      0.12987012987012989      5.327966981659282E-13    5.333567941568649E-13    0.25                     5.0E10                   2700                     4590.385882863359        2757.5155441210172       2502.294445801098
0.8708                   1                        1                        1                        7.8                      0.12820512820512822      5.328558342509542E-13    5.334068927121049E-13    0.25                     5.0E10                   2700                     4590.385882863359        2757.5155441210172       2502.294445801098
0.8708                   1                        1                        1                        7.9                      0.12658227848101267      5.329281967282449E-13    5.334660648950147E-13    0.25                     5.0E10                   2700                     4590.385882863359        2757.5155441210172       2502.294445801098
0.8708                   1                        1                        1                        8                        0.125                    5.330128131864945E-13    5.335337486096325E-13    0.25                     5.0E10                   2700                     4590.385882863359        2757.5155441210172       2502.294445801098
0.8708                   1                        1                        1                        8.1                      0.1234567901234568       5.331087024310991E-13    5.336093498284873E-13    0.25                     5.0E10                   2700                     4590.385882863359        2757.5155441210172       2502.294445801098
0.8708                   1                        1                        1                        8.2                      0.12195121951219513      5.332148871440722E-13    5.33692255109002E-13     0.25                     5.0E10                   2700                     4590.385882863359        2757.5155441210172       2502.294445801098
0.8708                   1                        1                        1                        8.3                      0.12048192771084336      5.333304043433609E-13    5.337818421832814E-13    0.25                     5.0E10                   2700                     4590.385882863359        2757.5155441210172       2502.294445801098
0.8708                   1                        1                        1                        8.4                      0.11904761904761904      5.334543137730163E-13    5.338774887519988E-13    0.25                     5.0E10                   2700                     4590.385882863359        2757.5155441210172       2502.294445801098
0.8708                   1                        1                        1                        8.5                      0.11764705882352941      5.335857045584944E-13    5.339785797189814E-13    0.25                     5.0E10                   2700                     4590.385882863359        2757.5155441210172       2502.294445801098
0.8708                   1                        1                        1                        8.6                      0.11627906976744186      5.337237003401539E-13    5.340845130630421E-13    0.25                     5.0E10                   2700                     4590.385882863359        2757.5155441210172       2502.294445801098
0.8708                   1                        1                        1                        8.7                      0.11494252873563218      5.338674631015603E-13    5.341947045012579E-13    0.25                     5.0E10                   2700                     4590.385882863359        2757.5155441210172       2502.294445801098
0.8708                   1                        1                        1                        8.8                      0.11363636363636362      5.340161958817116E-13    5.343085911179492E-13    0.25                     5.0E10                   2700                     4590.385882863359        2757.5155441210172       2502.294445801098
0.8708                   1                        1                        1                        8.9                      0.11235955056179775      5.341691445563074E-13    5.344256341069076E-13    0.25                     5.0E10                   2700                     4590.385882863359        2757.5155441210172       2502.294445801098
0.8708                   1                        1                        1                        9                        0.11111111111111112      5.343255988577232E-13    5.345453207690434E-13    0.25                     5.0E10                   2700                     4590.385882863359        2757.5155441210172       2502.294445801098
0.8708                   1                        1                        1                        9.1                      0.1098901098901099       5.344848926873777E-13    5.346671658368283E-13    0.25                     5.0E10                   2700                     4590.385882863359        2757.5155441210172       2502.294445801098
0.8708                   1                        1                        1                        9.2                      0.10869565217391305      5.346464039327641E-13    5.347907122804182E-13    0.25                     5.0E10                   2700                     4590.385882863359        2757.5155441210172       2502.294445801098
0.8708                   1                        1                        1                        9.3                      0.10752688172043011      5.348095538659179E-13    5.349155316715096E-13    0.25                     5.0E10                   2700                     4590.385882863359        2757.5155441210172       2502.294445801098
0.8708                   1                        1                        1                        9.4                      0.10638297872340426      5.349738061288691E-13    5.350412241459621E-13    0.25                     5.0E10                   2700                     4590.385882863359        2757.5155441210172       2502.294445801098
0.8708                   1                        1                        1                        9.5                      0.10526315789473685      5.351386655435407E-13    5.351674181062851E-13    0.25                     5.0E10                   2700                     4590.385882863359        2757.5155441210172       2502.294445801098
0.8708                   1                        1                        1                        9.6                      0.10416666666666667      5.353036765958019E-13    5.352937696328975E-13    0.25                     5.0E10                   2700                     4590.385882863359        2757.5155441210172       2502.294445801098
0.8708                   1                        1                        1                        9.700000000000001        0.1030927835051546       5.354684218665472E-13    5.35419961742589E-13     0.25                     5.0E10                   2700                     4590.385882863359        2757.5155441210172       2502.294445801098
0.8708                   1                        1                        1                        9.8                      0.10204081632653059      5.356325203285592E-13    5.355457034951646E-13    0.25                     5.0E10                   2700                     4590.385882863359        2757.5155441210172       2502.294445801098
0.8708                   1                        1                        1                        9.9                      0.101010101010101        5.357956255145759E-13    5.356707289522545E-13    0.25                     5.0E10                   2700                     4590.385882863359        2757.5155441210172       2502.294445801098
0.8708                   1                        1                        1                        10                       0.1                      5.360307926687314E-13    5.358429932015098E-13    0.25                     5.0E10                   2700                     4590.385882863359        2757.5155441210172       2502.294445801098
