1.1204                   1                        1                        1                        0.1                      10                       5.331352181532272E-13    5.331376252371357E-13    0.25                     5.0E10                   2700                     4866.1965396893465       2689.46671295794         2502.294445801098
1.1204                   1                        1                        1                        0.2                      5                        5.334809648409756E-13    5.331468428183414E-13    0.25                     5.0E10                   2700                     4866.1965396893465       2689.46671295794         2502.294445801098
1.1204                   1                        1                        1                        0.30000000000000004      3.3333333333333326       5.366603606468048E-13    5.363080720955544E-13    0.25                     5.0E10                   2700                     4866.1965396893465       2689.46671295794         2502.294445801098
1.1204                   1                        1                        1                        0.4                      2.5                      5.32907552549305E-13     5.331725493156004E-13    0.25                     5.0E10                   2700                     4866.1965396893465       2689.46671295794         2502.294445801098
1.1204                   1                        1                        1                        0.5                      2                        5.331722754304212E-13    5.331134160580394E-13    0.25                     5.0E10                   2700                     4866.1965396893465       2689.46671295794         2502.294445801098
1.1204                   1                        1                        1                        0.6                      1.6666666666666667       5.366108331492053E-13    5.363599019445014E-13    0.25                     5.0E10                   2700                     4866.1965396893465       2689.46671295794         2502.294445801098
1.1204                   1                        1                        1                        0.7000000000000001       1.4285714285714284       5.376081084622394E-13    5.369888414817954E-13    0.25                     5.0E10                   2700                     4866.1965396893465       2689.46671295794         2502.294445801098
1.1204                   1                        1                        1                        0.8                      1.25                     5.347314357053438E-13    5.32544912507711E-13     0.25                     5.0E10                   2700                     4866.1965396893465       2689.46671295794         2502.294445801098
1.1204                   1                        1                        1                        0.9                      1.1111111111111112       5.323035150803998E-13    5.327878648943349E-13    0.25                     5.0E10                   2700                     4866.1965396893465       2689.46671295794         2502.294445801098
1.1204                   1                        1                        1                        1                        1                        5.338681740789314E-13    5.318993835024684E-13    0.25                     5.0E10                   2700                     4866.1965396893465       2689.46671295794         2502.294445801098
1.1204                   1                        1                        1                        1.1                      0.909090909090909        5.330114492370377E-13    5.341598549606976E-13    0.25                     5.0E10                   2700                     4866.1965396893465       2689.46671295794         2502.294445801098
1.1204                   1                        1                        1                        1.2000000000000002       0.8333333333333331       5.324869350429375E-13    5.347813901541717E-13    0.25                     5.0E10                   2700                     4866.1965396893465       2689.46671295794         2502.294445801098
1.1204                   1                        1                        1                        1.3000000000000003       0.769230769230769        5.322262849402098E-13    5.329438050184094E-13    0.25                     5.0E10                   2700                     4866.1965396893465       2689.46671295794         2502.294445801098
1.1204                   1                        1                        1                        1.4000000000000001       0.7142857142857142       5.322430900565525E-13    5.337615218511255E-13    0.25                     5.0E10                   2700                     4866.1965396893465       2689.46671295794         2502.294445801098
1.1204                   1                        1                        1                        1.5000000000000002       0.6666666666666665       5.302344196549501E-13    5.344219504424406E-13    0.25                     5.0E10                   2700                     4866.1965396893465       2689.46671295794         2502.294445801098
1.1204                   1                        1                        1                        1.6                      0.625                    5.25680682520908E-13     5.315883546143917E-13    0.25                     5.0E10                   2700                     4866.1965396893465       2689.46671295794         2502.294445801098
1.1204                   1                        1                        1                        1.7000000000000002       0.588235294117647        5.289062559537791E-13    5.346552357783052E-13    0.25                     5.0E10                   2700                     4866.1965396893465       2689.46671295794         2502.294445801098
1.1204                   1                        1                        1                        1.8000000000000003       0.5555555555555555       5.320944979078207E-13    5.364908926490934E-13    0.25                     5.0E10                   2700                     4866.1965396893465       2689.46671295794         2502.294445801098
1.1204                   1                        1                        1                        1.9000000000000001       0.5263157894736842       5.311526967682265E-13    5.340161525356194E-13    0.25                     5.0E10                   2700                     4866.1965396893465       2689.46671295794         2502.294445801098
1.1204                   1                        1                        1                        2                        0.5                      5.304298610254107E-13    5.322123208172904E-13    0.25                     5.0E10                   2700                     4866.1965396893465       2689.46671295794         2502.294445801098
1.1204                   1                        1                        1                        2.1                      0.47619047619047616      5.320855370320618E-13    5.334970484624676E-13    0.25                     5.0E10                   2700                     4866.1965396893465       2689.46671295794         2502.294445801098
1.1204                   1                        1                        1                        2.2                      0.4545454545454545       5.344074089643559E-13    5.36083669809258E-13     0.25                     5.0E10                   2700                     4866.1965396893465       2689.46671295794         2502.294445801098
1.1204                   1                        1                        1                        2.3000000000000003       0.43478260869565216      5.351750898022526E-13    5.374725368438706E-13    0.25                     5.0E10                   2700                     4866.1965396893465       2689.46671295794         2502.294445801098
1.1204                   1                        1                        1                        2.4000000000000004       0.4166666666666666       5.340017854222946E-13    5.369515899393471E-13    0.25                     5.0E10                   2700                     4866.1965396893465       2689.46671295794         2502.294445801098
1.1204                   1                        1                        1                        2.5000000000000004       0.3999999999999999       5.320541598281749E-13    5.353885256862627E-13    0.25                     5.0E10                   2700                     4866.1965396893465       2689.46671295794         2502.294445801098
1.1204                   1                        1                        1                        2.6                      0.3846153846153846       5.304573479015182E-13    5.339613877813251E-13    0.25                     5.0E10                   2700                     4866.1965396893465       2689.46671295794         2502.294445801098
1.1204                   1                        1                        1                        2.7                      0.37037037037037035      5.299477614766772E-13    5.333499612553941E-13    0.25                     5.0E10                   2700                     4866.1965396893465       2689.46671295794         2502.294445801098
1.1204                   1                        1                        1                        2.8000000000000003       0.3571428571428571       5.305344462344837E-13    5.336222127292006E-13    0.25                     5.0E10                   2700                     4866.1965396893465       2689.46671295794         2502.294445801098
1.1204                   1                        1                        1                        2.9000000000000004       0.3448275862068965       5.318349436806012E-13    5.344644696814074E-13    0.25                     5.0E10                   2700                     4866.1965396893465       2689.46671295794         2502.294445801098
1.1204                   1                        1                        1                        3.0000000000000004       0.33333333333333326      5.333710065488979E-13    5.354588443107558E-13    0.25                     5.0E10                   2700                     4866.1965396893465       2689.46671295794         2502.294445801098
1.1204                   1                        1                        1                        3.1                      0.32258064516129037      5.347618607659451E-13    5.36270838756969E-13     0.25                     5.0E10                   2700                     4866.1965396893465       2689.46671295794         2502.294445801098
1.1204                   1                        1                        1                        3.2                      0.3125                   5.358002849905084E-13    5.367262755939884E-13    0.25                     5.0E10                   2700                     4866.1965396893465       2689.46671295794         2502.294445801098
1.1204                   1                        1                        1                        3.3000000000000003       0.30303030303030304      5.364430670277923E-13    5.368047429276382E-13    0.25                     5.0E10                   2700                     4866.1965396893465       2689.46671295794         2502.294445801098
1.1204                   1                        1                        1                        3.4000000000000004       0.2941176470588235       5.368583511834204E-13    5.367061399505001E-13    0.25                     5.0E10                   2700                     4866.1965396893465       2689.46671295794         2502.294445801098
1.1204                   1                        1                        1                        3.5000000000000004       0.2857142857142857       5.369579176929022E-13    5.363220347628722E-13    0.25                     5.0E10                   2700                     4866.1965396893465       2689.46671295794         2502.294445801098
1.1204                   1                        1                        1                        3.6                      0.2777777777777778       5.36982004465525E-13     5.359162793760955E-13    0.25                     5.0E10                   2700                     4866.1965396893465       2689.46671295794         2502.294445801098
1.1204                   1                        1                        1                        3.7                      0.2702702702702703       5.370342903206642E-13    5.355987279148773E-13    0.25                     5.0E10                   2700                     4866.1965396893465       2689.46671295794         2502.294445801098
1.1204                   1                        1                        1                        3.8000000000000003       0.2631578947368421       5.371828271714528E-13    5.354418858821685E-13    0.25                     5.0E10                   2700                     4866.1965396893465       2689.46671295794         2502.294445801098
1.1204                   1                        1                        1                        3.9000000000000004       0.2564102564102564       5.374593736270751E-13    5.354804094028138E-13    0.25                     5.0E10                   2700                     4866.1965396893465       2689.46671295794         2502.294445801098
1.1204                   1                        1                        1                        4                        0.25                     5.378654189667069E-13    5.357169926443081E-13    0.25                     5.0E10                   2700                     4866.1965396893465       2689.46671295794         2502.294445801098
1.1204                   1                        1                        1                        4.1                      0.24390243902439027      5.383805083448134E-13    5.36130763796829E-13     0.25                     5.0E10                   2700                     4866.1965396893465       2689.46671295794         2502.294445801098
1.1204                   1                        1                        1                        4.2                      0.23809523809523808      5.389708099387281E-13    5.3668589621068E-13      0.25                     5.0E10                   2700                     4866.1965396893465       2689.46671295794         2502.294445801098
1.1204                   1                        1                        1                        4.3                      0.23255813953488372      5.395964867003083E-13    5.37339117538305E-13     0.25                     5.0E10                   2700                     4866.1965396893465       2689.46671295794         2502.294445801098
1.1204                   1                        1                        1                        4.3999999999999995       0.22727272727272732      5.402173893022263E-13    5.380456087884343E-13    0.25                     5.0E10                   2700                     4866.1965396893465       2689.46671295794         2502.294445801098
1.1204                   1                        1                        1                        4.5                      0.22222222222222224      5.407970208530255E-13    5.387632241669155E-13    0.25                     5.0E10                   2700                     4866.1965396893465       2689.46671295794         2502.294445801098
1.1204                   1                        1                        1                        4.6                      0.2173913043478261       5.413050782770889E-13    5.394552745033879E-13    0.25                     5.0E10                   2700                     4866.1965396893465       2689.46671295794         2502.294445801098
1.1204                   1                        1                        1                        4.7                      0.2127659574468085       5.417181729896794E-13    5.400916872336476E-13    0.25                     5.0E10                   2700                     4866.1965396893465       2689.46671295794         2502.294445801098
1.1204                   1                        1                        1                        4.8                      0.20833333333333334      5.420207191052654E-13    5.406499225559462E-13    0.25                     5.0E10                   2700                     4866.1965396893465       2689.46671295794         2502.294445801098
1.1204                   1                        1                        1                        4.9                      0.20408163265306117      5.422040848474543E-13    5.411145201856932E-13    0.25                     5.0E10                   2700                     4866.1965396893465       2689.46671295794         2502.294445801098
1.1204                   1                        1                        1                        5                        0.2                      5.423652996219405E-13    5.415713919815735E-13    0.25                     5.0E10                   2700                     4866.1965396893465       2689.46671295794         2502.294445801098
1.1204                   1                        1                        1                        5.1                      0.19607843137254904      5.422984208728969E-13    5.418178380027324E-13    0.25                     5.0E10                   2700                     4866.1965396893465       2689.46671295794         2502.294445801098
1.1204                   1                        1                        1                        5.2                      0.1923076923076923       5.421204807411696E-13    5.419605059948835E-13    0.25                     5.0E10                   2700                     4866.1965396893465       2689.46671295794         2502.294445801098
1.1204                   1                        1                        1                        5.3                      0.18867924528301888      5.418411470829113E-13    5.420041260447353E-13    0.25                     5.0E10                   2700                     4866.1965396893465       2689.46671295794         2502.294445801098
1.1204                   1                        1                        1                        5.4                      0.18518518518518517      5.41472050627563E-13     5.419560163049861E-13    0.25                     5.0E10                   2700                     4866.1965396893465       2689.46671295794         2502.294445801098
1.1204                   1                        1                        1                        5.5                      0.18181818181818182      5.410259387419464E-13    5.418252419107863E-13    0.25                     5.0E10                   2700                     4866.1965396893465       2689.46671295794         2502.294445801098
1.1204                   1                        1                        1                        5.6                      0.17857142857142858      5.405159775582612E-13    5.416218995027522E-13    0.25                     5.0E10                   2700                     4866.1965396893465       2689.46671295794         2502.294445801098
1.1204                   1                        1                        1                        5.7                      0.17543859649122806      5.399553794145562E-13    5.413567216063551E-13    0.25                     5.0E10                   2700                     4866.1965396893465       2689.46671295794         2502.294445801098
1.1204                   1                        1                        1                        5.8                      0.1724137931034483       5.393562847989071E-13    5.410398708748509E-13    0.25                     5.0E10                   2700                     4866.1965396893465       2689.46671295794         2502.294445801098
1.1204                   1                        1                        1                        5.9                      0.1694915254237288       5.387305192579546E-13    5.406817030464152E-13    0.25                     5.0E10                   2700                     4866.1965396893465       2689.46671295794         2502.294445801098
1.1204                   1                        1                        1                        6                        0.16666666666666666      5.380887082402171E-13    5.402917912099562E-13    0.25                     5.0E10                   2700                     4866.1965396893465       2689.46671295794         2502.294445801098
1.1204                   1                        1                        1                        6.1                      0.16393442622950818      5.374403428802633E-13    5.3987894395391E-13      0.25                     5.0E10                   2700                     4866.1965396893465       2689.46671295794         2502.294445801098
1.1204                   1                        1                        1                        6.2                      0.16129032258064518      5.367937386513617E-13    5.39451110401811E-13     0.25                     5.0E10                   2700                     4866.1965396893465       2689.46671295794         2502.294445801098
1.1204                   1                        1                        1                        6.3                      0.15873015873015872      5.361560434690567E-13    5.390153380457634E-13    0.25                     5.0E10                   2700                     4866.1965396893465       2689.46671295794         2502.294445801098
1.1204                   1                        1                        1                        6.4                      0.15625                  5.355332817373323E-13    5.385777706646847E-13    0.25                     5.0E10                   2700                     4866.1965396893465       2689.46671295794         2502.294445801098
1.1204                   1                        1                        1                        6.5                      0.15384615384615383      5.349304229414441E-13    5.381436754276408E-13    0.25                     5.0E10                   2700                     4866.1965396893465       2689.46671295794         2502.294445801098
1.1204                   1                        1                        1                        6.6                      0.15151515151515152      5.343514656833683E-13    5.377174902263745E-13    0.25                     5.0E10                   2700                     4866.1965396893465       2689.46671295794         2502.294445801098
1.1204                   1                        1                        1                        6.7                      0.1492537313432836       5.337995301353483E-13    5.373028840930967E-13    0.25                     5.0E10                   2700                     4866.1965396893465       2689.46671295794         2502.294445801098
1.1204                   1                        1                        1                        6.8                      0.14705882352941177      5.33276953471209E-13     5.369028250579297E-13    0.25                     5.0E10                   2700                     4866.1965396893465       2689.46671295794         2502.294445801098
1.1204                   1                        1                        1                        6.9                      0.14492753623188404      5.327853843568294E-13    5.365196512025813E-13    0.25                     5.0E10                   2700                     4866.1965396893465       2689.46671295794         2502.294445801098
1.1204                   1                        1                        1                        7                        0.14285714285714285      5.323258737903536E-13    5.361551417830901E-13    0.25                     5.0E10                   2700                     4866.1965396893465       2689.46671295794         2502.294445801098
1.1204                   1                        1                        1                        7.1                      0.14084507042253522      5.318989604212903E-13    5.358105861922074E-13    0.25                     5.0E10                   2700                     4866.1965396893465       2689.46671295794         2502.294445801098
1.1204                   1                        1                        1                        7.2                      0.1388888888888889       5.315047492597482E-13    5.354868492398292E-13    0.25                     5.0E10                   2700                     4866.1965396893465       2689.46671295794         2502.294445801098
1.1204                   1                        1                        1                        7.3                      0.13698630136986303      5.311429831961752E-13    5.351844318214353E-13    0.25                     5.0E10                   2700                     4866.1965396893465       2689.46671295794         2502.294445801098
1.1204                   1                        1                        1                        7.4                      0.13513513513513514      5.308131072183135E-13    5.349035264620094E-13    0.25                     5.0E10                   2700                     4866.1965396893465       2689.46671295794         2502.294445801098
1.1204                   1                        1                        1                        7.5                      0.13333333333333333      5.305143253472777E-13    5.346440674932817E-13    0.25                     5.0E10                   2700                     4866.1965396893465       2689.46671295794         2502.294445801098
1.1204                   1                        1                        1                        7.6                      0.13157894736842105      5.302461580586064E-13    5.344062794072516E-13    0.25                     5.0E10                   2700                     4866.1965396893465       2689.46671295794         2502.294445801098
1.1204                   1                        1                        1                        7.7                      0.12987012987012989      5.300064852277689E-13    5.34188729132245E-13     0.25                     5.0E10                   2700                     4866.1965396893465       2689.46671295794         2502.294445801098
1.1204                   1                        1                        1                        7.8                      0.12820512820512822      5.297945420450147E-13    5.339913029757793E-13    0.25                     5.0E10                   2700                     4866.1965396893465       2689.46671295794         2502.294445801098
1.1204                   1                        1                        1                        7.9                      0.12658227848101267      5.296090070664303E-13    5.338133012683337E-13    0.25                     5.0E10                   2700                     4866.1965396893465       2689.46671295794         2502.294445801098
1.1204                   1                        1                        1                        8                        0.125                    5.294485086057688E-13    5.336539421921853E-13    0.25                     5.0E10                   2700                     4866.1965396893465       2689.46671295794         2502.294445801098
1.1204                   1                        1                        1                        8.1                      0.1234567901234568       5.293116477443016E-13    5.335123842826454E-13    0.25                     5.0E10                   2700                     4866.1965396893465       2689.46671295794         2502.294445801098
1.1204                   1                        1                        1                        8.2                      0.12195121951219513      5.291970173738491E-13    5.33387745504186E-13     0.25                     5.0E10                   2700                     4866.1965396893465       2689.46671295794         2502.294445801098
1.1204                   1                        1                        1                        8.3                      0.12048192771084336      5.291032179571206E-13    5.332791193833884E-13    0.25                     5.0E10                   2700                     4866.1965396893465       2689.46671295794         2502.294445801098
1.1204                   1                        1                        1                        8.4                      0.11904761904761904      5.290288702966669E-13    5.331855884728598E-13    0.25                     5.0E10                   2700                     4866.1965396893465       2689.46671295794         2502.294445801098
1.1204                   1                        1                        1                        8.5                      0.11764705882352941      5.289726257856108E-13    5.331062355044955E-13    0.25                     5.0E10                   2700                     4866.1965396893465       2689.46671295794         2502.294445801098
1.1204                   1                        1                        1                        8.6                      0.11627906976744186      5.289331744570828E-13    5.330401525221408E-13    0.25                     5.0E10                   2700                     4866.1965396893465       2689.46671295794         2502.294445801098
1.1204                   1                        1                        1                        8.7                      0.11494252873563218      5.289092511714273E-13    5.329864482630004E-13    0.25                     5.0E10                   2700                     4866.1965396893465       2689.46671295794         2502.294445801098
1.1204                   1                        1                        1                        8.8                      0.11363636363636362      5.28899640193257E-13     5.329442540110449E-13    0.25                     5.0E10                   2700                     4866.1965396893465       2689.46671295794         2502.294445801098
1.1204                   1                        1                        1                        8.9                      0.11235955056179775      5.289031784418157E-13    5.329127281693164E-13    0.25                     5.0E10                   2700                     4866.1965396893465       2689.46671295794         2502.294445801098
1.1204                   1                        1                        1                        9                        0.11111111111111112      5.289187576311134E-13    5.328910597349621E-13    0.25                     5.0E10                   2700                     4866.1965396893465       2689.46671295794         2502.294445801098
1.1204                   1                        1                        1                        9.1                      0.1098901098901099       5.289453254210025E-13    5.328784708086718E-13    0.25                     5.0E10                   2700                     4866.1965396893465       2689.46671295794         2502.294445801098
1.1204                   1                        1                        1                        9.2                      0.10869565217391305      5.289818858266954E-13    5.328742183315658E-13    0.25                     5.0E10                   2700                     4866.1965396893465       2689.46671295794         2502.294445801098
1.1204                   1                        1                        1                        9.3                      0.10752688172043011      5.290274990218715E-13    5.328775951767099E-13    0.25                     5.0E10                   2700                     4866.1965396893465       2689.46671295794         2502.294445801098
1.1204                   1                        1                        1                        9.4                      0.10638297872340426      5.290812805504769E-13    5.328879306513517E-13    0.25                     5.0E10                   2700                     4866.1965396893465       2689.46671295794         2502.294445801098
1.1204                   1                        1                        1                        9.5                      0.10526315789473685      5.291424002331273E-13    5.329045905939519E-13    0.25                     5.0E10                   2700                     4866.1965396893465       2689.46671295794         2502.294445801098
1.1204                   1                        1                        1                        9.6                      0.10416666666666667      5.292100806390869E-13    5.329269770557884E-13    0.25                     5.0E10                   2700                     4866.1965396893465       2689.46671295794         2502.294445801098
1.1204                   1                        1                        1                        9.700000000000001        0.1030927835051546       5.292835954067102E-13    5.329545277198641E-13    0.25                     5.0E10                   2700                     4866.1965396893465       2689.46671295794         2502.294445801098
1.1204                   1                        1                        1                        9.8                      0.10204081632653059      5.293622673630034E-13    5.329867150854313E-13    0.25                     5.0E10                   2700                     4866.1965396893465       2689.46671295794         2502.294445801098
1.1204                   1                        1                        1                        9.9                      0.101010101010101        5.294454664513171E-13    5.330230454288808E-13    0.25                     5.0E10                   2700                     4866.1965396893465       2689.46671295794         2502.294445801098
1.1204                   1                        1                        1                        10                       0.1                      5.295965469688784E-13    5.331028244948808E-13    0.25                     5.0E10                   2700                     4866.1965396893465       2689.46671295794         2502.294445801098
