1                        1                        1.5005                   1                        0.1                      10                       5.331324966811204E-13    5.331368176279972E-13    0.25                     5.0E10                   2700                     3848.360454628945        2221.851944418732        2502.294445801098
1                        1                        1.5005                   1                        0.2                      5                        5.334781172002344E-13    5.331471650969677E-13    0.25                     5.0E10                   2700                     3848.360454628945        2221.851944418732        2502.294445801098
1                        1                        1.5005                   1                        0.30000000000000004      3.3333333333333326       5.366479287457266E-13    5.363002246992618E-13    0.25                     5.0E10                   2700                     3848.360454628945        2221.851944418732        2502.294445801098
1                        1                        1.5005                   1                        0.4                      2.5                      5.329210460598431E-13    5.331977415231342E-13    0.25                     5.0E10                   2700                     3848.360454628945        2221.851944418732        2502.294445801098
1                        1                        1.5005                   1                        0.5                      2                        5.326865956528359E-13    5.329384855157684E-13    0.25                     5.0E10                   2700                     3848.360454628945        2221.851944418732        2502.294445801098
1                        1                        1.5005                   1                        0.6                      1.6666666666666667       5.370922043675807E-13    5.353506438583626E-13    0.25                     5.0E10                   2700                     3848.360454628945        2221.851944418732        2502.294445801098
1                        1                        1.5005                   1                        0.7000000000000001       1.4285714285714284       5.380071699258563E-13    5.343767001183118E-13    0.25                     5.0E10                   2700                     3848.360454628945        2221.851944418732        2502.294445801098
1                        1                        1.5005                   1                        0.8                      1.25                     5.371383880072334E-13    5.278424373456528E-13    0.25                     5.0E10                   2700                     3848.360454628945        2221.851944418732        2502.294445801098
1                        1                        1.5005                   1                        0.9                      1.1111111111111112       5.351108357963279E-13    5.222462549465333E-13    0.25                     5.0E10                   2700                     3848.360454628945        2221.851944418732        2502.294445801098
1                        1                        1.5005                   1                        1                        1                        5.413692381776442E-13    5.193482136918862E-13    0.25                     5.0E10                   2700                     3848.360454628945        2221.851944418732        2502.294445801098
1                        1                        1.5005                   1                        1.1                      0.909090909090909        5.410212409970971E-13    5.165694973998007E-13    0.25                     5.0E10                   2700                     3848.360454628945        2221.851944418732        2502.294445801098
1                        1                        1.5005                   1                        1.2000000000000002       0.8333333333333331       5.408327391792762E-13    5.134356484999243E-13    0.25                     5.0E10                   2700                     3848.360454628945        2221.851944418732        2502.294445801098
1                        1                        1.5005                   1                        1.3000000000000003       0.769230769230769        5.26609940067121E-13     4.973903672730868E-13    0.25                     5.0E10                   2700                     3848.360454628945        2221.851944418732        2502.294445801098
1                        1                        1.5005                   1                        1.4000000000000001       0.7142857142857142       5.290352266546324E-13    5.002478182575081E-13    0.25                     5.0E10                   2700                     3848.360454628945        2221.851944418732        2502.294445801098
1                        1                        1.5005                   1                        1.5000000000000002       0.6666666666666665       5.325345527024318E-13    5.106608206403321E-13    0.25                     5.0E10                   2700                     3848.360454628945        2221.851944418732        2502.294445801098
1                        1                        1.5005                   1                        1.6                      0.625                    5.057889909656875E-13    4.962898619021157E-13    0.25                     5.0E10                   2700                     3848.360454628945        2221.851944418732        2502.294445801098
1                        1                        1.5005                   1                        1.7000000000000002       0.588235294117647        4.76509807252887E-13     4.789238115181663E-13    0.25                     5.0E10                   2700                     3848.360454628945        2221.851944418732        2502.294445801098
1                        1                        1.5005                   1                        1.8000000000000003       0.5555555555555555       4.599870132527157E-13    4.733972839046131E-13    0.25                     5.0E10                   2700                     3848.360454628945        2221.851944418732        2502.294445801098
1                        1                        1.5005                   1                        1.9000000000000001       0.5263157894736842       4.525020162879456E-13    4.786429315777153E-13    0.25                     5.0E10                   2700                     3848.360454628945        2221.851944418732        2502.294445801098
1                        1                        1.5005                   1                        2                        0.5                      4.444541509333523E-13    4.865419841199197E-13    0.25                     5.0E10                   2700                     3848.360454628945        2221.851944418732        2502.294445801098
1                        1                        1.5005                   1                        2.1                      0.47619047619047616      4.291242950395738E-13    4.888721516753726E-13    0.25                     5.0E10                   2700                     3848.360454628945        2221.851944418732        2502.294445801098
1                        1                        1.5005                   1                        2.2                      0.4545454545454545       4.081069668108201E-13    4.843049049629599E-13    0.25                     5.0E10                   2700                     3848.360454628945        2221.851944418732        2502.294445801098
1                        1                        1.5005                   1                        2.3000000000000003       0.43478260869565216      3.8774883514515415E-13   4.772402525277462E-13    0.25                     5.0E10                   2700                     3848.360454628945        2221.851944418732        2502.294445801098
1                        1                        1.5005                   1                        2.4000000000000004       0.4166666666666666       3.733391713607889E-13    4.727214624992533E-13    0.25                     5.0E10                   2700                     3848.360454628945        2221.851944418732        2502.294445801098
1                        1                        1.5005                   1                        2.5000000000000004       0.3999999999999999       3.67036607876364E-13     4.735431131077376E-13    0.25                     5.0E10                   2700                     3848.360454628945        2221.851944418732        2502.294445801098
1                        1                        1.5005                   1                        2.6                      0.3846153846153846       3.6836298603658286E-13   4.800878730280607E-13    0.25                     5.0E10                   2700                     3848.360454628945        2221.851944418732        2502.294445801098
1                        1                        1.5005                   1                        2.7                      0.37037037037037035      3.758256985365613E-13    4.913634039002821E-13    0.25                     5.0E10                   2700                     3848.360454628945        2221.851944418732        2502.294445801098
1                        1                        1.5005                   1                        2.8000000000000003       0.3571428571428571       3.874154860928772E-13    5.056110901673751E-13    0.25                     5.0E10                   2700                     3848.360454628945        2221.851944418732        2502.294445801098
1                        1                        1.5005                   1                        2.9000000000000004       0.3448275862068965       4.0101804319667486E-13   5.207542796494224E-13    0.25                     5.0E10                   2700                     3848.360454628945        2221.851944418732        2502.294445801098
1                        1                        1.5005                   1                        3.0000000000000004       0.33333333333333326      4.146555997482356E-13    5.347505893939714E-13    0.25                     5.0E10                   2700                     3848.360454628945        2221.851944418732        2502.294445801098
1                        1                        1.5005                   1                        3.1                      0.32258064516129037      4.2671073024196564E-13   5.45921097298665E-13     0.25                     5.0E10                   2700                     3848.360454628945        2221.851944418732        2502.294445801098
1                        1                        1.5005                   1                        3.2                      0.3125                   4.361082467081679E-13    5.532049107036742E-13    0.25                     5.0E10                   2700                     3848.360454628945        2221.851944418732        2502.294445801098
1                        1                        1.5005                   1                        3.3000000000000003       0.30303030303030304      4.423864397741591E-13    5.562564056339307E-13    0.25                     5.0E10                   2700                     3848.360454628945        2221.851944418732        2502.294445801098
1                        1                        1.5005                   1                        3.4000000000000004       0.2941176470588235       4.456306878011025E-13    5.553712948944758E-13    0.25                     5.0E10                   2700                     3848.360454628945        2221.851944418732        2502.294445801098
1                        1                        1.5005                   1                        3.5000000000000004       0.2857142857142857       4.4628028747464433E-13   5.512078920293967E-13    0.25                     5.0E10                   2700                     3848.360454628945        2221.851944418732        2502.294445801098
1                        1                        1.5005                   1                        3.6                      0.2777777777777778       4.450268121170298E-13    5.447206570983119E-13    0.25                     5.0E10                   2700                     3848.360454628945        2221.851944418732        2502.294445801098
1                        1                        1.5005                   1                        3.7                      0.2702702702702703       4.425465319282785E-13    5.367983555360289E-13    0.25                     5.0E10                   2700                     3848.360454628945        2221.851944418732        2502.294445801098
1                        1                        1.5005                   1                        3.8000000000000003       0.2631578947368421       4.394372864408438E-13    5.282057120344808E-13    0.25                     5.0E10                   2700                     3848.360454628945        2221.851944418732        2502.294445801098
1                        1                        1.5005                   1                        3.9000000000000004       0.2564102564102564       4.361729321997387E-13    5.195363561873472E-13    0.25                     5.0E10                   2700                     3848.360454628945        2221.851944418732        2502.294445801098
1                        1                        1.5005                   1                        4                        0.25                     4.33097613763228E-13     5.112130906671342E-13    0.25                     5.0E10                   2700                     3848.360454628945        2221.851944418732        2502.294445801098
1                        1                        1.5005                   1                        4.1                      0.24390243902439027      4.3044090827271827E-13   5.035119693288669E-13    0.25                     5.0E10                   2700                     3848.360454628945        2221.851944418732        2502.294445801098
1                        1                        1.5005                   1                        4.2                      0.23809523809523808      4.2834110728693275E-13   4.965944811876124E-13    0.25                     5.0E10                   2700                     3848.360454628945        2221.851944418732        2502.294445801098
1                        1                        1.5005                   1                        4.3                      0.23255813953488372      4.268686530326352E-13    4.90538506845271E-13     0.25                     5.0E10                   2700                     3848.360454628945        2221.851944418732        2502.294445801098
1                        1                        1.5005                   1                        4.3999999999999995       0.22727272727272732      4.260462341603553E-13    4.853641775930588E-13    0.25                     5.0E10                   2700                     3848.360454628945        2221.851944418732        2502.294445801098
1                        1                        1.5005                   1                        4.5                      0.22222222222222224      4.2586453448403285E-13   4.810537571621823E-13    0.25                     5.0E10                   2700                     3848.360454628945        2221.851944418732        2502.294445801098
1                        1                        1.5005                   1                        4.6                      0.2173913043478261       4.262939703208537E-13    4.775661811198214E-13    0.25                     5.0E10                   2700                     3848.360454628945        2221.851944418732        2502.294445801098
1                        1                        1.5005                   1                        4.7                      0.2127659574468085       4.2729257967478726E-13   4.748468304924108E-13    0.25                     5.0E10                   2700                     3848.360454628945        2221.851944418732        2502.294445801098
1                        1                        1.5005                   1                        4.8                      0.20833333333333334      4.288122259207999E-13    4.72834783985656E-13     0.25                     5.0E10                   2700                     3848.360454628945        2221.851944418732        2502.294445801098
1                        1                        1.5005                   1                        4.9                      0.20408163265306117      4.308020138570254E-13    4.714669510121621E-13    0.25                     5.0E10                   2700                     3848.360454628945        2221.851944418732        2502.294445801098
1                        1                        1.5005                   1                        5                        0.2                      4.332721018874009E-13    4.707381352512318E-13    0.25                     5.0E10                   2700                     3848.360454628945        2221.851944418732        2502.294445801098
1                        1                        1.5005                   1                        5.1                      0.19607843137254904      4.3606103779857707E-13   4.704861408077515E-13    0.25                     5.0E10                   2700                     3848.360454628945        2221.851944418732        2502.294445801098
1                        1                        1.5005                   1                        5.2                      0.1923076923076923       4.3916977719913287E-13   4.706970529190371E-13    0.25                     5.0E10                   2700                     3848.360454628945        2221.851944418732        2502.294445801098
1                        1                        1.5005                   1                        5.3                      0.18867924528301888      4.4255344843894286E-13   4.713180102275472E-13    0.25                     5.0E10                   2700                     3848.360454628945        2221.851944418732        2502.294445801098
1                        1                        1.5005                   1                        5.4                      0.18518518518518517      4.461700737950154E-13    4.722999738384194E-13    0.25                     5.0E10                   2700                     3848.360454628945        2221.851944418732        2502.294445801098
1                        1                        1.5005                   1                        5.5                      0.18181818181818182      4.4998063803214303E-13   4.735976926612051E-13    0.25                     5.0E10                   2700                     3848.360454628945        2221.851944418732        2502.294445801098
1                        1                        1.5005                   1                        5.6                      0.17857142857142858      4.5394905890845066E-13   4.751695656425691E-13    0.25                     5.0E10                   2700                     3848.360454628945        2221.851944418732        2502.294445801098
1                        1                        1.5005                   1                        5.7                      0.17543859649122806      4.580422142348554E-13    4.76977576242218E-13     0.25                     5.0E10                   2700                     3848.360454628945        2221.851944418732        2502.294445801098
1                        1                        1.5005                   1                        5.8                      0.1724137931034483       4.622293742159327E-13    4.789865757904729E-13    0.25                     5.0E10                   2700                     3848.360454628945        2221.851944418732        2502.294445801098
1                        1                        1.5005                   1                        5.9                      0.1694915254237288       4.664827486980934E-13    4.811648145438735E-13    0.25                     5.0E10                   2700                     3848.360454628945        2221.851944418732        2502.294445801098
1                        1                        1.5005                   1                        6                        0.16666666666666666      4.707769016476677E-13    4.83483230928307E-13     0.25                     5.0E10                   2700                     3848.360454628945        2221.851944418732        2502.294445801098
1                        1                        1.5005                   1                        6.1                      0.16393442622950818      4.750887315636322E-13    4.859153745067053E-13    0.25                     5.0E10                   2700                     3848.360454628945        2221.851944418732        2502.294445801098
1                        1                        1.5005                   1                        6.2                      0.16129032258064518      4.793973429782574E-13    4.884372190411004E-13    0.25                     5.0E10                   2700                     3848.360454628945        2221.851944418732        2502.294445801098
1                        1                        1.5005                   1                        6.3                      0.15873015873015872      4.836839229184599E-13    4.91026989930118E-13     0.25                     5.0E10                   2700                     3848.360454628945        2221.851944418732        2502.294445801098
1                        1                        1.5005                   1                        6.4                      0.15625                  4.879316225731589E-13    4.936650053654668E-13    0.25                     5.0E10                   2700                     3848.360454628945        2221.851944418732        2502.294445801098
1                        1                        1.5005                   1                        6.5                      0.15384615384615383      4.921254437081396E-13    4.963335299391049E-13    0.25                     5.0E10                   2700                     3848.360454628945        2221.851944418732        2502.294445801098
1                        1                        1.5005                   1                        6.6                      0.15151515151515152      4.962521292526577E-13    4.990166392447396E-13    0.25                     5.0E10                   2700                     3848.360454628945        2221.851944418732        2502.294445801098
1                        1                        1.5005                   1                        6.7                      0.1492537313432836       5.003000575416798E-13    5.017000940745064E-13    0.25                     5.0E10                   2700                     3848.360454628945        2221.851944418732        2502.294445801098
1                        1                        1.5005                   1                        6.8                      0.14705882352941177      5.042591396375866E-13    5.043712228522856E-13    0.25                     5.0E10                   2700                     3848.360454628945        2221.851944418732        2502.294445801098
1                        1                        1.5005                   1                        6.9                      0.14492753623188404      5.081207193660973E-13    5.070188111849989E-13    0.25                     5.0E10                   2700                     3848.360454628945        2221.851944418732        2502.294445801098
1                        1                        1.5005                   1                        7                        0.14285714285714285      5.118774758605798E-13    5.096329975965897E-13    0.25                     5.0E10                   2700                     3848.360454628945        2221.851944418732        2502.294445801098
1                        1                        1.5005                   1                        7.1                      0.14084507042253522      5.155233284783179E-13    5.122051747070748E-13    0.25                     5.0E10                   2700                     3848.360454628945        2221.851944418732        2502.294445801098
1                        1                        1.5005                   1                        7.2                      0.1388888888888889       5.190533440984139E-13    5.147278952689638E-13    0.25                     5.0E10                   2700                     3848.360454628945        2221.851944418732        2502.294445801098
1                        1                        1.5005                   1                        7.3                      0.13698630136986303      5.224636468947268E-13    5.171947826668234E-13    0.25                     5.0E10                   2700                     3848.360454628945        2221.851944418732        2502.294445801098
1                        1                        1.5005                   1                        7.4                      0.13513513513513514      5.2575133079453E-13      5.196004455969333E-13    0.25                     5.0E10                   2700                     3848.360454628945        2221.851944418732        2502.294445801098
1                        1                        1.5005                   1                        7.5                      0.13333333333333333      5.289143747383727E-13    5.219403967072879E-13    0.25                     5.0E10                   2700                     3848.360454628945        2221.851944418732        2502.294445801098
1                        1                        1.5005                   1                        7.6                      0.13157894736842105      5.319519114316816E-13    5.242112880853973E-13    0.25                     5.0E10                   2700                     3848.360454628945        2221.851944418732        2502.294445801098
1                        1                        1.5005                   1                        7.7                      0.12987012987012989      5.348627752841171E-13    5.264096080880012E-13    0.25                     5.0E10                   2700                     3848.360454628945        2221.851944418732        2502.294445801098
1                        1                        1.5005                   1                        7.8                      0.12820512820512822      5.376474478345757E-13    5.285334233297744E-13    0.25                     5.0E10                   2700                     3848.360454628945        2221.851944418732        2502.294445801098
1                        1                        1.5005                   1                        7.9                      0.12658227848101267      5.403066659373702E-13    5.305811253969815E-13    0.25                     5.0E10                   2700                     3848.360454628945        2221.851944418732        2502.294445801098
1                        1                        1.5005                   1                        8                        0.125                    5.428416783834343E-13    5.325516602371439E-13    0.25                     5.0E10                   2700                     3848.360454628945        2221.851944418732        2502.294445801098
1                        1                        1.5005                   1                        8.1                      0.1234567901234568       5.452541827015765E-13    5.344444695309545E-13    0.25                     5.0E10                   2700                     3848.360454628945        2221.851944418732        2502.294445801098
1                        1                        1.5005                   1                        8.2                      0.12195121951219513      5.475462658810995E-13    5.362594357117114E-13    0.25                     5.0E10                   2700                     3848.360454628945        2221.851944418732        2502.294445801098
1                        1                        1.5005                   1                        8.3                      0.12048192771084336      5.497203492640306E-13    5.379968307001478E-13    0.25                     5.0E10                   2700                     3848.360454628945        2221.851944418732        2502.294445801098
1                        1                        1.5005                   1                        8.4                      0.11904761904761904      5.517791374416693E-13    5.396572682234844E-13    0.25                     5.0E10                   2700                     3848.360454628945        2221.851944418732        2502.294445801098
1                        1                        1.5005                   1                        8.5                      0.11764705882352941      5.537255711871252E-13    5.412416596693415E-13    0.25                     5.0E10                   2700                     3848.360454628945        2221.851944418732        2502.294445801098
1                        1                        1.5005                   1                        8.6                      0.11627906976744186      5.555627843125542E-13    5.427511733870024E-13    0.25                     5.0E10                   2700                     3848.360454628945        2221.851944418732        2502.294445801098
1                        1                        1.5005                   1                        8.7                      0.11494252873563218      5.572940643344437E-13    5.44187197298321E-13     0.25                     5.0E10                   2700                     3848.360454628945        2221.851944418732        2502.294445801098
1                        1                        1.5005                   1                        8.8                      0.11363636363636362      5.589228168200994E-13    5.455513047134639E-13    0.25                     5.0E10                   2700                     3848.360454628945        2221.851944418732        2502.294445801098
1                        1                        1.5005                   1                        8.9                      0.11235955056179775      5.604525332458904E-13    5.468452232020912E-13    0.25                     5.0E10                   2700                     3848.360454628945        2221.851944418732        2502.294445801098
1                        1                        1.5005                   1                        9                        0.11111111111111112      5.618867622345606E-13    5.480708063920902E-13    0.25                     5.0E10                   2700                     3848.360454628945        2221.851944418732        2502.294445801098
1                        1                        1.5005                   1                        9.1                      0.1098901098901099       5.632290838802066E-13    5.49230008491685E-13     0.25                     5.0E10                   2700                     3848.360454628945        2221.851944418732        2502.294445801098
1                        1                        1.5005                   1                        9.2                      0.10869565217391305      5.644830870842854E-13    5.503248614238949E-13    0.25                     5.0E10                   2700                     3848.360454628945        2221.851944418732        2502.294445801098
1                        1                        1.5005                   1                        9.3                      0.10752688172043011      5.656523496651353E-13    5.51357454399014E-13     0.25                     5.0E10                   2700                     3848.360454628945        2221.851944418732        2502.294445801098
1                        1                        1.5005                   1                        9.4                      0.10638297872340426      5.66740420962809E-13     5.52329915719588E-13     0.25                     5.0E10                   2700                     3848.360454628945        2221.851944418732        2502.294445801098
1                        1                        1.5005                   1                        9.5                      0.10526315789473685      5.677508068999848E-13    5.53244396724683E-13     0.25                     5.0E10                   2700                     3848.360454628945        2221.851944418732        2502.294445801098
1                        1                        1.5005                   1                        9.6                      0.10416666666666667      5.686869571057893E-13    5.54103057639506E-13     0.25                     5.0E10                   2700                     3848.360454628945        2221.851944418732        2502.294445801098
1                        1                        1.5005                   1                        9.700000000000001        0.1030927835051546       5.695522541042311E-13    5.549080552327092E-13    0.25                     5.0E10                   2700                     3848.360454628945        2221.851944418732        2502.294445801098
1                        1                        1.5005                   1                        9.8                      0.10204081632653059      5.703500042852197E-13    5.556615321182391E-13    0.25                     5.0E10                   2700                     3848.360454628945        2221.851944418732        2502.294445801098
1                        1                        1.5005                   1                        9.9                      0.101010101010101        5.710834304378638E-13    5.563656075064721E-13    0.25                     5.0E10                   2700                     3848.360454628945        2221.851944418732        2502.294445801098
1                        1                        1.5005                   1                        10                       0.1                      5.71906459203267E-13     5.57154434178904E-13     0.25                     5.0E10                   2700                     3848.360454628945        2221.851944418732        2502.294445801098
