1                        1                        1.691                    1                        0.1                      10                       5.331132184267122E-13    5.331214452680429E-13    0.25                     5.0E10                   2700                     3625.1162604756073       2092.9618488292813       2502.294445801098
1                        1                        1.691                    1                        0.2                      5                        5.334659661144456E-13    5.33134053158765E-13     0.25                     5.0E10                   2700                     3625.1162604756073       2092.9618488292813       2502.294445801098
1                        1                        1.691                    1                        0.30000000000000004      3.3333333333333326       5.366702320356189E-13    5.363160874523788E-13    0.25                     5.0E10                   2700                     3625.1162604756073       2092.9618488292813       2502.294445801098
1                        1                        1.691                    1                        0.4                      2.5                      5.330150848958272E-13    5.331992053825479E-13    0.25                     5.0E10                   2700                     3625.1162604756073       2092.9618488292813       2502.294445801098
1                        1                        1.691                    1                        0.5                      2                        5.323422323268075E-13    5.329067605852719E-13    0.25                     5.0E10                   2700                     3625.1162604756073       2092.9618488292813       2502.294445801098
1                        1                        1.691                    1                        0.6                      1.6666666666666667       5.373793323229942E-13    5.351193744124089E-13    0.25                     5.0E10                   2700                     3625.1162604756073       2092.9618488292813       2502.294445801098
1                        1                        1.691                    1                        0.7000000000000001       1.4285714285714284       5.367163828129414E-13    5.336688614419685E-13    0.25                     5.0E10                   2700                     3625.1162604756073       2092.9618488292813       2502.294445801098
1                        1                        1.691                    1                        0.8                      1.25                     5.392484637806713E-13    5.268619841129957E-13    0.25                     5.0E10                   2700                     3625.1162604756073       2092.9618488292813       2502.294445801098
1                        1                        1.691                    1                        0.9                      1.1111111111111112       5.356299941142748E-13    5.204797301477067E-13    0.25                     5.0E10                   2700                     3625.1162604756073       2092.9618488292813       2502.294445801098
1                        1                        1.691                    1                        1                        1                        5.438545737673856E-13    5.167795798792364E-13    0.25                     5.0E10                   2700                     3625.1162604756073       2092.9618488292813       2502.294445801098
1                        1                        1.691                    1                        1.1                      0.909090909090909        5.413820958124699E-13    5.106212649208181E-13    0.25                     5.0E10                   2700                     3625.1162604756073       2092.9618488292813       2502.294445801098
1                        1                        1.691                    1                        1.2000000000000002       0.8333333333333331       5.448103912838192E-13    5.080600912781621E-13    0.25                     5.0E10                   2700                     3625.1162604756073       2092.9618488292813       2502.294445801098
1                        1                        1.691                    1                        1.3000000000000003       0.769230769230769        5.287012779235283E-13    4.876658936007745E-13    0.25                     5.0E10                   2700                     3625.1162604756073       2092.9618488292813       2502.294445801098
1                        1                        1.691                    1                        1.4000000000000001       0.7142857142857142       5.271103651721615E-13    4.850195247347586E-13    0.25                     5.0E10                   2700                     3625.1162604756073       2092.9618488292813       2502.294445801098
1                        1                        1.691                    1                        1.5000000000000002       0.6666666666666665       5.39020896715239E-13     5.014829131430364E-13    0.25                     5.0E10                   2700                     3625.1162604756073       2092.9618488292813       2502.294445801098
1                        1                        1.691                    1                        1.6                      0.625                    5.116950415195269E-13    4.883488138680292E-13    0.25                     5.0E10                   2700                     3625.1162604756073       2092.9618488292813       2502.294445801098
1                        1                        1.691                    1                        1.7000000000000002       0.588235294117647        4.698166702625532E-13    4.619305860087019E-13    0.25                     5.0E10                   2700                     3625.1162604756073       2092.9618488292813       2502.294445801098
1                        1                        1.691                    1                        1.8000000000000003       0.5555555555555555       4.424372159303719E-13    4.4769680944518386E-13   0.25                     5.0E10                   2700                     3625.1162604756073       2092.9618488292813       2502.294445801098
1                        1                        1.691                    1                        1.9000000000000001       0.5263157894736842       4.3250570497499104E-13   4.518224112044432E-13    0.25                     5.0E10                   2700                     3625.1162604756073       2092.9618488292813       2502.294445801098
1                        1                        1.691                    1                        2                        0.5                      4.276889963343804E-13    4.660472766719129E-13    0.25                     5.0E10                   2700                     3625.1162604756073       2092.9618488292813       2502.294445801098
1                        1                        1.691                    1                        2.1                      0.47619047619047616      4.1220312683157027E-13   4.743937208500653E-13    0.25                     5.0E10                   2700                     3625.1162604756073       2092.9618488292813       2502.294445801098
1                        1                        1.691                    1                        2.2                      0.4545454545454545       3.833277763302842E-13    4.695678290180979E-13    0.25                     5.0E10                   2700                     3625.1162604756073       2092.9618488292813       2502.294445801098
1                        1                        1.691                    1                        2.3000000000000003       0.43478260869565216      3.515017757650383E-13    4.579962767351546E-13    0.25                     5.0E10                   2700                     3625.1162604756073       2092.9618488292813       2502.294445801098
1                        1                        1.691                    1                        2.4000000000000004       0.4166666666666666       3.271232989596074E-13    4.4931252780589304E-13   0.25                     5.0E10                   2700                     3625.1162604756073       2092.9618488292813       2502.294445801098
1                        1                        1.691                    1                        2.5000000000000004       0.3999999999999999       3.143254127743366E-13    4.486275989872028E-13    0.25                     5.0E10                   2700                     3625.1162604756073       2092.9618488292813       2502.294445801098
1                        1                        1.691                    1                        2.6                      0.3846153846153846       3.125489778754663E-13    4.565296384898329E-13    0.25                     5.0E10                   2700                     3625.1162604756073       2092.9618488292813       2502.294445801098
1                        1                        1.691                    1                        2.7                      0.37037037037037035      3.1955522148163793E-13   4.713850560958937E-13    0.25                     5.0E10                   2700                     3625.1162604756073       2092.9618488292813       2502.294445801098
1                        1                        1.691                    1                        2.8000000000000003       0.3571428571428571       3.326169277956605E-13    4.906577499558142E-13    0.25                     5.0E10                   2700                     3625.1162604756073       2092.9618488292813       2502.294445801098
1                        1                        1.691                    1                        2.9000000000000004       0.3448275862068965       3.4900279041875053E-13   5.115105070296032E-13    0.25                     5.0E10                   2700                     3625.1162604756073       2092.9618488292813       2502.294445801098
1                        1                        1.691                    1                        3.0000000000000004       0.33333333333333326      3.6617096013795395E-13   5.311680017809979E-13    0.25                     5.0E10                   2700                     3625.1162604756073       2092.9618488292813       2502.294445801098
1                        1                        1.691                    1                        3.1                      0.32258064516129037      3.8196869360704153E-13   5.472807130505846E-13    0.25                     5.0E10                   2700                     3625.1162604756073       2092.9618488292813       2502.294445801098
1                        1                        1.691                    1                        3.2                      0.3125                   3.948521931251041E-13    5.582686883801365E-13    0.25                     5.0E10                   2700                     3625.1162604756073       2092.9618488292813       2502.294445801098
1                        1                        1.691                    1                        3.3000000000000003       0.30303030303030304      4.040236367787762E-13    5.635084706599176E-13    0.25                     5.0E10                   2700                     3625.1162604756073       2092.9618488292813       2502.294445801098
1                        1                        1.691                    1                        3.4000000000000004       0.2941176470588235       4.0938559586446E-13      5.632549693965624E-13    0.25                     5.0E10                   2700                     3625.1162604756073       2092.9618488292813       2502.294445801098
1                        1                        1.691                    1                        3.5000000000000004       0.2857142857142857       4.114097127344558E-13    5.584241814655796E-13    0.25                     5.0E10                   2700                     3625.1162604756073       2092.9618488292813       2502.294445801098
1                        1                        1.691                    1                        3.6                      0.2777777777777778       4.1088535342109115E-13   5.502793250553861E-13    0.25                     5.0E10                   2700                     3625.1162604756073       2092.9618488292813       2502.294445801098
1                        1                        1.691                    1                        3.7                      0.2702702702702703       4.086471691970471E-13    5.400536416163266E-13    0.25                     5.0E10                   2700                     3625.1162604756073       2092.9618488292813       2502.294445801098
1                        1                        1.691                    1                        3.8000000000000003       0.2631578947368421       4.054534243212829E-13    5.288138899772542E-13    0.25                     5.0E10                   2700                     3625.1162604756073       2092.9618488292813       2502.294445801098
1                        1                        1.691                    1                        3.9000000000000004       0.2564102564102564       4.019145521056286E-13    5.173858800190335E-13    0.25                     5.0E10                   2700                     3625.1162604756073       2092.9618488292813       2502.294445801098
1                        1                        1.691                    1                        4                        0.25                     3.9847891434902944E-13   5.063532868578882E-13    0.25                     5.0E10                   2700                     3625.1162604756073       2092.9618488292813       2502.294445801098
1                        1                        1.691                    1                        4.1                      0.24390243902439027      3.9544966697253417E-13   4.960932619863125E-13    0.25                     5.0E10                   2700                     3625.1162604756073       2092.9618488292813       2502.294445801098
1                        1                        1.691                    1                        4.2                      0.23809523809523808      3.9301401610405355E-13   4.868239671143239E-13    0.25                     5.0E10                   2700                     3625.1162604756073       2092.9618488292813       2502.294445801098
1                        1                        1.691                    1                        4.3                      0.23255813953488372      3.9127328277397954E-13   4.786496494673764E-13    0.25                     5.0E10                   2700                     3625.1162604756073       2092.9618488292813       2502.294445801098
1                        1                        1.691                    1                        4.3999999999999995       0.22727272727272732      3.9026866280065556E-13   4.715975647030806E-13    0.25                     5.0E10                   2700                     3625.1162604756073       2092.9618488292813       2502.294445801098
1                        1                        1.691                    1                        4.5                      0.22222222222222224      3.900012331401884E-13    4.656457305082278E-13    0.25                     5.0E10                   2700                     3625.1162604756073       2092.9618488292813       2502.294445801098
1                        1                        1.691                    1                        4.6                      0.2173913043478261       3.9044663604659857E-13   4.607426975525139E-13    0.25                     5.0E10                   2700                     3625.1162604756073       2092.9618488292813       2502.294445801098
1                        1                        1.691                    1                        4.7                      0.2127659574468085       3.915649413900602E-13    4.568205924935342E-13    0.25                     5.0E10                   2700                     3625.1162604756073       2092.9618488292813       2502.294445801098
1                        1                        1.691                    1                        4.8                      0.20833333333333334      3.933080172358069E-13    4.5380433593843166E-13   0.25                     5.0E10                   2700                     3625.1162604756073       2092.9618488292813       2502.294445801098
1                        1                        1.691                    1                        4.9                      0.20408163265306117      3.956237065052781E-13    4.5161683487742623E-13   0.25                     5.0E10                   2700                     3625.1162604756073       2092.9618488292813       2502.294445801098
1                        1                        1.691                    1                        5                        0.2                      3.9850121703819735E-13   4.502190984956506E-13    0.25                     5.0E10                   2700                     3625.1162604756073       2092.9618488292813       2502.294445801098
1                        1                        1.691                    1                        5.1                      0.19607843137254904      4.01818731299064E-13     4.4948338665240933E-13   0.25                     5.0E10                   2700                     3625.1162604756073       2092.9618488292813       2502.294445801098
1                        1                        1.691                    1                        5.2                      0.1923076923076923       4.0555002799764356E-13   4.4935722313628284E-13   0.25                     5.0E10                   2700                     3625.1162604756073       2092.9618488292813       2502.294445801098
1                        1                        1.691                    1                        5.3                      0.18867924528301888      4.0964659825270135E-13   4.4977723461389717E-13   0.25                     5.0E10                   2700                     3625.1162604756073       2092.9618488292813       2502.294445801098
1                        1                        1.691                    1                        5.4                      0.18518518518518517      4.140624065073295E-13    4.506846074360504E-13    0.25                     5.0E10                   2700                     3625.1162604756073       2092.9618488292813       2502.294445801098
1                        1                        1.691                    1                        5.5                      0.18181818181818182      4.187539781311611E-13    4.520249339167956E-13    0.25                     5.0E10                   2700                     3625.1162604756073       2092.9618488292813       2502.294445801098
1                        1                        1.691                    1                        5.6                      0.17857142857142858      4.236803883681438E-13    4.537479613654603E-13    0.25                     5.0E10                   2700                     3625.1162604756073       2092.9618488292813       2502.294445801098
1                        1                        1.691                    1                        5.7                      0.17543859649122806      4.288032916050173E-13    4.558074101495034E-13    0.25                     5.0E10                   2700                     3625.1162604756073       2092.9618488292813       2502.294445801098
1                        1                        1.691                    1                        5.8                      0.1724137931034483       4.3408646695974296E-13   4.581602447061826E-13    0.25                     5.0E10                   2700                     3625.1162604756073       2092.9618488292813       2502.294445801098
1                        1                        1.691                    1                        5.9                      0.1694915254237288       4.3949628217961845E-13   4.607670429029599E-13    0.25                     5.0E10                   2700                     3625.1162604756073       2092.9618488292813       2502.294445801098
1                        1                        1.691                    1                        6                        0.16666666666666666      4.4500123364832544E-13   4.63591305499991E-13     0.25                     5.0E10                   2700                     3625.1162604756073       2092.9618488292813       2502.294445801098
1                        1                        1.691                    1                        6.1                      0.16393442622950818      4.505719590539591E-13    4.665993350128047E-13    0.25                     5.0E10                   2700                     3625.1162604756073       2092.9618488292813       2502.294445801098
1                        1                        1.691                    1                        6.2                      0.16129032258064518      4.561811653621729E-13    4.697600339724868E-13    0.25                     5.0E10                   2700                     3625.1162604756073       2092.9618488292813       2502.294445801098
1                        1                        1.691                    1                        6.3                      0.15873015873015872      4.618035647086028E-13    4.730447288004055E-13    0.25                     5.0E10                   2700                     3625.1162604756073       2092.9618488292813       2502.294445801098
1                        1                        1.691                    1                        6.4                      0.15625                  4.674158167419372E-13    4.764270162655113E-13    0.25                     5.0E10                   2700                     3625.1162604756073       2092.9618488292813       2502.294445801098
1                        1                        1.691                    1                        6.5                      0.15384615384615383      4.729964753486333E-13    4.798826290206055E-13    0.25                     5.0E10                   2700                     3625.1162604756073       2092.9618488292813       2502.294445801098
1                        1                        1.691                    1                        6.6                      0.15151515151515152      4.785259376992558E-13    4.833893167188489E-13    0.25                     5.0E10                   2700                     3625.1162604756073       2092.9618488292813       2502.294445801098
1                        1                        1.691                    1                        6.7                      0.1492537313432836       4.839863937854849E-13    4.869267394833023E-13    0.25                     5.0E10                   2700                     3625.1162604756073       2092.9618488292813       2502.294445801098
1                        1                        1.691                    1                        6.8                      0.14705882352941177      4.893617747711107E-13    4.904763707937775E-13    0.25                     5.0E10                   2700                     3625.1162604756073       2092.9618488292813       2502.294445801098
1                        1                        1.691                    1                        6.9                      0.14492753623188404      4.946376989052794E-13    4.940214073347074E-13    0.25                     5.0E10                   2700                     3625.1162604756073       2092.9618488292813       2502.294445801098
1                        1                        1.691                    1                        7                        0.14285714285714285      4.998014141273063E-13    4.975466837775374E-13    0.25                     5.0E10                   2700                     3625.1162604756073       2092.9618488292813       2502.294445801098
1                        1                        1.691                    1                        7.1                      0.14084507042253522      5.048417367891918E-13    5.010385909014533E-13    0.25                     5.0E10                   2700                     3625.1162604756073       2092.9618488292813       2502.294445801098
1                        1                        1.691                    1                        7.2                      0.1388888888888889       5.09748986274301E-13     5.044849958314172E-13    0.25                     5.0E10                   2700                     3625.1162604756073       2092.9618488292813       2502.294445801098
1                        1                        1.691                    1                        7.3                      0.13698630136986303      5.145149155640576E-13    5.078751635596731E-13    0.25                     5.0E10                   2700                     3625.1162604756073       2092.9618488292813       2502.294445801098
1                        1                        1.691                    1                        7.4                      0.13513513513513514      5.191326380973566E-13    5.111996792179262E-13    0.25                     5.0E10                   2700                     3625.1162604756073       2092.9618488292813       2502.294445801098
1                        1                        1.691                    1                        7.5                      0.13333333333333333      5.235965513157998E-13    5.144503707835775E-13    0.25                     5.0E10                   2700                     3625.1162604756073       2092.9618488292813       2502.294445801098
1                        1                        1.691                    1                        7.6                      0.13157894736842105      5.279025431273604E-13    5.176204714076456E-13    0.25                     5.0E10                   2700                     3625.1162604756073       2092.9618488292813       2502.294445801098
1                        1                        1.691                    1                        7.7                      0.12987012987012989      5.320467949933896E-13    5.207036056523747E-13    0.25                     5.0E10                   2700                     3625.1162604756073       2092.9618488292813       2502.294445801098
1                        1                        1.691                    1                        7.8                      0.12820512820512822      5.36027335965754E-13     5.236950917410067E-13    0.25                     5.0E10                   2700                     3625.1162604756073       2092.9618488292813       2502.294445801098
1                        1                        1.691                    1                        7.9                      0.12658227848101267      5.398428935374409E-13    5.265909658082436E-13    0.25                     5.0E10                   2700                     3625.1162604756073       2092.9618488292813       2502.294445801098
1                        1                        1.691                    1                        8                        0.125                    5.434930723802508E-13    5.293881293845842E-13    0.25                     5.0E10                   2700                     3625.1162604756073       2092.9618488292813       2502.294445801098
1                        1                        1.691                    1                        8.1                      0.1234567901234568       5.46978273413375E-13     5.32084277537351E-13     0.25                     5.0E10                   2700                     3625.1162604756073       2092.9618488292813       2502.294445801098
1                        1                        1.691                    1                        8.2                      0.12195121951219513      5.502996145408041E-13    5.346778289387407E-13    0.25                     5.0E10                   2700                     3625.1162604756073       2092.9618488292813       2502.294445801098
1                        1                        1.691                    1                        8.3                      0.12048192771084336      5.534588538712232E-13    5.371678583064883E-13    0.25                     5.0E10                   2700                     3625.1162604756073       2092.9618488292813       2502.294445801098
1                        1                        1.691                    1                        8.4                      0.11904761904761904      5.564583158031059E-13    5.39554031451772E-13     0.25                     5.0E10                   2700                     3625.1162604756073       2092.9618488292813       2502.294445801098
1                        1                        1.691                    1                        8.5                      0.11764705882352941      5.593008204418141E-13    5.418365432040621E-13    0.25                     5.0E10                   2700                     3625.1162604756073       2092.9618488292813       2502.294445801098
1                        1                        1.691                    1                        8.6                      0.11627906976744186      5.619896167149209E-13    5.440160584599515E-13    0.25                     5.0E10                   2700                     3625.1162604756073       2092.9618488292813       2502.294445801098
1                        1                        1.691                    1                        8.7                      0.11494252873563218      5.645283194068475E-13    5.460936564763859E-13    0.25                     5.0E10                   2700                     3625.1162604756073       2092.9618488292813       2502.294445801098
1                        1                        1.691                    1                        8.8                      0.11363636363636362      5.669208503234879E-13    5.480707785608193E-13    0.25                     5.0E10                   2700                     3625.1162604756073       2092.9618488292813       2502.294445801098
1                        1                        1.691                    1                        8.9                      0.11235955056179775      5.691713836700644E-13    5.499491792067645E-13    0.25                     5.0E10                   2700                     3625.1162604756073       2092.9618488292813       2502.294445801098
1                        1                        1.691                    1                        9                        0.11111111111111112      5.712842957305866E-13    5.517308807271022E-13    0.25                     5.0E10                   2700                     3625.1162604756073       2092.9618488292813       2502.294445801098
1                        1                        1.691                    1                        9.1                      0.1098901098901099       5.732641187195897E-13    5.534181313185967E-13    0.25                     5.0E10                   2700                     3625.1162604756073       2092.9618488292813       2502.294445801098
1                        1                        1.691                    1                        9.2                      0.10869565217391305      5.751154988542472E-13    5.550133665563802E-13    0.25                     5.0E10                   2700                     3625.1162604756073       2092.9618488292813       2502.294445801098
1                        1                        1.691                    1                        9.3                      0.10752688172043011      5.768431585000282E-13    5.565191742278612E-13    0.25                     5.0E10                   2700                     3625.1162604756073       2092.9618488292813       2502.294445801098
1                        1                        1.691                    1                        9.4                      0.10638297872340426      5.78451862144339E-13     5.579382623474484E-13    0.25                     5.0E10                   2700                     3625.1162604756073       2092.9618488292813       2502.294445801098
1                        1                        1.691                    1                        9.5                      0.10526315789473685      5.799463862004193E-13    5.59273430299422E-13     0.25                     5.0E10                   2700                     3625.1162604756073       2092.9618488292813       2502.294445801098
1                        1                        1.691                    1                        9.6                      0.10416666666666667      5.813314922353477E-13    5.605275428871871E-13    0.25                     5.0E10                   2700                     3625.1162604756073       2092.9618488292813       2502.294445801098
1                        1                        1.691                    1                        9.700000000000001        0.1030927835051546       5.826119035949917E-13    5.617035071786173E-13    0.25                     5.0E10                   2700                     3625.1162604756073       2092.9618488292813       2502.294445801098
1                        1                        1.691                    1                        9.8                      0.10204081632653059      5.837922851151567E-13    5.628042519785359E-13    0.25                     5.0E10                   2700                     3625.1162604756073       2092.9618488292813       2502.294445801098
1                        1                        1.691                    1                        9.9                      0.101010101010101        5.848772256346696E-13    5.638327096956974E-13    0.25                     5.0E10                   2700                     3625.1162604756073       2092.9618488292813       2502.294445801098
1                        1                        1.691                    1                        10                       0.1                      5.860624300968542E-13    5.649655164520616E-13    0.25                     5.0E10                   2700                     3625.1162604756073       2092.9618488292813       2502.294445801098
