1                        1                        1.781                    1                        0.1                      10                       5.331323806298157E-13    5.33138235568663E-13     0.25                     5.0E10                   2700                     3532.3341773052084       2039.3940881348774       2502.294445801098
1                        1                        1.781                    1                        0.2                      5                        5.33468429244197E-13     5.331443629497431E-13    0.25                     5.0E10                   2700                     3532.3341773052084       2039.3940881348774       2502.294445801098
1                        1                        1.781                    1                        0.30000000000000004      3.3333333333333326       5.366715203380049E-13    5.363155772785624E-13    0.25                     5.0E10                   2700                     3532.3341773052084       2039.3940881348774       2502.294445801098
1                        1                        1.781                    1                        0.4                      2.5                      5.330203789974763E-13    5.332141325487466E-13    0.25                     5.0E10                   2700                     3532.3341773052084       2039.3940881348774       2502.294445801098
1                        1                        1.781                    1                        0.5                      2                        5.321605395981259E-13    5.329002826019562E-13    0.25                     5.0E10                   2700                     3532.3341773052084       2039.3940881348774       2502.294445801098
1                        1                        1.781                    1                        0.6                      1.6666666666666667       5.374848447911542E-13    5.350848660799724E-13    0.25                     5.0E10                   2700                     3532.3341773052084       2039.3940881348774       2502.294445801098
1                        1                        1.781                    1                        0.7000000000000001       1.4285714285714284       5.360768511718265E-13    5.335297944793609E-13    0.25                     5.0E10                   2700                     3532.3341773052084       2039.3940881348774       2502.294445801098
1                        1                        1.781                    1                        0.8                      1.25                     5.409124090949259E-13    5.267228109427888E-13    0.25                     5.0E10                   2700                     3532.3341773052084       2039.3940881348774       2502.294445801098
1                        1                        1.781                    1                        0.9                      1.1111111111111112       5.356780828930363E-13    5.1995122496987E-13      0.25                     5.0E10                   2700                     3532.3341773052084       2039.3940881348774       2502.294445801098
1                        1                        1.781                    1                        1                        1                        5.450225486537515E-13    5.160743537488646E-13    0.25                     5.0E10                   2700                     3532.3341773052084       2039.3940881348774       2502.294445801098
1                        1                        1.781                    1                        1.1                      0.909090909090909        5.420916647293079E-13    5.085474392856267E-13    0.25                     5.0E10                   2700                     3532.3341773052084       2039.3940881348774       2502.294445801098
1                        1                        1.781                    1                        1.2000000000000002       0.8333333333333331       5.457747104224635E-13    5.05846963990704E-13     0.25                     5.0E10                   2700                     3532.3341773052084       2039.3940881348774       2502.294445801098
1                        1                        1.781                    1                        1.3000000000000003       0.769230769230769        5.303299784261963E-13    4.841821968682331E-13    0.25                     5.0E10                   2700                     3532.3341773052084       2039.3940881348774       2502.294445801098
1                        1                        1.781                    1                        1.4000000000000001       0.7142857142857142       5.262877749286532E-13    4.781362057953488E-13    0.25                     5.0E10                   2700                     3532.3341773052084       2039.3940881348774       2502.294445801098
1                        1                        1.781                    1                        1.5000000000000002       0.6666666666666665       5.421768982432153E-13    4.968643608808801E-13    0.25                     5.0E10                   2700                     3532.3341773052084       2039.3940881348774       2502.294445801098
1                        1                        1.781                    1                        1.6                      0.625                    5.165216560925505E-13    4.857139903281977E-13    0.25                     5.0E10                   2700                     3532.3341773052084       2039.3940881348774       2502.294445801098
1                        1                        1.781                    1                        1.7000000000000002       0.588235294117647        4.691105151914786E-13    4.5567608137684E-13      0.25                     5.0E10                   2700                     3532.3341773052084       2039.3940881348774       2502.294445801098
1                        1                        1.781                    1                        1.8000000000000003       0.5555555555555555       4.357963300555451E-13    4.366851513479789E-13    0.25                     5.0E10                   2700                     3532.3341773052084       2039.3940881348774       2502.294445801098
1                        1                        1.781                    1                        1.9000000000000001       0.5263157894736842       4.236825820066734E-13    4.3869195676152037E-13   0.25                     5.0E10                   2700                     3532.3341773052084       2039.3940881348774       2502.294445801098
1                        1                        1.781                    1                        2                        0.5                      4.2091908312646645E-13   4.551360465989334E-13    0.25                     5.0E10                   2700                     3532.3341773052084       2039.3940881348774       2502.294445801098
1                        1                        1.781                    1                        2.1                      0.47619047619047616      4.076948364409846E-13    4.675263997008025E-13    0.25                     5.0E10                   2700                     3532.3341773052084       2039.3940881348774       2502.294445801098
1                        1                        1.781                    1                        2.2                      0.4545454545454545       3.768934961873151E-13    4.639758812562558E-13    0.25                     5.0E10                   2700                     3532.3341773052084       2039.3940881348774       2502.294445801098
1                        1                        1.781                    1                        2.3000000000000003       0.43478260869565216      3.3981782647211256E-13   4.505031538799563E-13    0.25                     5.0E10                   2700                     3532.3341773052084       2039.3940881348774       2502.294445801098
1                        1                        1.781                    1                        2.4000000000000004       0.4166666666666666       3.0995952303298586E-13   4.39309206810402E-13     0.25                     5.0E10                   2700                     3532.3341773052084       2039.3940881348774       2502.294445801098
1                        1                        1.781                    1                        2.5000000000000004       0.3999999999999999       2.930384334712823E-13    4.3721195022420197E-13   0.25                     5.0E10                   2700                     3532.3341773052084       2039.3940881348774       2502.294445801098
1                        1                        1.781                    1                        2.6                      0.3846153846153846       2.8874929008698555E-13   4.451855029616047E-13    0.25                     5.0E10                   2700                     3532.3341773052084       2039.3940881348774       2502.294445801098
1                        1                        1.781                    1                        2.7                      0.37037037037037035      2.946146147476253E-13    4.613662063361481E-13    0.25                     5.0E10                   2700                     3532.3341773052084       2039.3940881348774       2502.294445801098
1                        1                        1.781                    1                        2.8000000000000003       0.3571428571428571       3.076173997565472E-13    4.828460648396873E-13    0.25                     5.0E10                   2700                     3532.3341773052084       2039.3940881348774       2502.294445801098
1                        1                        1.781                    1                        2.9000000000000004       0.3448275862068965       3.2475365599872187E-13   5.063950316806288E-13    0.25                     5.0E10                   2700                     3532.3341773052084       2039.3940881348774       2502.294445801098
1                        1                        1.781                    1                        3.0000000000000004       0.33333333333333326      3.4321529284490546E-13   5.288468313065087E-13    0.25                     5.0E10                   2700                     3532.3341773052084       2039.3940881348774       2502.294445801098
1                        1                        1.781                    1                        3.1                      0.32258064516129037      3.6058113137343087E-13   5.474855465094605E-13    0.25                     5.0E10                   2700                     3532.3341773052084       2039.3940881348774       2502.294445801098
1                        1                        1.781                    1                        3.2                      0.3125                   3.750563165040274E-13    5.604379823618089E-13    0.25                     5.0E10                   2700                     3532.3341773052084       2039.3940881348774       2502.294445801098
1                        1                        1.781                    1                        3.3000000000000003       0.30303030303030304      3.856459911377552E-13    5.669118091493421E-13    0.25                     5.0E10                   2700                     3532.3341773052084       2039.3940881348774       2502.294445801098
1                        1                        1.781                    1                        3.4000000000000004       0.2941176470588235       3.92130839721671E-13     5.671237074266494E-13    0.25                     5.0E10                   2700                     3532.3341773052084       2039.3940881348774       2502.294445801098
1                        1                        1.781                    1                        3.5000000000000004       0.2857142857142857       3.949602633820541E-13    5.621037046114759E-13    0.25                     5.0E10                   2700                     3532.3341773052084       2039.3940881348774       2502.294445801098
1                        1                        1.781                    1                        3.6                      0.2777777777777778       3.9494992088985697E-13   5.532707638224866E-13    0.25                     5.0E10                   2700                     3532.3341773052084       2039.3940881348774       2502.294445801098
1                        1                        1.781                    1                        3.7                      0.2702702702702703       3.929948508146698E-13    5.420318847262327E-13    0.25                     5.0E10                   2700                     3532.3341773052084       2039.3940881348774       2502.294445801098
1                        1                        1.781                    1                        3.8000000000000003       0.2631578947368421       3.8992036070575935E-13   5.296060302898739E-13    0.25                     5.0E10                   2700                     3532.3341773052084       2039.3940881348774       2502.294445801098
1                        1                        1.781                    1                        3.9000000000000004       0.2564102564102564       3.8639619839073994E-13   5.169346280063135E-13    0.25                     5.0E10                   2700                     3532.3341773052084       2039.3940881348774       2502.294445801098
1                        1                        1.781                    1                        4                        0.25                     3.829168623934302E-13    5.046797807547775E-13    0.25                     5.0E10                   2700                     3532.3341773052084       2039.3940881348774       2502.294445801098
1                        1                        1.781                    1                        4.1                      0.24390243902439027      3.798184901504122E-13    4.932663510602027E-13    0.25                     5.0E10                   2700                     3532.3341773052084       2039.3940881348774       2502.294445801098
1                        1                        1.781                    1                        4.2                      0.23809523809523808      3.7731051422063153E-13   4.829378715676835E-13    0.25                     5.0E10                   2700                     3532.3341773052084       2039.3940881348774       2502.294445801098
1                        1                        1.781                    1                        4.3                      0.23255813953488372      3.755086198293445E-13    4.738091531211505E-13    0.25                     5.0E10                   2700                     3532.3341773052084       2039.3940881348774       2502.294445801098
1                        1                        1.781                    1                        4.3999999999999995       0.22727272727272732      3.7446302421251116E-13   4.659089724993333E-13    0.25                     5.0E10                   2700                     3532.3341773052084       2039.3940881348774       2502.294445801098
1                        1                        1.781                    1                        4.5                      0.22222222222222224      3.741803780480985E-13    4.592118225234156E-13    0.25                     5.0E10                   2700                     3532.3341773052084       2039.3940881348774       2502.294445801098
1                        1                        1.781                    1                        4.6                      0.2173913043478261       3.746397502063775E-13    4.536602614192479E-13    0.25                     5.0E10                   2700                     3532.3341773052084       2039.3940881348774       2502.294445801098
1                        1                        1.781                    1                        4.7                      0.2127659574468085       3.7580335097862907E-13   4.491795089099561E-13    0.25                     5.0E10                   2700                     3532.3341773052084       2039.3940881348774       2502.294445801098
1                        1                        1.781                    1                        4.8                      0.20833333333333334      3.776243958798044E-13    4.4568755547579277E-13   0.25                     5.0E10                   2700                     3532.3341773052084       2039.3940881348774       2502.294445801098
1                        1                        1.781                    1                        4.9                      0.20408163265306117      3.8005159863672986E-13   4.4310079738062925E-13   0.25                     5.0E10                   2700                     3532.3341773052084       2039.3940881348774       2502.294445801098
1                        1                        1.781                    1                        5                        0.2                      3.830657552446248E-13    4.4136410501946473E-13   0.25                     5.0E10                   2700                     3532.3341773052084       2039.3940881348774       2502.294445801098
1                        1                        1.781                    1                        5.1                      0.19607843137254904      3.8656508026375643E-13   4.403674575080838E-13    0.25                     5.0E10                   2700                     3532.3341773052084       2039.3940881348774       2502.294445801098
1                        1                        1.781                    1                        5.2                      0.1923076923076923       3.9051258981059984E-13   4.400407334434309E-13    0.25                     5.0E10                   2700                     3532.3341773052084       2039.3940881348774       2502.294445801098
1                        1                        1.781                    1                        5.3                      0.18867924528301888      3.9485970907157075E-13   4.403165227496698E-13    0.25                     5.0E10                   2700                     3532.3341773052084       2039.3940881348774       2502.294445801098
1                        1                        1.781                    1                        5.4                      0.18518518518518517      3.995601288643712E-13    4.411324168019988E-13    0.25                     5.0E10                   2700                     3532.3341773052084       2039.3940881348774       2502.294445801098
1                        1                        1.781                    1                        5.5                      0.18181818181818182      4.0456988316433797E-13   4.424307653506911E-13    0.25                     5.0E10                   2700                     3532.3341773052084       2039.3940881348774       2502.294445801098
1                        1                        1.781                    1                        5.6                      0.17857142857142858      4.098473285884921E-13    4.4415834314643674E-13   0.25                     5.0E10                   2700                     3532.3341773052084       2039.3940881348774       2502.294445801098
1                        1                        1.781                    1                        5.7                      0.17543859649122806      4.153531576296861E-13    4.462660883930508E-13    0.25                     5.0E10                   2700                     3532.3341773052084       2039.3940881348774       2502.294445801098
1                        1                        1.781                    1                        5.8                      0.1724137931034483       4.2104998144547327E-13   4.4870834287835385E-13   0.25                     5.0E10                   2700                     3532.3341773052084       2039.3940881348774       2502.294445801098
1                        1                        1.781                    1                        5.9                      0.1694915254237288       4.26902740369607E-13     4.5144312982290264E-13   0.25                     5.0E10                   2700                     3532.3341773052084       2039.3940881348774       2502.294445801098
1                        1                        1.781                    1                        6                        0.16666666666666666      4.328782904020955E-13    4.544314535838713E-13    0.25                     5.0E10                   2700                     3532.3341773052084       2039.3940881348774       2502.294445801098
1                        1                        1.781                    1                        6.1                      0.16393442622950818      4.389454206701346E-13    4.576371443982285E-13    0.25                     5.0E10                   2700                     3532.3341773052084       2039.3940881348774       2502.294445801098
1                        1                        1.781                    1                        6.2                      0.16129032258064518      4.4507479996103283E-13   4.610266382917617E-13    0.25                     5.0E10                   2700                     3532.3341773052084       2039.3940881348774       2502.294445801098
1                        1                        1.781                    1                        6.3                      0.15873015873015872      4.5123893505826865E-13   4.645687904502633E-13    0.25                     5.0E10                   2700                     3532.3341773052084       2039.3940881348774       2502.294445801098
1                        1                        1.781                    1                        6.4                      0.15625                  4.574121386879634E-13    4.682347178403231E-13    0.25                     5.0E10                   2700                     3532.3341773052084       2039.3940881348774       2502.294445801098
1                        1                        1.781                    1                        6.5                      0.15384615384615383      4.635705042214733E-13    4.719976664330465E-13    0.25                     5.0E10                   2700                     3532.3341773052084       2039.3940881348774       2502.294445801098
1                        1                        1.781                    1                        6.6                      0.15151515151515152      4.696918842676498E-13    4.758328984360161E-13    0.25                     5.0E10                   2700                     3532.3341773052084       2039.3940881348774       2502.294445801098
1                        1                        1.781                    1                        6.7                      0.1492537313432836       4.75755870525248E-13     4.797175952796523E-13    0.25                     5.0E10                   2700                     3532.3341773052084       2039.3940881348774       2502.294445801098
1                        1                        1.781                    1                        6.8                      0.14705882352941177      4.817437724574141E-13    4.836307724734562E-13    0.25                     5.0E10                   2700                     3532.3341773052084       2039.3940881348774       2502.294445801098
1                        1                        1.781                    1                        6.9                      0.14492753623188404      4.876385928277302E-13    4.875532030108985E-13    0.25                     5.0E10                   2700                     3532.3341773052084       2039.3940881348774       2502.294445801098
1                        1                        1.781                    1                        7                        0.14285714285714285      4.934249985903791E-13    4.91467346524345E-13     0.25                     5.0E10                   2700                     3532.3341773052084       2039.3940881348774       2502.294445801098
1                        1                        1.781                    1                        7.1                      0.14084507042253522      4.990892860173758E-13    4.9535728192106E-13      0.25                     5.0E10                   2700                     3532.3341773052084       2039.3940881348774       2502.294445801098
1                        1                        1.781                    1                        7.2                      0.1388888888888889       5.046193393843992E-13    4.992086417020668E-13    0.25                     5.0E10                   2700                     3532.3341773052084       2039.3940881348774       2502.294445801098
1                        1                        1.781                    1                        7.3                      0.13698630136986303      5.100045829260052E-13    5.030085466612779E-13    0.25                     5.0E10                   2700                     3532.3341773052084       2039.3940881348774       2502.294445801098
1                        1                        1.781                    1                        7.4                      0.13513513513513514      5.152359261530938E-13    5.067455400541317E-13    0.25                     5.0E10                   2700                     3532.3341773052084       2039.3940881348774       2502.294445801098
1                        1                        1.781                    1                        7.5                      0.13333333333333333      5.203057027806044E-13    5.104095206412408E-13    0.25                     5.0E10                   2700                     3532.3341773052084       2039.3940881348774       2502.294445801098
1                        1                        1.781                    1                        7.6                      0.13157894736842105      5.252078576047728E-13    5.139918785761678E-13    0.25                     5.0E10                   2700                     3532.3341773052084       2039.3940881348774       2502.294445801098
1                        1                        1.781                    1                        7.7                      0.12987012987012989      5.299368851343411E-13    5.174846269698908E-13    0.25                     5.0E10                   2700                     3532.3341773052084       2039.3940881348774       2502.294445801098
1                        1                        1.781                    1                        7.8                      0.12820512820512822      5.344892018513507E-13    5.208815034838961E-13    0.25                     5.0E10                   2700                     3532.3341773052084       2039.3940881348774       2502.294445801098
1                        1                        1.781                    1                        7.9                      0.12658227848101267      5.388621245609717E-13    5.241771329145939E-13    0.25                     5.0E10                   2700                     3532.3341773052084       2039.3940881348774       2502.294445801098
1                        1                        1.781                    1                        8                        0.125                    5.430540191528611E-13    5.273671424490096E-13    0.25                     5.0E10                   2700                     3532.3341773052084       2039.3940881348774       2502.294445801098
1                        1                        1.781                    1                        8.1                      0.1234567901234568       5.470642180471789E-13    5.304480893142428E-13    0.25                     5.0E10                   2700                     3532.3341773052084       2039.3940881348774       2502.294445801098
1                        1                        1.781                    1                        8.2                      0.12195121951219513      5.508929372874316E-13    5.334173888591295E-13    0.25                     5.0E10                   2700                     3532.3341773052084       2039.3940881348774       2502.294445801098
1                        1                        1.781                    1                        8.3                      0.12048192771084336      5.545411942738178E-13    5.362732436340589E-13    0.25                     5.0E10                   2700                     3532.3341773052084       2039.3940881348774       2502.294445801098
1                        1                        1.781                    1                        8.4                      0.11904761904761904      5.580107268999034E-13    5.390145739254405E-13    0.25                     5.0E10                   2700                     3532.3341773052084       2039.3940881348774       2502.294445801098
1                        1                        1.781                    1                        8.5                      0.11764705882352941      5.613039148216363E-13    5.41640950194569E-13     0.25                     5.0E10                   2700                     3532.3341773052084       2039.3940881348774       2502.294445801098
1                        1                        1.781                    1                        8.6                      0.11627906976744186      5.644237034812882E-13    5.441525278452819E-13    0.25                     5.0E10                   2700                     3532.3341773052084       2039.3940881348774       2502.294445801098
1                        1                        1.781                    1                        8.7                      0.11494252873563218      5.673735313866977E-13    5.465499846332764E-13    0.25                     5.0E10                   2700                     3532.3341773052084       2039.3940881348774       2502.294445801098
1                        1                        1.781                    1                        8.8                      0.11363636363636362      5.701572610852003E-13    5.488344610364119E-13    0.25                     5.0E10                   2700                     3532.3341773052084       2039.3940881348774       2502.294445801098
1                        1                        1.781                    1                        8.9                      0.11235955056179775      5.72779114125884E-13     5.510075037922212E-13    0.25                     5.0E10                   2700                     3532.3341773052084       2039.3940881348774       2502.294445801098
1                        1                        1.781                    1                        9                        0.11111111111111112      5.752436102878263E-13    5.530710127973305E-13    0.25                     5.0E10                   2700                     3532.3341773052084       2039.3940881348774       2502.294445801098
1                        1                        1.781                    1                        9.1                      0.1098901098901099       5.775555111018719E-13    5.550271914274636E-13    0.25                     5.0E10                   2700                     3532.3341773052084       2039.3940881348774       2502.294445801098
1                        1                        1.781                    1                        9.2                      0.10869565217391305      5.797197678540458E-13    5.568785003859822E-13    0.25                     5.0E10                   2700                     3532.3341773052084       2039.3940881348774       2502.294445801098
1                        1                        1.781                    1                        9.3                      0.10752688172043011      5.817414740186729E-13    5.586276150759218E-13    0.25                     5.0E10                   2700                     3532.3341773052084       2039.3940881348774       2502.294445801098
1                        1                        1.781                    1                        9.4                      0.10638297872340426      5.836258219869176E-13    5.602773864222113E-13    0.25                     5.0E10                   2700                     3532.3341773052084       2039.3940881348774       2502.294445801098
1                        1                        1.781                    1                        9.5                      0.10526315789473685      5.853780641324093E-13    5.618308051383996E-13    0.25                     5.0E10                   2700                     3532.3341773052084       2039.3940881348774       2502.294445801098
1                        1                        1.781                    1                        9.6                      0.10416666666666667      5.870034778730211E-13    5.632909692717025E-13    0.25                     5.0E10                   2700                     3532.3341773052084       2039.3940881348774       2502.294445801098
1                        1                        1.781                    1                        9.700000000000001        0.1030927835051546       5.885073347190948E-13    5.646610549393366E-13    0.25                     5.0E10                   2700                     3532.3341773052084       2039.3940881348774       2502.294445801098
1                        1                        1.781                    1                        9.8                      0.10204081632653059      5.898948730217177E-13    5.65944290115549E-13     0.25                     5.0E10                   2700                     3532.3341773052084       2039.3940881348774       2502.294445801098
1                        1                        1.781                    1                        9.9                      0.101010101010101        5.911712741316943E-13    5.671439312421639E-13    0.25                     5.0E10                   2700                     3532.3341773052084       2039.3940881348774       2502.294445801098
1                        1                        1.781                    1                        10                       0.1                      5.925538385798168E-13    5.684582598773046E-13    0.25                     5.0E10                   2700                     3532.3341773052084       2039.3940881348774       2502.294445801098
