1                        1                        1.5755000000000001       1                        0.1                      10                       5.33148084574644E-13     5.331493686135545E-13    0.25                     5.0E10                   2700                     3755.6450452972904       2168.322677883075        2502.294445801098
1                        1                        1.5755000000000001       1                        0.2                      5                        5.334774964965101E-13    5.331389313902885E-13    0.25                     5.0E10                   2700                     3755.6450452972904       2168.322677883075        2502.294445801098
1                        1                        1.5755000000000001       1                        0.30000000000000004      3.3333333333333326       5.36653994158366E-13     5.363056471497222E-13    0.25                     5.0E10                   2700                     3755.6450452972904       2168.322677883075        2502.294445801098
1                        1                        1.5755000000000001       1                        0.4                      2.5                      5.329543033362794E-13    5.331973730812678E-13    0.25                     5.0E10                   2700                     3755.6450452972904       2168.322677883075        2502.294445801098
1                        1                        1.5755000000000001       1                        0.5                      2                        5.325819483584942E-13    5.329232169504336E-13    0.25                     5.0E10                   2700                     3755.6450452972904       2168.322677883075        2502.294445801098
1                        1                        1.5755000000000001       1                        0.6                      1.6666666666666667       5.371422769226953E-13    5.352301096205369E-13    0.25                     5.0E10                   2700                     3755.6450452972904       2168.322677883075        2502.294445801098
1                        1                        1.5755000000000001       1                        0.7000000000000001       1.4285714285714284       5.376349182125752E-13    5.340597688804581E-13    0.25                     5.0E10                   2700                     3755.6450452972904       2168.322677883075        2502.294445801098
1                        1                        1.5755000000000001       1                        0.8                      1.25                     5.377340792454872E-13    5.273537955889816E-13    0.25                     5.0E10                   2700                     3755.6450452972904       2168.322677883075        2502.294445801098
1                        1                        1.5755000000000001       1                        0.9                      1.1111111111111112       5.354206500144617E-13    5.213987116434916E-13    0.25                     5.0E10                   2700                     3755.6450452972904       2168.322677883075        2502.294445801098
1                        1                        1.5755000000000001       1                        1                        1                        5.423381786991166E-13    5.181637555644762E-13    0.25                     5.0E10                   2700                     3755.6450452972904       2168.322677883075        2502.294445801098
1                        1                        1.5755000000000001       1                        1.1                      0.909090909090909        5.41106889914119E-13     5.140085237734343E-13    0.25                     5.0E10                   2700                     3755.6450452972904       2168.322677883075        2502.294445801098
1                        1                        1.5755000000000001       1                        1.2000000000000002       0.8333333333333331       5.426364054728647E-13    5.111827523498053E-13    0.25                     5.0E10                   2700                     3755.6450452972904       2168.322677883075        2502.294445801098
1                        1                        1.5755000000000001       1                        1.3000000000000003       0.769230769230769        5.271131970935744E-13    4.931679143010465E-13    0.25                     5.0E10                   2700                     3755.6450452972904       2168.322677883075        2502.294445801098
1                        1                        1.5755000000000001       1                        1.4000000000000001       0.7142857142857142       5.282684512128277E-13    4.942081679416739E-13    0.25                     5.0E10                   2700                     3755.6450452972904       2168.322677883075        2502.294445801098
1                        1                        1.5755000000000001       1                        1.5000000000000002       0.6666666666666665       5.34969263890662E-13     5.071155114528841E-13    0.25                     5.0E10                   2700                     3755.6450452972904       2168.322677883075        2502.294445801098
1                        1                        1.5755000000000001       1                        1.6                      0.625                    5.073478517621959E-13    4.927356566038786E-13    0.25                     5.0E10                   2700                     3755.6450452972904       2168.322677883075        2502.294445801098
1                        1                        1.5755000000000001       1                        1.7000000000000002       0.588235294117647        4.730098869640685E-13    4.716487656780286E-13    0.25                     5.0E10                   2700                     3755.6450452972904       2168.322677883075        2502.294445801098
1                        1                        1.5755000000000001       1                        1.8000000000000003       0.5555555555555555       4.5249789116754585E-13   4.630050136042471E-13    0.25                     5.0E10                   2700                     3755.6450452972904       2168.322677883075        2502.294445801098
1                        1                        1.5755000000000001       1                        1.9000000000000001       0.5263157894736842       4.4430702709490927E-13   4.683529516326346E-13    0.25                     5.0E10                   2700                     3755.6450452972904       2168.322677883075        2502.294445801098
1                        1                        1.5755000000000001       1                        2                        0.5                      4.3718283498604407E-13   4.78846195140037E-13     0.25                     5.0E10                   2700                     3755.6450452972904       2168.322677883075        2502.294445801098
1                        1                        1.5755000000000001       1                        2.1                      0.47619047619047616      4.210146705070126E-13    4.830714044138107E-13    0.25                     5.0E10                   2700                     3755.6450452972904       2168.322677883075        2502.294445801098
1                        1                        1.5755000000000001       1                        2.2                      0.4545454545454545       3.9646313274509276E-13   4.780152606906413E-13    0.25                     5.0E10                   2700                     3755.6450452972904       2168.322677883075        2502.294445801098
1                        1                        1.5755000000000001       1                        2.3000000000000003       0.43478260869565216      3.7166072560705194E-13   4.691750119094574E-13    0.25                     5.0E10                   2700                     3755.6450452972904       2168.322677883075        2502.294445801098
1                        1                        1.5755000000000001       1                        2.4000000000000004       0.4166666666666666       3.536494940880015E-13    4.632215566062251E-13    0.25                     5.0E10                   2700                     3755.6450452972904       2168.322677883075        2502.294445801098
1                        1                        1.5755000000000001       1                        2.5000000000000004       0.3999999999999999       3.451694436260137E-13    4.636777348993745E-13    0.25                     5.0E10                   2700                     3755.6450452972904       2168.322677883075        2502.294445801098
1                        1                        1.5755000000000001       1                        2.6                      0.3846153846153846       3.456282295575986E-13    4.709294734879731E-13    0.25                     5.0E10                   2700                     3755.6450452972904       2168.322677883075        2502.294445801098
1                        1                        1.5755000000000001       1                        2.7                      0.37037037037037035      3.532119181882252E-13    4.837182709120039E-13    0.25                     5.0E10                   2700                     3755.6450452972904       2168.322677883075        2502.294445801098
1                        1                        1.5755000000000001       1                        2.8000000000000003       0.3571428571428571       3.6561941598561094E-13   4.999858026726745E-13    0.25                     5.0E10                   2700                     3755.6450452972904       2168.322677883075        2502.294445801098
1                        1                        1.5755000000000001       1                        2.9000000000000004       0.3448275862068965       3.804915736151135E-13    5.173682044736267E-13    0.25                     5.0E10                   2700                     3755.6450452972904       2168.322677883075        2502.294445801098
1                        1                        1.5755000000000001       1                        3.0000000000000004       0.33333333333333326      3.9563050457054733E-13   5.335484410913115E-13    0.25                     5.0E10                   2700                     3755.6450452972904       2168.322677883075        2502.294445801098
1                        1                        1.5755000000000001       1                        3.1                      0.32258064516129037      4.092139825649346E-13    5.465985388096781E-13    0.25                     5.0E10                   2700                     3755.6450452972904       2168.322677883075        2502.294445801098
1                        1                        1.5755000000000001       1                        3.2                      0.3125                   4.1999243364848986E-13   5.55267959280392E-13     0.25                     5.0E10                   2700                     3755.6450452972904       2168.322677883075        2502.294445801098
1                        1                        1.5755000000000001       1                        3.3000000000000003       0.30303030303030304      4.273844981473581E-13    5.59113452182433E-13     0.25                     5.0E10                   2700                     3755.6450452972904       2168.322677883075        2502.294445801098
1                        1                        1.5755000000000001       1                        3.4000000000000004       0.2941176470588235       4.314150880750629E-13    5.584206338343258E-13    0.25                     5.0E10                   2700                     3755.6450452972904       2168.322677883075        2502.294445801098
1                        1                        1.5755000000000001       1                        3.5000000000000004       0.2857142857142857       4.3254844597257006E-13   5.539516438849762E-13    0.25                     5.0E10                   2700                     3755.6450452972904       2168.322677883075        2502.294445801098
1                        1                        1.5755000000000001       1                        3.6                      0.2777777777777778       4.315208106777818E-13    5.467791627091767E-13    0.25                     5.0E10                   2700                     3755.6450452972904       2168.322677883075        2502.294445801098
1                        1                        1.5755000000000001       1                        3.7                      0.2702702702702703       4.290753168427717E-13    5.379238565597791E-13    0.25                     5.0E10                   2700                     3755.6450452972904       2168.322677883075        2502.294445801098
1                        1                        1.5755000000000001       1                        3.8000000000000003       0.2631578947368421       4.2587572369120827E-13   5.28266167219341E-13     0.25                     5.0E10                   2700                     3755.6450452972904       2168.322677883075        2502.294445801098
1                        1                        1.5755000000000001       1                        3.9000000000000004       0.2564102564102564       4.224513739830901E-13    5.184891772947569E-13    0.25                     5.0E10                   2700                     3755.6450452972904       2168.322677883075        2502.294445801098
1                        1                        1.5755000000000001       1                        4                        0.25                     4.191885477817155E-13    5.09078283957464E-13     0.25                     5.0E10                   2700                     3755.6450452972904       2168.322677883075        2502.294445801098
1                        1                        1.5755000000000001       1                        4.1                      0.24390243902439027      4.163465005276768E-13    5.003494661381627E-13    0.25                     5.0E10                   2700                     3755.6450452972904       2168.322677883075        2502.294445801098
1                        1                        1.5755000000000001       1                        4.2                      0.23809523809523808      4.140831989405342E-13    4.924871179602895E-13    0.25                     5.0E10                   2700                     3755.6450452972904       2168.322677883075        2502.294445801098
1                        1                        1.5755000000000001       1                        4.3                      0.23255813953488372      4.124814207373989E-13    4.855802566102124E-13    0.25                     5.0E10                   2700                     3755.6450452972904       2168.322677883075        2502.294445801098
1                        1                        1.5755000000000001       1                        4.3999999999999995       0.22727272727272732      4.115711188463885E-13    4.796525425078964E-13    0.25                     5.0E10                   2700                     3755.6450452972904       2168.322677883075        2502.294445801098
1                        1                        1.5755000000000001       1                        4.5                      0.22222222222222224      4.1134688042259884E-13   4.746851580233915E-13    0.25                     5.0E10                   2700                     3755.6450452972904       2168.322677883075        2502.294445801098
1                        1                        1.5755000000000001       1                        4.6                      0.2173913043478261       4.1178085591813965E-13   4.70633366605701E-13     0.25                     5.0E10                   2700                     3755.6450452972904       2168.322677883075        2502.294445801098
1                        1                        1.5755000000000001       1                        4.7                      0.2127659574468085       4.128314530857503E-13    4.674375704482424E-13    0.25                     5.0E10                   2700                     3755.6450452972904       2168.322677883075        2502.294445801098
1                        1                        1.5755000000000001       1                        4.8                      0.20833333333333334      4.144500253375081E-13    4.650313514788676E-13    0.25                     5.0E10                   2700                     3755.6450452972904       2168.322677883075        2502.294445801098
1                        1                        1.5755000000000001       1                        4.9                      0.20408163265306117      4.165846078504131E-13    4.63346044691982E-13     0.25                     5.0E10                   2700                     3755.6450452972904       2168.322677883075        2502.294445801098
1                        1                        1.5755000000000001       1                        5                        0.2                      4.192365689312145E-13    4.623632097399626E-13    0.25                     5.0E10                   2700                     3755.6450452972904       2168.322677883075        2502.294445801098
1                        1                        1.5755000000000001       1                        5.1                      0.19607843137254904      4.2225942919578064E-13   4.619335882215848E-13    0.25                     5.0E10                   2700                     3755.6450452972904       2168.322677883075        2502.294445801098
1                        1                        1.5755000000000001       1                        5.2                      0.1923076923076923       4.256426766500374E-13    4.620278590268855E-13    0.25                     5.0E10                   2700                     3755.6450452972904       2168.322677883075        2502.294445801098
1                        1                        1.5755000000000001       1                        5.3                      0.18867924528301888      4.2933934832637845E-13   4.625886375145772E-13    0.25                     5.0E10                   2700                     3755.6450452972904       2168.322677883075        2502.294445801098
1                        1                        1.5755000000000001       1                        5.4                      0.18518518518518517      4.333052175173746E-13    4.635626191211214E-13    0.25                     5.0E10                   2700                     3755.6450452972904       2168.322677883075        2502.294445801098
1                        1                        1.5755000000000001       1                        5.5                      0.18181818181818182      4.37498879183134E-13     4.649005120491261E-13    0.25                     5.0E10                   2700                     3755.6450452972904       2168.322677883075        2502.294445801098
1                        1                        1.5755000000000001       1                        5.6                      0.17857142857142858      4.418817360790426E-13    4.665568671925265E-13    0.25                     5.0E10                   2700                     3755.6450452972904       2168.322677883075        2502.294445801098
1                        1                        1.5755000000000001       1                        5.7                      0.17543859649122806      4.464180340237529E-13    4.684899770300151E-13    0.25                     5.0E10                   2700                     3755.6450452972904       2168.322677883075        2502.294445801098
1                        1                        1.5755000000000001       1                        5.8                      0.1724137931034483       4.5107434526653584E-13   4.706611640138941E-13    0.25                     5.0E10                   2700                     3755.6450452972904       2168.322677883075        2502.294445801098
1                        1                        1.5755000000000001       1                        5.9                      0.1694915254237288       4.558200880723832E-13    4.730352539534021E-13    0.25                     5.0E10                   2700                     3755.6450452972904       2168.322677883075        2502.294445801098
1                        1                        1.5755000000000001       1                        6                        0.16666666666666666      4.606269948207056E-13    4.75579880216622E-13     0.25                     5.0E10                   2700                     3755.6450452972904       2168.322677883075        2502.294445801098
1                        1                        1.5755000000000001       1                        6.1                      0.16393442622950818      4.654691081148285E-13    4.782653938698496E-13    0.25                     5.0E10                   2700                     3755.6450452972904       2168.322677883075        2502.294445801098
1                        1                        1.5755000000000001       1                        6.2                      0.16129032258064518      4.703226763726738E-13    4.810646744582456E-13    0.25                     5.0E10                   2700                     3755.6450452972904       2168.322677883075        2502.294445801098
1                        1                        1.5755000000000001       1                        6.3                      0.15873015873015872      4.751660544247787E-13    4.839529584466522E-13    0.25                     5.0E10                   2700                     3755.6450452972904       2168.322677883075        2502.294445801098
1                        1                        1.5755000000000001       1                        6.4                      0.15625                  4.79979608746329E-13     4.869076838119805E-13    0.25                     5.0E10                   2700                     3755.6450452972904       2168.322677883075        2502.294445801098
1                        1                        1.5755000000000001       1                        6.5                      0.15384615384615383      4.847456263123917E-13    4.899083487306815E-13    0.25                     5.0E10                   2700                     3755.6450452972904       2168.322677883075        2502.294445801098
1                        1                        1.5755000000000001       1                        6.6                      0.15151515151515152      4.894482260221361E-13    4.929363822049684E-13    0.25                     5.0E10                   2700                     3755.6450452972904       2168.322677883075        2502.294445801098
1                        1                        1.5755000000000001       1                        6.7                      0.1492537313432836       4.940732717778626E-13    4.959750246144133E-13    0.25                     5.0E10                   2700                     3755.6450452972904       2168.322677883075        2502.294445801098
1                        1                        1.5755000000000001       1                        6.8                      0.14705882352941177      4.986082863495362E-13    4.990092163351454E-13    0.25                     5.0E10                   2700                     3755.6450452972904       2168.322677883075        2502.294445801098
1                        1                        1.5755000000000001       1                        6.9                      0.14492753623188404      5.030423654455887E-13    5.020254928951265E-13    0.25                     5.0E10                   2700                     3755.6450452972904       2168.322677883075        2502.294445801098
1                        1                        1.5755000000000001       1                        7                        0.14285714285714285      5.073660916656958E-13    5.050118854201692E-13    0.25                     5.0E10                   2700                     3755.6450452972904       2168.322677883075        2502.294445801098
1                        1                        1.5755000000000001       1                        7.1                      0.14084507042253522      5.115714481646865E-13    5.079578254131787E-13    0.25                     5.0E10                   2700                     3755.6450452972904       2168.322677883075        2502.294445801098
1                        1                        1.5755000000000001       1                        7.2                      0.1388888888888889       5.156517320708061E-13    5.108540531319246E-13    0.25                     5.0E10                   2700                     3755.6450452972904       2168.322677883075        2502.294445801098
1                        1                        1.5755000000000001       1                        7.3                      0.13698630136986303      5.1960146784997E-13      5.136925291016325E-13    0.25                     5.0E10                   2700                     3755.6450452972904       2168.322677883075        2502.294445801098
1                        1                        1.5755000000000001       1                        7.4                      0.13513513513513514      5.234163209821349E-13    5.16466348467502E-13     0.25                     5.0E10                   2700                     3755.6450452972904       2168.322677883075        2502.294445801098
1                        1                        1.5755000000000001       1                        7.5                      0.13333333333333333      5.270930122542141E-13    5.19169658004922E-13     0.25                     5.0E10                   2700                     3755.6450452972904       2168.322677883075        2502.294445801098
1                        1                        1.5755000000000001       1                        7.6                      0.13157894736842105      5.306295585027522E-13    5.217978598342157E-13    0.25                     5.0E10                   2700                     3755.6450452972904       2168.322677883075        2502.294445801098
1                        1                        1.5755000000000001       1                        7.7                      0.12987012987012989      5.340239156836752E-13    5.243464189361709E-13    0.25                     5.0E10                   2700                     3755.6450452972904       2168.322677883075        2502.294445801098
1                        1                        1.5755000000000001       1                        7.8                      0.12820512820512822      5.372757694428275E-13    5.268124298106636E-13    0.25                     5.0E10                   2700                     3755.6450452972904       2168.322677883075        2502.294445801098
1                        1                        1.5755000000000001       1                        7.9                      0.12658227848101267      5.403852344474455E-13    5.291934698464398E-13    0.25                     5.0E10                   2700                     3755.6450452972904       2168.322677883075        2502.294445801098
1                        1                        1.5755000000000001       1                        8                        0.125                    5.433530782730984E-13    5.314877943886022E-13    0.25                     5.0E10                   2700                     3755.6450452972904       2168.322677883075        2502.294445801098
1                        1                        1.5755000000000001       1                        8.1                      0.1234567901234568       5.461806491785063E-13    5.336942710690351E-13    0.25                     5.0E10                   2700                     3755.6450452972904       2168.322677883075        2502.294445801098
1                        1                        1.5755000000000001       1                        8.2                      0.12195121951219513      5.48869807287692E-13     5.35812317382412E-13     0.25                     5.0E10                   2700                     3755.6450452972904       2168.322677883075        2502.294445801098
1                        1                        1.5755000000000001       1                        8.3                      0.12048192771084336      5.51422859633534E-13     5.37841841716467E-13     0.25                     5.0E10                   2700                     3755.6450452972904       2168.322677883075        2502.294445801098
1                        1                        1.5755000000000001       1                        8.4                      0.11904761904761904      5.538424990753151E-13    5.397831878298783E-13    0.25                     5.0E10                   2700                     3755.6450452972904       2168.322677883075        2502.294445801098
1                        1                        1.5755000000000001       1                        8.5                      0.11764705882352941      5.561317472811123E-13    5.416370828441895E-13    0.25                     5.0E10                   2700                     3755.6450452972904       2168.322677883075        2502.294445801098
1                        1                        1.5755000000000001       1                        8.6                      0.11627906976744186      5.582939018001852E-13    5.434045887642668E-13    0.25                     5.0E10                   2700                     3755.6450452972904       2168.322677883075        2502.294445801098
1                        1                        1.5755000000000001       1                        8.7                      0.11494252873563218      5.603324872184145E-13    5.450870574724841E-13    0.25                     5.0E10                   2700                     3755.6450452972904       2168.322677883075        2502.294445801098
1                        1                        1.5755000000000001       1                        8.8                      0.11363636363636362      5.622512103658958E-13    5.466860891694917E-13    0.25                     5.0E10                   2700                     3755.6450452972904       2168.322677883075        2502.294445801098
1                        1                        1.5755000000000001       1                        8.9                      0.11235955056179775      5.640539194781293E-13    5.482034941675578E-13    0.25                     5.0E10                   2700                     3755.6450452972904       2168.322677883075        2502.294445801098
1                        1                        1.5755000000000001       1                        9                        0.11111111111111112      5.657445672302859E-13    5.496412579557963E-13    0.25                     5.0E10                   2700                     3755.6450452972904       2168.322677883075        2502.294445801098
1                        1                        1.5755000000000001       1                        9.1                      0.1098901098901099       5.67327177393335E-13     5.510015093678675E-13    0.25                     5.0E10                   2700                     3755.6450452972904       2168.322677883075        2502.294445801098
1                        1                        1.5755000000000001       1                        9.2                      0.10869565217391305      5.688058150589607E-13    5.522864917650306E-13    0.25                     5.0E10                   2700                     3755.6450452972904       2168.322677883075        2502.294445801098
1                        1                        1.5755000000000001       1                        9.3                      0.10752688172043011      5.701845602050147E-13    5.534985370735343E-13    0.25                     5.0E10                   2700                     3755.6450452972904       2168.322677883075        2502.294445801098
1                        1                        1.5755000000000001       1                        9.4                      0.10638297872340426      5.714674843242046E-13    5.546400424771789E-13    0.25                     5.0E10                   2700                     3755.6450452972904       2168.322677883075        2502.294445801098
1                        1                        1.5755000000000001       1                        9.5                      0.10526315789473685      5.72658630069441E-13     5.557134496706887E-13    0.25                     5.0E10                   2700                     3755.6450452972904       2168.322677883075        2502.294445801098
1                        1                        1.5755000000000001       1                        9.6                      0.10416666666666667      5.737619935068766E-13    5.567212264343403E-13    0.25                     5.0E10                   2700                     3755.6450452972904       2168.322677883075        2502.294445801098
1                        1                        1.5755000000000001       1                        9.700000000000001        0.1030927835051546       5.747815089554504E-13    5.576658504176335E-13    0.25                     5.0E10                   2700                     3755.6450452972904       2168.322677883075        2502.294445801098
1                        1                        1.5755000000000001       1                        9.8                      0.10204081632653059      5.757210361097066E-13    5.585497949569795E-13    0.25                     5.0E10                   2700                     3755.6450452972904       2168.322677883075        2502.294445801098
1                        1                        1.5755000000000001       1                        9.9                      0.101010101010101        5.765843491908575E-13    5.593755167102486E-13    0.25                     5.0E10                   2700                     3755.6450452972904       2168.322677883075        2502.294445801098
1                        1                        1.5755000000000001       1                        10                       0.1                      5.775411911520109E-13    5.602933542011991E-13    0.25                     5.0E10                   2700                     3755.6450452972904       2168.322677883075        2502.294445801098
