1                        1                        0.551                    1                        0.1                      10                       5.331498470869342E-13    5.331565798343009E-13    0.25                     5.0E10                   2700                     6350.646568426236        3666.5475058090606       2502.294445801098
1                        1                        0.551                    1                        0.2                      5                        5.334712889815905E-13    5.331446190763015E-13    0.25                     5.0E10                   2700                     6350.646568426236        3666.5475058090606       2502.294445801098
1                        1                        0.551                    1                        0.30000000000000004      3.3333333333333326       5.366506797235373E-13    5.363199567513772E-13    0.25                     5.0E10                   2700                     6350.646568426236        3666.5475058090606       2502.294445801098
1                        1                        0.551                    1                        0.4                      2.5                      5.329589481114129E-13    5.332631284140546E-13    0.25                     5.0E10                   2700                     6350.646568426236        3666.5475058090606       2502.294445801098
1                        1                        0.551                    1                        0.5                      2                        5.336162541199423E-13    5.339345454541878E-13    0.25                     5.0E10                   2700                     6350.646568426236        3666.5475058090606       2502.294445801098
1                        1                        0.551                    1                        0.6                      1.6666666666666667       5.366786891443237E-13    5.385217499592506E-13    0.25                     5.0E10                   2700                     6350.646568426236        3666.5475058090606       2502.294445801098
1                        1                        0.551                    1                        0.7000000000000001       1.4285714285714284       5.374670173127808E-13    5.420559189847286E-13    0.25                     5.0E10                   2700                     6350.646568426236        3666.5475058090606       2502.294445801098
1                        1                        0.551                    1                        0.8                      1.25                     5.305289470250635E-13    5.402934590031818E-13    0.25                     5.0E10                   2700                     6350.646568426236        3666.5475058090606       2502.294445801098
1                        1                        0.551                    1                        0.9                      1.1111111111111112       5.290982283580259E-13    5.467100244730965E-13    0.25                     5.0E10                   2700                     6350.646568426236        3666.5475058090606       2502.294445801098
1                        1                        0.551                    1                        1                        1                        5.332462837939291E-13    5.479890323803293E-13    0.25                     5.0E10                   2700                     6350.646568426236        3666.5475058090606       2502.294445801098
1                        1                        0.551                    1                        1.1                      0.909090909090909        5.444457032352139E-13    5.537004129068853E-13    0.25                     5.0E10                   2700                     6350.646568426236        3666.5475058090606       2502.294445801098
1                        1                        0.551                    1                        1.2000000000000002       0.8333333333333331       5.67470085923385E-13     5.62559847805573E-13     0.25                     5.0E10                   2700                     6350.646568426236        3666.5475058090606       2502.294445801098
1                        1                        0.551                    1                        1.3000000000000003       0.769230769230769        5.811993409794399E-13    5.606996343240491E-13    0.25                     5.0E10                   2700                     6350.646568426236        3666.5475058090606       2502.294445801098
1                        1                        0.551                    1                        1.4000000000000001       0.7142857142857142       5.894197265203172E-13    5.584001910276741E-13    0.25                     5.0E10                   2700                     6350.646568426236        3666.5475058090606       2502.294445801098
1                        1                        0.551                    1                        1.5000000000000002       0.6666666666666665       5.986435908831346E-13    5.598535999389964E-13    0.25                     5.0E10                   2700                     6350.646568426236        3666.5475058090606       2502.294445801098
1                        1                        0.551                    1                        1.6                      0.625                    6.116452230440444E-13    5.641760560259034E-13    0.25                     5.0E10                   2700                     6350.646568426236        3666.5475058090606       2502.294445801098
1                        1                        0.551                    1                        1.7000000000000002       0.588235294117647        6.332693075923506E-13    5.748596098777681E-13    0.25                     5.0E10                   2700                     6350.646568426236        3666.5475058090606       2502.294445801098
1                        1                        0.551                    1                        1.8000000000000003       0.5555555555555555       6.483737422794018E-13    5.788756306779048E-13    0.25                     5.0E10                   2700                     6350.646568426236        3666.5475058090606       2502.294445801098
1                        1                        0.551                    1                        1.9000000000000001       0.5263157894736842       6.540328221729522E-13    5.749309956928558E-13    0.25                     5.0E10                   2700                     6350.646568426236        3666.5475058090606       2502.294445801098
1                        1                        0.551                    1                        2                        0.5                      6.60123151317975E-13     5.725949039435368E-13    0.25                     5.0E10                   2700                     6350.646568426236        3666.5475058090606       2502.294445801098
1                        1                        0.551                    1                        2.1                      0.47619047619047616      6.710686623823849E-13    5.760316293074307E-13    0.25                     5.0E10                   2700                     6350.646568426236        3666.5475058090606       2502.294445801098
1                        1                        0.551                    1                        2.2                      0.4545454545454545       6.834593177775684E-13    5.823057445721147E-13    0.25                     5.0E10                   2700                     6350.646568426236        3666.5475058090606       2502.294445801098
1                        1                        0.551                    1                        2.3000000000000003       0.43478260869565216      6.916558263354755E-13    5.864485466043812E-13    0.25                     5.0E10                   2700                     6350.646568426236        3666.5475058090606       2502.294445801098
1                        1                        0.551                    1                        2.4000000000000004       0.4166666666666666       6.92498262187698E-13     5.855070655580921E-13    0.25                     5.0E10                   2700                     6350.646568426236        3666.5475058090606       2502.294445801098
1                        1                        0.551                    1                        2.5000000000000004       0.3999999999999999       6.863077076951736E-13    5.793638456860378E-13    0.25                     5.0E10                   2700                     6350.646568426236        3666.5475058090606       2502.294445801098
1                        1                        0.551                    1                        2.6                      0.3846153846153846       6.752993707398736E-13    5.697707508449601E-13    0.25                     5.0E10                   2700                     6350.646568426236        3666.5475058090606       2502.294445801098
1                        1                        0.551                    1                        2.7                      0.37037037037037035      6.621645886004606E-13    5.587318206877273E-13    0.25                     5.0E10                   2700                     6350.646568426236        3666.5475058090606       2502.294445801098
1                        1                        0.551                    1                        2.8000000000000003       0.3571428571428571       6.490322250993929E-13    5.479336678231263E-13    0.25                     5.0E10                   2700                     6350.646568426236        3666.5475058090606       2502.294445801098
1                        1                        0.551                    1                        2.9000000000000004       0.3448275862068965       6.373169594082248E-13    5.385233211139167E-13    0.25                     5.0E10                   2700                     6350.646568426236        3666.5475058090606       2502.294445801098
1                        1                        0.551                    1                        3.0000000000000004       0.33333333333333326      6.27828949920737E-13     5.31178703213039E-13     0.25                     5.0E10                   2700                     6350.646568426236        3666.5475058090606       2502.294445801098
1                        1                        0.551                    1                        3.1                      0.32258064516129037      6.209419436716596E-13    5.262330450562039E-13    0.25                     5.0E10                   2700                     6350.646568426236        3666.5475058090606       2502.294445801098
1                        1                        0.551                    1                        3.2                      0.3125                   6.167321754932743E-13    5.237807371150282E-13    0.25                     5.0E10                   2700                     6350.646568426236        3666.5475058090606       2502.294445801098
1                        1                        0.551                    1                        3.3000000000000003       0.30303030303030304      6.150760349200593E-13    5.237520029406368E-13    0.25                     5.0E10                   2700                     6350.646568426236        3666.5475058090606       2502.294445801098
1                        1                        0.551                    1                        3.4000000000000004       0.2941176470588235       6.159495659124326E-13    5.261815703736666E-13    0.25                     5.0E10                   2700                     6350.646568426236        3666.5475058090606       2502.294445801098
1                        1                        0.551                    1                        3.5000000000000004       0.2857142857142857       6.185423724137442E-13    5.303736245224649E-13    0.25                     5.0E10                   2700                     6350.646568426236        3666.5475058090606       2502.294445801098
1                        1                        0.551                    1                        3.6                      0.2777777777777778       6.226779262648859E-13    5.36218506239975E-13     0.25                     5.0E10                   2700                     6350.646568426236        3666.5475058090606       2502.294445801098
1                        1                        0.551                    1                        3.7                      0.2702702702702703       6.279234995562621E-13    5.433601794639536E-13    0.25                     5.0E10                   2700                     6350.646568426236        3666.5475058090606       2502.294445801098
1                        1                        0.551                    1                        3.8000000000000003       0.2631578947368421       6.338373518209217E-13    5.514218971720535E-13    0.25                     5.0E10                   2700                     6350.646568426236        3666.5475058090606       2502.294445801098
1                        1                        0.551                    1                        3.9000000000000004       0.2564102564102564       6.399886245853283E-13    5.600219647661634E-13    0.25                     5.0E10                   2700                     6350.646568426236        3666.5475058090606       2502.294445801098
1                        1                        0.551                    1                        4                        0.25                     6.459756533794851E-13    5.687891158164934E-13    0.25                     5.0E10                   2700                     6350.646568426236        3666.5475058090606       2502.294445801098
1                        1                        0.551                    1                        4.1                      0.24390243902439027      6.514425451054928E-13    5.773777484698582E-13    0.25                     5.0E10                   2700                     6350.646568426236        3666.5475058090606       2502.294445801098
1                        1                        0.551                    1                        4.2                      0.23809523809523808      6.56092731817833E-13     5.854816708365343E-13    0.25                     5.0E10                   2700                     6350.646568426236        3666.5475058090606       2502.294445801098
1                        1                        0.551                    1                        4.3                      0.23255813953488372      6.59698436368802E-13     5.928453034200112E-13    0.25                     5.0E10                   2700                     6350.646568426236        3666.5475058090606       2502.294445801098
1                        1                        0.551                    1                        4.3999999999999995       0.22727272727272732      6.621051831331691E-13    5.99271233863997E-13     0.25                     5.0E10                   2700                     6350.646568426236        3666.5475058090606       2502.294445801098
1                        1                        0.551                    1                        4.5                      0.22222222222222224      6.632310870603021E-13    6.04623467292058E-13     0.25                     5.0E10                   2700                     6350.646568426236        3666.5475058090606       2502.294445801098
1                        1                        0.551                    1                        4.6                      0.2173913043478261       6.630614568595197E-13    6.088263778884347E-13    0.25                     5.0E10                   2700                     6350.646568426236        3666.5475058090606       2502.294445801098
1                        1                        0.551                    1                        4.7                      0.2127659574468085       6.616390151294438E-13    6.11859448215559E-13     0.25                     5.0E10                   2700                     6350.646568426236        3666.5475058090606       2502.294445801098
1                        1                        0.551                    1                        4.8                      0.20833333333333334      6.590528005898448E-13    6.137497536047528E-13    0.25                     5.0E10                   2700                     6350.646568426236        3666.5475058090606       2502.294445801098
1                        1                        0.551                    1                        4.9                      0.20408163265306117      6.554250302708605E-13    6.145621084844625E-13    0.25                     5.0E10                   2700                     6350.646568426236        3666.5475058090606       2502.294445801098
1                        1                        0.551                    1                        5                        0.2                      6.509862720565057E-13    6.144706415877318E-13    0.25                     5.0E10                   2700                     6350.646568426236        3666.5475058090606       2502.294445801098
1                        1                        0.551                    1                        5.1                      0.19607843137254904      6.456775338311086E-13    6.13386910689141E-13     0.25                     5.0E10                   2700                     6350.646568426236        3666.5475058090606       2502.294445801098
1                        1                        0.551                    1                        5.2                      0.1923076923076923       6.397831867889032E-13    6.115530456735407E-13    0.25                     5.0E10                   2700                     6350.646568426236        3666.5475058090606       2502.294445801098
1                        1                        0.551                    1                        5.3                      0.18867924528301888      6.334496162314108E-13    6.090898530824503E-13    0.25                     5.0E10                   2700                     6350.646568426236        3666.5475058090606       2502.294445801098
1                        1                        0.551                    1                        5.4                      0.18518518518518517      6.268118665156564E-13    6.061145509984748E-13    0.25                     5.0E10                   2700                     6350.646568426236        3666.5475058090606       2502.294445801098
1                        1                        0.551                    1                        5.5                      0.18181818181818182      6.199906841714181E-13    6.027369303807454E-13    0.25                     5.0E10                   2700                     6350.646568426236        3666.5475058090606       2502.294445801098
1                        1                        0.551                    1                        5.6                      0.17857142857142858      6.13091097283071E-13     5.99056912745101E-13     0.25                     5.0E10                   2700                     6350.646568426236        3666.5475058090606       2502.294445801098
1                        1                        0.551                    1                        5.7                      0.17543859649122806      6.062023947717506E-13    5.951635027043143E-13    0.25                     5.0E10                   2700                     6350.646568426236        3666.5475058090606       2502.294445801098
1                        1                        0.551                    1                        5.8                      0.1724137931034483       5.993978336400878E-13    5.911333975242317E-13    0.25                     5.0E10                   2700                     6350.646568426236        3666.5475058090606       2502.294445801098
1                        1                        0.551                    1                        5.9                      0.1694915254237288       5.927370828942315E-13    5.870326568323456E-13    0.25                     5.0E10                   2700                     6350.646568426236        3666.5475058090606       2502.294445801098
1                        1                        0.551                    1                        6                        0.16666666666666666      5.862668032607116E-13    5.829164068322466E-13    0.25                     5.0E10                   2700                     6350.646568426236        3666.5475058090606       2502.294445801098
1                        1                        0.551                    1                        6.1                      0.16393442622950818      5.800224353136944E-13    5.788299847353993E-13    0.25                     5.0E10                   2700                     6350.646568426236        3666.5475058090606       2502.294445801098
1                        1                        0.551                    1                        6.2                      0.16129032258064518      5.740297817815997E-13    5.748099794123649E-13    0.25                     5.0E10                   2700                     6350.646568426236        3666.5475058090606       2502.294445801098
1                        1                        0.551                    1                        6.3                      0.15873015873015872      5.683065151919035E-13    5.708853090745633E-13    0.25                     5.0E10                   2700                     6350.646568426236        3666.5475058090606       2502.294445801098
1                        1                        0.551                    1                        6.4                      0.15625                  5.628635620913369E-13    5.670782731863615E-13    0.25                     5.0E10                   2700                     6350.646568426236        3666.5475058090606       2502.294445801098
1                        1                        0.551                    1                        6.5                      0.15384615384615383      5.577063390715369E-13    5.6340553893832E-13      0.25                     5.0E10                   2700                     6350.646568426236        3666.5475058090606       2502.294445801098
1                        1                        0.551                    1                        6.6                      0.15151515151515152      5.528358328092208E-13    5.598790399768067E-13    0.25                     5.0E10                   2700                     6350.646568426236        3666.5475058090606       2502.294445801098
1                        1                        0.551                    1                        6.7                      0.1492537313432836       5.482495274851713E-13    5.565067774695502E-13    0.25                     5.0E10                   2700                     6350.646568426236        3666.5475058090606       2502.294445801098
1                        1                        0.551                    1                        6.8                      0.14705882352941177      5.439421895238996E-13    5.532935218999753E-13    0.25                     5.0E10                   2700                     6350.646568426236        3666.5475058090606       2502.294445801098
1                        1                        0.551                    1                        6.9                      0.14492753623188404      5.399065232795663E-13    5.502414194081738E-13    0.25                     5.0E10                   2700                     6350.646568426236        3666.5475058090606       2502.294445801098
1                        1                        0.551                    1                        7                        0.14285714285714285      5.361337128154514E-13    5.473505096662125E-13    0.25                     5.0E10                   2700                     6350.646568426236        3666.5475058090606       2502.294445801098
1                        1                        0.551                    1                        7.1                      0.14084507042253522      5.326138648779432E-13    5.446191638688491E-13    0.25                     5.0E10                   2700                     6350.646568426236        3666.5475058090606       2502.294445801098
1                        1                        0.551                    1                        7.2                      0.1388888888888889       5.293363674937312E-13    5.420444519930123E-13    0.25                     5.0E10                   2700                     6350.646568426236        3666.5475058090606       2502.294445801098
1                        1                        0.551                    1                        7.3                      0.13698630136986303      5.262901773165853E-13    5.396224483905936E-13    0.25                     5.0E10                   2700                     6350.646568426236        3666.5475058090606       2502.294445801098
1                        1                        0.551                    1                        7.4                      0.13513513513513514      5.234640474809731E-13    5.37348484258765E-13     0.25                     5.0E10                   2700                     6350.646568426236        3666.5475058090606       2502.294445801098
1                        1                        0.551                    1                        7.5                      0.13333333333333333      5.208467060797204E-13    5.352173547569028E-13    0.25                     5.0E10                   2700                     6350.646568426236        3666.5475058090606       2502.294445801098
1                        1                        0.551                    1                        7.6                      0.13157894736842105      5.184275957540158E-13    5.332241308078492E-13    0.25                     5.0E10                   2700                     6350.646568426236        3666.5475058090606       2502.294445801098
1                        1                        0.551                    1                        7.7                      0.12987012987012989      5.161945989326506E-13    5.313617508090602E-13    0.25                     5.0E10                   2700                     6350.646568426236        3666.5475058090606       2502.294445801098
1                        1                        0.551                    1                        7.8                      0.12820512820512822      5.141376448927143E-13    5.29624906559884E-13     0.25                     5.0E10                   2700                     6350.646568426236        3666.5475058090606       2502.294445801098
1                        1                        0.551                    1                        7.9                      0.12658227848101267      5.122464401935005E-13    5.280076399449022E-13    0.25                     5.0E10                   2700                     6350.646568426236        3666.5475058090606       2502.294445801098
1                        1                        0.551                    1                        8                        0.125                    5.105110824467985E-13    5.265040274183756E-13    0.25                     5.0E10                   2700                     6350.646568426236        3666.5475058090606       2502.294445801098
1                        1                        0.551                    1                        8.1                      0.1234567901234568       5.089220855935414E-13    5.251082333762243E-13    0.25                     5.0E10                   2700                     6350.646568426236        3666.5475058090606       2502.294445801098
1                        1                        0.551                    1                        8.2                      0.12195121951219513      5.074703942146425E-13    5.238145509374661E-13    0.25                     5.0E10                   2700                     6350.646568426236        3666.5475058090606       2502.294445801098
1                        1                        0.551                    1                        8.3                      0.12048192771084336      5.061473894286227E-13    5.226174325400078E-13    0.25                     5.0E10                   2700                     6350.646568426236        3666.5475058090606       2502.294445801098
1                        1                        0.551                    1                        8.4                      0.11904761904761904      5.049448881731198E-13    5.215115121878963E-13    0.25                     5.0E10                   2700                     6350.646568426236        3666.5475058090606       2502.294445801098
1                        1                        0.551                    1                        8.5                      0.11764705882352941      5.038551375050465E-13    5.204916209760592E-13    0.25                     5.0E10                   2700                     6350.646568426236        3666.5475058090606       2502.294445801098
1                        1                        0.551                    1                        8.6                      0.11627906976744186      5.028708051293576E-13    5.195527971954531E-13    0.25                     5.0E10                   2700                     6350.646568426236        3666.5475058090606       2502.294445801098
1                        1                        0.551                    1                        8.7                      0.11494252873563218      5.019849671795889E-13    5.186902921006282E-13    0.25                     5.0E10                   2700                     6350.646568426236        3666.5475058090606       2502.294445801098
1                        1                        0.551                    1                        8.8                      0.11363636363636362      5.011910940302567E-13    5.178995722259624E-13    0.25                     5.0E10                   2700                     6350.646568426236        3666.5475058090606       2502.294445801098
1                        1                        0.551                    1                        8.9                      0.11235955056179775      5.004830347983875E-13    5.171763189989966E-13    0.25                     5.0E10                   2700                     6350.646568426236        3666.5475058090606       2502.294445801098
1                        1                        0.551                    1                        9                        0.11111111111111112      4.9985500104939E-13      5.16516426253807E-13     0.25                     5.0E10                   2700                     6350.646568426236        3666.5475058090606       2502.294445801098
1                        1                        0.551                    1                        9.1                      0.1098901098901099       4.993015500124826E-13    5.159159960939674E-13    0.25                     5.0E10                   2700                     6350.646568426236        3666.5475058090606       2502.294445801098
1                        1                        0.551                    1                        9.2                      0.10869565217391305      4.988175677156421E-13    5.153713335514146E-13    0.25                     5.0E10                   2700                     6350.646568426236        3666.5475058090606       2502.294445801098
1                        1                        0.551                    1                        9.3                      0.10752688172043011      4.983982522326076E-13    5.148789403528291E-13    0.25                     5.0E10                   2700                     6350.646568426236        3666.5475058090606       2502.294445801098
1                        1                        0.551                    1                        9.4                      0.10638297872340426      4.980390971564412E-13    5.144355080190136E-13    0.25                     5.0E10                   2700                     6350.646568426236        3666.5475058090606       2502.294445801098
1                        1                        0.551                    1                        9.5                      0.10526315789473685      4.977358755722305E-13    5.140379105768392E-13    0.25                     5.0E10                   2700                     6350.646568426236        3666.5475058090606       2502.294445801098
1                        1                        0.551                    1                        9.6                      0.10416666666666667      4.974846244223858E-13    5.13683196960389E-13     0.25                     5.0E10                   2700                     6350.646568426236        3666.5475058090606       2502.294445801098
1                        1                        0.551                    1                        9.700000000000001        0.1030927835051546       4.972816295456156E-13    5.133685833306995E-13    0.25                     5.0E10                   2700                     6350.646568426236        3666.5475058090606       2502.294445801098
1                        1                        0.551                    1                        9.8                      0.10204081632653059      4.971234113023322E-13    5.130914453687503E-13    0.25                     5.0E10                   2700                     6350.646568426236        3666.5475058090606       2502.294445801098
1                        1                        0.551                    1                        9.9                      0.101010101010101        4.970067107845173E-13    5.128493105954898E-13    0.25                     5.0E10                   2700                     6350.646568426236        3666.5475058090606       2502.294445801098
1                        1                        0.551                    1                        10                       0.1                      4.969491451639885E-13    5.12628517286143E-13     0.25                     5.0E10                   2700                     6350.646568426236        3666.5475058090606       2502.294445801098
