1                        1                        0.5105                   1                        0.1                      10                       5.331454237068189E-13    5.331534050036012E-13    0.25                     5.0E10                   2700                     6597.750220865362        3809.21286606253         2502.294445801098
1                        1                        0.5105                   1                        0.2                      5                        5.334681855141242E-13    5.331408026826828E-13    0.25                     5.0E10                   2700                     6597.750220865362        3809.21286606253         2502.294445801098
1                        1                        0.5105                   1                        0.30000000000000004      3.3333333333333326       5.366601603409316E-13    5.363261982917369E-13    0.25                     5.0E10                   2700                     6597.750220865362        3809.21286606253         2502.294445801098
1                        1                        0.5105                   1                        0.4                      2.5                      5.329763418294583E-13    5.332610076094415E-13    0.25                     5.0E10                   2700                     6597.750220865362        3809.21286606253         2502.294445801098
1                        1                        0.5105                   1                        0.5                      2                        5.337122852831628E-13    5.339921660950795E-13    0.25                     5.0E10                   2700                     6597.750220865362        3809.21286606253         2502.294445801098
1                        1                        0.5105                   1                        0.6                      1.6666666666666667       5.366553390380723E-13    5.386502901423784E-13    0.25                     5.0E10                   2700                     6597.750220865362        3809.21286606253         2502.294445801098
1                        1                        0.5105                   1                        0.7000000000000001       1.4285714285714284       5.374570794564194E-13    5.423589031701224E-13    0.25                     5.0E10                   2700                     6597.750220865362        3809.21286606253         2502.294445801098
1                        1                        0.5105                   1                        0.8                      1.25                     5.301630798956826E-13    5.406562727073063E-13    0.25                     5.0E10                   2700                     6597.750220865362        3809.21286606253         2502.294445801098
1                        1                        0.5105                   1                        0.9                      1.1111111111111112       5.294497207795406E-13    5.476813664477452E-13    0.25                     5.0E10                   2700                     6597.750220865362        3809.21286606253         2502.294445801098
1                        1                        0.5105                   1                        1                        1                        5.34206800199329E-13     5.489306146860599E-13    0.25                     5.0E10                   2700                     6597.750220865362        3809.21286606253         2502.294445801098
1                        1                        0.5105                   1                        1.1                      0.909090909090909        5.480575523296557E-13    5.549537695972218E-13    0.25                     5.0E10                   2700                     6597.750220865362        3809.21286606253         2502.294445801098
1                        1                        0.5105                   1                        1.2000000000000002       0.8333333333333331       5.735993179223852E-13    5.639678807123478E-13    0.25                     5.0E10                   2700                     6597.750220865362        3809.21286606253         2502.294445801098
1                        1                        0.5105                   1                        1.3000000000000003       0.769230769230769        5.880190448606598E-13    5.621641085851516E-13    0.25                     5.0E10                   2700                     6597.750220865362        3809.21286606253         2502.294445801098
1                        1                        0.5105                   1                        1.4000000000000001       0.7142857142857142       5.958271176259548E-13    5.595641519162864E-13    0.25                     5.0E10                   2700                     6597.750220865362        3809.21286606253         2502.294445801098
1                        1                        0.5105                   1                        1.5000000000000002       0.6666666666666665       6.050776178991537E-13    5.609628846225147E-13    0.25                     5.0E10                   2700                     6597.750220865362        3809.21286606253         2502.294445801098
1                        1                        0.5105                   1                        1.6                      0.625                    6.191331802349363E-13    5.659410230312134E-13    0.25                     5.0E10                   2700                     6597.750220865362        3809.21286606253         2502.294445801098
1                        1                        0.5105                   1                        1.7000000000000002       0.588235294117647        6.422244378638114E-13    5.774715328339311E-13    0.25                     5.0E10                   2700                     6597.750220865362        3809.21286606253         2502.294445801098
1                        1                        0.5105                   1                        1.8000000000000003       0.5555555555555555       6.582979771339582E-13    5.81882325396355E-13     0.25                     5.0E10                   2700                     6597.750220865362        3809.21286606253         2502.294445801098
1                        1                        0.5105                   1                        1.9000000000000001       0.5263157894736842       6.643803598690019E-13    5.77909525393369E-13     0.25                     5.0E10                   2700                     6597.750220865362        3809.21286606253         2502.294445801098
1                        1                        0.5105                   1                        2                        0.5                      6.708864405370345E-13    5.755297938443788E-13    0.25                     5.0E10                   2700                     6597.750220865362        3809.21286606253         2502.294445801098
1                        1                        0.5105                   1                        2.1                      0.47619047619047616      6.825485251548013E-13    5.791387408737453E-13    0.25                     5.0E10                   2700                     6597.750220865362        3809.21286606253         2502.294445801098
1                        1                        0.5105                   1                        2.2                      0.4545454545454545       6.958516991228109E-13    5.857559838778163E-13    0.25                     5.0E10                   2700                     6597.750220865362        3809.21286606253         2502.294445801098
1                        1                        0.5105                   1                        2.3000000000000003       0.43478260869565216      7.048093729953252E-13    5.90196217654913E-13     0.25                     5.0E10                   2700                     6597.750220865362        3809.21286606253         2502.294445801098
1                        1                        0.5105                   1                        2.4000000000000004       0.4166666666666666       7.059146377282393E-13    5.892667134978243E-13    0.25                     5.0E10                   2700                     6597.750220865362        3809.21286606253         2502.294445801098
1                        1                        0.5105                   1                        2.5000000000000004       0.3999999999999999       6.993380410302854E-13    5.827282970310951E-13    0.25                     5.0E10                   2700                     6597.750220865362        3809.21286606253         2502.294445801098
1                        1                        0.5105                   1                        2.6                      0.3846153846153846       6.873989562950587E-13    5.72392385375034E-13     0.25                     5.0E10                   2700                     6597.750220865362        3809.21286606253         2502.294445801098
1                        1                        0.5105                   1                        2.7                      0.37037037037037035      6.730196728891892E-13    5.604160308624053E-13    0.25                     5.0E10                   2700                     6597.750220865362        3809.21286606253         2502.294445801098
1                        1                        0.5105                   1                        2.8000000000000003       0.3571428571428571       6.585812735364454E-13    5.486626424530343E-13    0.25                     5.0E10                   2700                     6597.750220865362        3809.21286606253         2502.294445801098
1                        1                        0.5105                   1                        2.9000000000000004       0.3448275862068965       6.456944815291718E-13    5.384200071497595E-13    0.25                     5.0E10                   2700                     6597.750220865362        3809.21286606253         2502.294445801098
1                        1                        0.5105                   1                        3.0000000000000004       0.33333333333333326      6.352889014169672E-13    5.304533025591119E-13    0.25                     5.0E10                   2700                     6597.750220865362        3809.21286606253         2502.294445801098
1                        1                        0.5105                   1                        3.1                      0.32258064516129037      6.277910381228816E-13    5.25135357678792E-13     0.25                     5.0E10                   2700                     6597.750220865362        3809.21286606253         2502.294445801098
1                        1                        0.5105                   1                        3.2                      0.3125                   6.232828990744535E-13    5.225664703309527E-13    0.25                     5.0E10                   2700                     6597.750220865362        3809.21286606253         2502.294445801098
1                        1                        0.5105                   1                        3.3000000000000003       0.30303030303030304      6.216180446925957E-13    5.226624288204943E-13    0.25                     5.0E10                   2700                     6597.750220865362        3809.21286606253         2502.294445801098
1                        1                        0.5105                   1                        3.4000000000000004       0.2941176470588235       6.227493157773687E-13    5.254431532325187E-13    0.25                     5.0E10                   2700                     6597.750220865362        3809.21286606253         2502.294445801098
1                        1                        0.5105                   1                        3.5000000000000004       0.2857142857142857       6.257918508512859E-13    5.301625470012617E-13    0.25                     5.0E10                   2700                     6597.750220865362        3809.21286606253         2502.294445801098
1                        1                        0.5105                   1                        3.6                      0.2777777777777778       6.305328380165779E-13    5.366859398200069E-13    0.25                     5.0E10                   2700                     6597.750220865362        3809.21286606253         2502.294445801098
1                        1                        0.5105                   1                        3.7                      0.2702702702702703       6.36489071859758E-13     5.446217552961124E-13    0.25                     5.0E10                   2700                     6597.750220865362        3809.21286606253         2502.294445801098
1                        1                        0.5105                   1                        3.8000000000000003       0.2631578947368421       6.431683031931015E-13    5.535561207622363E-13    0.25                     5.0E10                   2700                     6597.750220865362        3809.21286606253         2502.294445801098
1                        1                        0.5105                   1                        3.9000000000000004       0.2564102564102564       6.500904262860416E-13    5.63069154646407E-13     0.25                     5.0E10                   2700                     6597.750220865362        3809.21286606253         2502.294445801098
1                        1                        0.5105                   1                        4                        0.25                     6.568073814157622E-13    5.727513141646703E-13    0.25                     5.0E10                   2700                     6597.750220865362        3809.21286606253         2502.294445801098
1                        1                        0.5105                   1                        4.1                      0.24390243902439027      6.629217033656342E-13    5.822201596756496E-13    0.25                     5.0E10                   2700                     6597.750220865362        3809.21286606253         2502.294445801098
1                        1                        0.5105                   1                        4.2                      0.23809523809523808      6.681021039078913E-13    5.911359522986764E-13    0.25                     5.0E10                   2700                     6597.750220865362        3809.21286606253         2502.294445801098
1                        1                        0.5105                   1                        4.3                      0.23255813953488372      6.720946857872591E-13    5.992147329953238E-13    0.25                     5.0E10                   2700                     6597.750220865362        3809.21286606253         2502.294445801098
1                        1                        0.5105                   1                        4.3999999999999995       0.22727272727272732      6.747285713500241E-13    6.062374276622058E-13    0.25                     5.0E10                   2700                     6597.750220865362        3809.21286606253         2502.294445801098
1                        1                        0.5105                   1                        4.5                      0.22222222222222224      6.759154565940414E-13    6.120540424911791E-13    0.25                     5.0E10                   2700                     6597.750220865362        3809.21286606253         2502.294445801098
1                        1                        0.5105                   1                        4.6                      0.2173913043478261       6.756435828009443E-13    6.165828122263654E-13    0.25                     5.0E10                   2700                     6597.750220865362        3809.21286606253         2502.294445801098
1                        1                        0.5105                   1                        4.7                      0.2127659574468085       6.739665598202043E-13    6.198044038836516E-13    0.25                     5.0E10                   2700                     6597.750220865362        3809.21286606253         2502.294445801098
1                        1                        0.5105                   1                        4.8                      0.20833333333333334      6.709903583010047E-13    6.217532731461671E-13    0.25                     5.0E10                   2700                     6597.750220865362        3809.21286606253         2502.294445801098
1                        1                        0.5105                   1                        4.9                      0.20408163265306117      6.66858060082158E-13     6.225063279272866E-13    0.25                     5.0E10                   2700                     6597.750220865362        3809.21286606253         2502.294445801098
1                        1                        0.5105                   1                        5                        0.2                      6.618178609120906E-13    6.222480141114732E-13    0.25                     5.0E10                   2700                     6597.750220865362        3809.21286606253         2502.294445801098
1                        1                        0.5105                   1                        5.1                      0.19607843137254904      6.558409483735867E-13    6.20913660892032E-13     0.25                     5.0E10                   2700                     6597.750220865362        3809.21286606253         2502.294445801098
1                        1                        0.5105                   1                        5.2                      0.1923076923076923       6.492319505450005E-13    6.187609995564179E-13    0.25                     5.0E10                   2700                     6597.750220865362        3809.21286606253         2502.294445801098
1                        1                        0.5105                   1                        5.3                      0.18867924528301888      6.421566483006212E-13    6.159271076194707E-13    0.25                     5.0E10                   2700                     6597.750220865362        3809.21286606253         2502.294445801098
1                        1                        0.5105                   1                        5.4                      0.18518518518518517      6.347667916013383E-13    6.125440635602484E-13    0.25                     5.0E10                   2700                     6597.750220865362        3809.21286606253         2502.294445801098
1                        1                        0.5105                   1                        5.5                      0.18181818181818182      6.271969531123846E-13    6.087347143912147E-13    0.25                     5.0E10                   2700                     6597.750220865362        3809.21286606253         2502.294445801098
1                        1                        0.5105                   1                        5.6                      0.17857142857142858      6.195631614755362E-13    6.046100691505139E-13    0.25                     5.0E10                   2700                     6597.750220865362        3809.21286606253         2502.294445801098
1                        1                        0.5105                   1                        5.7                      0.17543859649122806      6.119631016349239E-13    6.00268264584378E-13     0.25                     5.0E10                   2700                     6597.750220865362        3809.21286606253         2502.294445801098
1                        1                        0.5105                   1                        5.8                      0.1724137931034483       6.044761097358073E-13    5.957932698126619E-13    0.25                     5.0E10                   2700                     6597.750220865362        3809.21286606253         2502.294445801098
1                        1                        0.5105                   1                        5.9                      0.1694915254237288       5.971659938262413E-13    5.91256783360203E-13     0.25                     5.0E10                   2700                     6597.750220865362        3809.21286606253         2502.294445801098
1                        1                        0.5105                   1                        6                        0.16666666666666666      5.90081942093539E-13     5.867181331186483E-13    0.25                     5.0E10                   2700                     6597.750220865362        3809.21286606253         2502.294445801098
1                        1                        0.5105                   1                        6.1                      0.16393442622950818      5.832606405779131E-13    5.822256533770059E-13    0.25                     5.0E10                   2700                     6597.750220865362        3809.21286606253         2502.294445801098
1                        1                        0.5105                   1                        6.2                      0.16129032258064518      5.767281441953156E-13    5.778179412877453E-13    0.25                     5.0E10                   2700                     6597.750220865362        3809.21286606253         2502.294445801098
1                        1                        0.5105                   1                        6.3                      0.15873015873015872      5.705016314698415E-13    5.73525130029E-13        0.25                     5.0E10                   2700                     6597.750220865362        3809.21286606253         2502.294445801098
1                        1                        0.5105                   1                        6.4                      0.15625                  5.645909939199705E-13    5.69370111375471E-13     0.25                     5.0E10                   2700                     6597.750220865362        3809.21286606253         2502.294445801098
1                        1                        0.5105                   1                        6.5                      0.15384615384615383      5.590002381184212E-13    5.653696669538118E-13    0.25                     5.0E10                   2700                     6597.750220865362        3809.21286606253         2502.294445801098
1                        1                        0.5105                   1                        6.6                      0.15151515151515152      5.537286970574894E-13    5.615354869907647E-13    0.25                     5.0E10                   2700                     6597.750220865362        3809.21286606253         2502.294445801098
1                        1                        0.5105                   1                        6.7                      0.1492537313432836       5.487720591995852E-13    5.578750689191477E-13    0.25                     5.0E10                   2700                     6597.750220865362        3809.21286606253         2502.294445801098
1                        1                        0.5105                   1                        6.8                      0.14705882352941177      5.441232301665865E-13    5.5439249707916E-13      0.25                     5.0E10                   2700                     6597.750220865362        3809.21286606253         2502.294445801098
1                        1                        0.5105                   1                        6.9                      0.14492753623188404      5.39773045316309E-13     5.510891102810466E-13    0.25                     5.0E10                   2700                     6597.750220865362        3809.21286606253         2502.294445801098
1                        1                        0.5105                   1                        7                        0.14285714285714285      5.357108524291668E-13    5.47964067033047E-13     0.25                     5.0E10                   2700                     6597.750220865362        3809.21286606253         2502.294445801098
1                        1                        0.5105                   1                        7.1                      0.14084507042253522      5.319249830719611E-13    5.450148195609703E-13    0.25                     5.0E10                   2700                     6597.750220865362        3809.21286606253         2502.294445801098
1                        1                        0.5105                   1                        7.2                      0.1388888888888889       5.284031299448543E-13    5.42237507990044E-13     0.25                     5.0E10                   2700                     6597.750220865362        3809.21286606253         2502.294445801098
1                        1                        0.5105                   1                        7.3                      0.13698630136986303      5.251326456663009E-13    5.396272856300124E-13    0.25                     5.0E10                   2700                     6597.750220865362        3809.21286606253         2502.294445801098
1                        1                        0.5105                   1                        7.4                      0.13513513513513514      5.221007766228213E-13    5.371785854713674E-13    0.25                     5.0E10                   2700                     6597.750220865362        3809.21286606253         2502.294445801098
1                        1                        0.5105                   1                        7.5                      0.13333333333333333      5.192948434635579E-13    5.348853369357073E-13    0.25                     5.0E10                   2700                     6597.750220865362        3809.21286606253         2502.294445801098
1                        1                        0.5105                   1                        7.6                      0.13157894736842105      5.167029875671198E-13    5.327417958588497E-13    0.25                     5.0E10                   2700                     6597.750220865362        3809.21286606253         2502.294445801098
1                        1                        0.5105                   1                        7.7                      0.12987012987012989      5.143118624299241E-13    5.307400922265291E-13    0.25                     5.0E10                   2700                     6597.750220865362        3809.21286606253         2502.294445801098
1                        1                        0.5105                   1                        7.8                      0.12820512820512822      5.121102836051653E-13    5.288741895391221E-13    0.25                     5.0E10                   2700                     6597.750220865362        3809.21286606253         2502.294445801098
1                        1                        0.5105                   1                        7.9                      0.12658227848101267      5.100869226950194E-13    5.27137434181027E-13     0.25                     5.0E10                   2700                     6597.750220865362        3809.21286606253         2502.294445801098
1                        1                        0.5105                   1                        8                        0.125                    5.082309237136749E-13    5.255232512816853E-13    0.25                     5.0E10                   2700                     6597.750220865362        3809.21286606253         2502.294445801098
1                        1                        0.5105                   1                        8.1                      0.1234567901234568       5.065319228360546E-13    5.240251968300966E-13    0.25                     5.0E10                   2700                     6597.750220865362        3809.21286606253         2502.294445801098
1                        1                        0.5105                   1                        8.2                      0.12195121951219513      5.049800571942241E-13    5.226369967319283E-13    0.25                     5.0E10                   2700                     6597.750220865362        3809.21286606253         2502.294445801098
1                        1                        0.5105                   1                        8.3                      0.12048192771084336      5.035659653925235E-13    5.213525753834268E-13    0.25                     5.0E10                   2700                     6597.750220865362        3809.21286606253         2502.294445801098
1                        1                        0.5105                   1                        8.4                      0.11904761904761904      5.022807816344444E-13    5.201660757329585E-13    0.25                     5.0E10                   2700                     6597.750220865362        3809.21286606253         2502.294445801098
1                        1                        0.5105                   1                        8.5                      0.11764705882352941      5.011161251403205E-13    5.190718725444819E-13    0.25                     5.0E10                   2700                     6597.750220865362        3809.21286606253         2502.294445801098
1                        1                        0.5105                   1                        8.6                      0.11627906976744186      5.000640861048314E-13    5.180645802417675E-13    0.25                     5.0E10                   2700                     6597.750220865362        3809.21286606253         2502.294445801098
1                        1                        0.5105                   1                        8.7                      0.11494252873563218      4.991172092225582E-13    5.171390564554219E-13    0.25                     5.0E10                   2700                     6597.750220865362        3809.21286606253         2502.294445801098
1                        1                        0.5105                   1                        8.8                      0.11363636363636362      4.982684755697788E-13    5.162904021992717E-13    0.25                     5.0E10                   2700                     6597.750220865362        3809.21286606253         2502.294445801098
1                        1                        0.5105                   1                        8.9                      0.11235955056179775      4.975112834856817E-13    5.155139594404678E-13    0.25                     5.0E10                   2700                     6597.750220865362        3809.21286606253         2502.294445801098
1                        1                        0.5105                   1                        9                        0.11111111111111112      4.968394289599374E-13    5.148053066824454E-13    0.25                     5.0E10                   2700                     6597.750220865362        3809.21286606253         2502.294445801098
1                        1                        0.5105                   1                        9.1                      0.1098901098901099       4.962470858153528E-13    5.141602530157536E-13    0.25                     5.0E10                   2700                     6597.750220865362        3809.21286606253         2502.294445801098
1                        1                        0.5105                   1                        9.2                      0.10869565217391305      4.957287860737208E-13    5.135748310850984E-13    0.25                     5.0E10                   2700                     6597.750220865362        3809.21286606253         2502.294445801098
1                        1                        0.5105                   1                        9.3                      0.10752688172043011      4.952794006831472E-13    5.130452892828819E-13    0.25                     5.0E10                   2700                     6597.750220865362        3809.21286606253         2502.294445801098
1                        1                        0.5105                   1                        9.4                      0.10638297872340426      4.948941206982807E-13    5.125680833927162E-13    0.25                     5.0E10                   2700                     6597.750220865362        3809.21286606253         2502.294445801098
1                        1                        0.5105                   1                        9.5                      0.10526315789473685      4.945684391690642E-13    5.121398679546697E-13    0.25                     5.0E10                   2700                     6597.750220865362        3809.21286606253         2502.294445801098
1                        1                        0.5105                   1                        9.6                      0.10416666666666667      4.942981336136113E-13    5.117574874259673E-13    0.25                     5.0E10                   2700                     6597.750220865362        3809.21286606253         2502.294445801098
1                        1                        0.5105                   1                        9.700000000000001        0.1030927835051546       4.940792493387298E-13    5.11417967358894E-13     0.25                     5.0E10                   2700                     6597.750220865362        3809.21286606253         2502.294445801098
1                        1                        0.5105                   1                        9.8                      0.10204081632653059      4.939080835039836E-13    5.111185056427519E-13    0.25                     5.0E10                   2700                     6597.750220865362        3809.21286606253         2502.294445801098
1                        1                        0.5105                   1                        9.9                      0.101010101010101        4.937811699160536E-13    5.108564638603832E-13    0.25                     5.0E10                   2700                     6597.750220865362        3809.21286606253         2502.294445801098
1                        1                        0.5105                   1                        10                       0.1                      4.937125901945425E-13    5.106140020942477E-13    0.25                     5.0E10                   2700                     6597.750220865362        3809.21286606253         2502.294445801098
