1                        1.8005                   1                        1                        0.1                      10                       5.331435691991711E-13    5.331530849654093E-13    0.25                     5.0E10                   2700                     6325.433669805661        3651.9908320034206       2502.294445801098
1                        1.8005                   1                        1                        0.2                      5                        5.334495444482022E-13    5.331327087133687E-13    0.25                     5.0E10                   2700                     6325.433669805661        3651.9908320034206       2502.294445801098
1                        1.8005                   1                        1                        0.30000000000000004      3.3333333333333326       5.366395546840957E-13    5.36319978504737E-13     0.25                     5.0E10                   2700                     6325.433669805661        3651.9908320034206       2502.294445801098
1                        1.8005                   1                        1                        0.4                      2.5                      5.3333518983744E-13      5.334728509185449E-13    0.25                     5.0E10                   2700                     6325.433669805661        3651.9908320034206       2502.294445801098
1                        1.8005                   1                        1                        0.5                      2                        5.327743806741374E-13    5.341991767223962E-13    0.25                     5.0E10                   2700                     6325.433669805661        3651.9908320034206       2502.294445801098
1                        1.8005                   1                        1                        0.6                      1.6666666666666667       5.343144580886742E-13    5.396098476253872E-13    0.25                     5.0E10                   2700                     6325.433669805661        3651.9908320034206       2502.294445801098
1                        1.8005                   1                        1                        0.7000000000000001       1.4285714285714284       5.311084676515523E-13    5.43917273264661E-13     0.25                     5.0E10                   2700                     6325.433669805661        3651.9908320034206       2502.294445801098
1                        1.8005                   1                        1                        0.8                      1.25                     5.357505880995624E-13    5.461613807302431E-13    0.25                     5.0E10                   2700                     6325.433669805661        3651.9908320034206       2502.294445801098
1                        1.8005                   1                        1                        0.9                      1.1111111111111112       5.493463987599274E-13    5.503526095470633E-13    0.25                     5.0E10                   2700                     6325.433669805661        3651.9908320034206       2502.294445801098
1                        1.8005                   1                        1                        1                        1                        5.72535103024499E-13     5.542785353118936E-13    0.25                     5.0E10                   2700                     6325.433669805661        3651.9908320034206       2502.294445801098
1                        1.8005                   1                        1                        1.1                      0.909090909090909        5.974293192896281E-13    5.671171882642571E-13    0.25                     5.0E10                   2700                     6325.433669805661        3651.9908320034206       2502.294445801098
1                        1.8005                   1                        1                        1.2000000000000002       0.8333333333333331       6.102045965767517E-13    5.652773168066233E-13    0.25                     5.0E10                   2700                     6325.433669805661        3651.9908320034206       2502.294445801098
1                        1.8005                   1                        1                        1.3000000000000003       0.769230769230769        6.308525534034488E-13    5.666120623628748E-13    0.25                     5.0E10                   2700                     6325.433669805661        3651.9908320034206       2502.294445801098
1                        1.8005                   1                        1                        1.4000000000000001       0.7142857142857142       6.611576100219738E-13    5.806645050258905E-13    0.25                     5.0E10                   2700                     6325.433669805661        3651.9908320034206       2502.294445801098
1                        1.8005                   1                        1                        1.5000000000000002       0.6666666666666665       6.762022706333813E-13    5.854613415258389E-13    0.25                     5.0E10                   2700                     6325.433669805661        3651.9908320034206       2502.294445801098
1                        1.8005                   1                        1                        1.6                      0.625                    6.786323865423501E-13    5.797442187947424E-13    0.25                     5.0E10                   2700                     6325.433669805661        3651.9908320034206       2502.294445801098
1                        1.8005                   1                        1                        1.7000000000000002       0.588235294117647        6.840016947915677E-13    5.766518652018386E-13    0.25                     5.0E10                   2700                     6325.433669805661        3651.9908320034206       2502.294445801098
1                        1.8005                   1                        1                        1.8000000000000003       0.5555555555555555       6.841650905226566E-13    5.72453819388642E-13     0.25                     5.0E10                   2700                     6325.433669805661        3651.9908320034206       2502.294445801098
1                        1.8005                   1                        1                        1.9000000000000001       0.5263157894736842       6.767325401192632E-13    5.681123958229269E-13    0.25                     5.0E10                   2700                     6325.433669805661        3651.9908320034206       2502.294445801098
1                        1.8005                   1                        1                        2                        0.5                      6.620689720137377E-13    5.645795647339701E-13    0.25                     5.0E10                   2700                     6325.433669805661        3651.9908320034206       2502.294445801098
1                        1.8005                   1                        1                        2.1                      0.47619047619047616      6.373759446691163E-13    5.576244470736183E-13    0.25                     5.0E10                   2700                     6325.433669805661        3651.9908320034206       2502.294445801098
1                        1.8005                   1                        1                        2.2                      0.4545454545454545       6.047802326934132E-13    5.455376674236748E-13    0.25                     5.0E10                   2700                     6325.433669805661        3651.9908320034206       2502.294445801098
1                        1.8005                   1                        1                        2.3000000000000003       0.43478260869565216      5.722762933428415E-13    5.322113234477585E-13    0.25                     5.0E10                   2700                     6325.433669805661        3651.9908320034206       2502.294445801098
1                        1.8005                   1                        1                        2.4000000000000004       0.4166666666666666       5.472331688037166E-13    5.229007631848128E-13    0.25                     5.0E10                   2700                     6325.433669805661        3651.9908320034206       2502.294445801098
1                        1.8005                   1                        1                        2.5000000000000004       0.3999999999999999       5.326775358153901E-13    5.203890012080538E-13    0.25                     5.0E10                   2700                     6325.433669805661        3651.9908320034206       2502.294445801098
1                        1.8005                   1                        1                        2.6                      0.3846153846153846       5.271686604966125E-13    5.241191369917126E-13    0.25                     5.0E10                   2700                     6325.433669805661        3651.9908320034206       2502.294445801098
1                        1.8005                   1                        1                        2.7                      0.37037037037037035      5.27791823248949E-13     5.318513430524262E-13    0.25                     5.0E10                   2700                     6325.433669805661        3651.9908320034206       2502.294445801098
1                        1.8005                   1                        1                        2.8000000000000003       0.3571428571428571       5.308798604668429E-13    5.40477302210888E-13     0.25                     5.0E10                   2700                     6325.433669805661        3651.9908320034206       2502.294445801098
1                        1.8005                   1                        1                        2.9000000000000004       0.3448275862068965       5.331803403183047E-13    5.470856814289935E-13    0.25                     5.0E10                   2700                     6325.433669805661        3651.9908320034206       2502.294445801098
1                        1.8005                   1                        1                        3.0000000000000004       0.33333333333333326      5.325281295500355E-13    5.497113351240444E-13    0.25                     5.0E10                   2700                     6325.433669805661        3651.9908320034206       2502.294445801098
1                        1.8005                   1                        1                        3.1                      0.32258064516129037      5.281025783271113E-13    5.476737580206265E-13    0.25                     5.0E10                   2700                     6325.433669805661        3651.9908320034206       2502.294445801098
1                        1.8005                   1                        1                        3.2                      0.3125                   5.202349356310888E-13    5.414340449337158E-13    0.25                     5.0E10                   2700                     6325.433669805661        3651.9908320034206       2502.294445801098
1                        1.8005                   1                        1                        3.3000000000000003       0.30303030303030304      5.09934419478012E-13     5.321362190466485E-13    0.25                     5.0E10                   2700                     6325.433669805661        3651.9908320034206       2502.294445801098
1                        1.8005                   1                        1                        3.4000000000000004       0.2941176470588235       4.983434724062935E-13    5.21068303526254E-13     0.25                     5.0E10                   2700                     6325.433669805661        3651.9908320034206       2502.294445801098
1                        1.8005                   1                        1                        3.5000000000000004       0.2857142857142857       4.866220423823283E-13    5.094882219004122E-13    0.25                     5.0E10                   2700                     6325.433669805661        3651.9908320034206       2502.294445801098
1                        1.8005                   1                        1                        3.6                      0.2777777777777778       4.755085222860135E-13    4.982470084478909E-13    0.25                     5.0E10                   2700                     6325.433669805661        3651.9908320034206       2502.294445801098
1                        1.8005                   1                        1                        3.7                      0.2702702702702703       4.654841240982848E-13    4.879045586934791E-13    0.25                     5.0E10                   2700                     6325.433669805661        3651.9908320034206       2502.294445801098
1                        1.8005                   1                        1                        3.8000000000000003       0.2631578947368421       4.567944301328488E-13    4.787648718278743E-13    0.25                     5.0E10                   2700                     6325.433669805661        3651.9908320034206       2502.294445801098
1                        1.8005                   1                        1                        3.9000000000000004       0.2564102564102564       4.495178526457149E-13    4.709483399708188E-13    0.25                     5.0E10                   2700                     6325.433669805661        3651.9908320034206       2502.294445801098
1                        1.8005                   1                        1                        4                        0.25                     4.436259406367493E-13    4.644558334469141E-13    0.25                     5.0E10                   2700                     6325.433669805661        3651.9908320034206       2502.294445801098
1                        1.8005                   1                        1                        4.1                      0.24390243902439027      4.3902861322287564E-13   4.592174905090744E-13    0.25                     5.0E10                   2700                     6325.433669805661        3651.9908320034206       2502.294445801098
1                        1.8005                   1                        1                        4.2                      0.23809523809523808      4.356049773051373E-13    4.55126233526942E-13     0.25                     5.0E10                   2700                     6325.433669805661        3651.9908320034206       2502.294445801098
1                        1.8005                   1                        1                        4.3                      0.23255813953488372      4.3322292301895147E-13   4.520593837837801E-13    0.25                     5.0E10                   2700                     6325.433669805661        3651.9908320034206       2502.294445801098
1                        1.8005                   1                        1                        4.3999999999999995       0.22727272727272732      4.3175082544148566E-13   4.4989180481663786E-13   0.25                     5.0E10                   2700                     6325.433669805661        3651.9908320034206       2502.294445801098
1                        1.8005                   1                        1                        4.5                      0.22222222222222224      4.3106404182254386E-13   4.4850340117730334E-13   0.25                     5.0E10                   2700                     6325.433669805661        3651.9908320034206       2502.294445801098
1                        1.8005                   1                        1                        4.6                      0.2173913043478261       4.310482922211456E-13    4.4778314583383587E-13   0.25                     5.0E10                   2700                     6325.433669805661        3651.9908320034206       2502.294445801098
1                        1.8005                   1                        1                        4.7                      0.2127659574468085       4.316002734146416E-13    4.476302924292423E-13    0.25                     5.0E10                   2700                     6325.433669805661        3651.9908320034206       2502.294445801098
1                        1.8005                   1                        1                        4.8                      0.20833333333333334      4.326286643060242E-13    4.479554596660757E-13    0.25                     5.0E10                   2700                     6325.433669805661        3651.9908320034206       2502.294445801098
1                        1.8005                   1                        1                        4.9                      0.20408163265306117      4.340529962681637E-13    4.4867984229360457E-13   0.25                     5.0E10                   2700                     6325.433669805661        3651.9908320034206       2502.294445801098
1                        1.8005                   1                        1                        5                        0.2                      4.3589724890403286E-13   4.498344083931941E-13    0.25                     5.0E10                   2700                     6325.433669805661        3651.9908320034206       2502.294445801098
1                        1.8005                   1                        1                        5.1                      0.19607843137254904      4.37914330371442E-13     4.511625193633115E-13    0.25                     5.0E10                   2700                     6325.433669805661        3651.9908320034206       2502.294445801098
1                        1.8005                   1                        1                        5.2                      0.1923076923076923       4.401417265231978E-13    4.527082013000533E-13    0.25                     5.0E10                   2700                     6325.433669805661        3651.9908320034206       2502.294445801098
1                        1.8005                   1                        1                        5.3                      0.18867924528301888      4.425338979119846E-13    4.544271433207672E-13    0.25                     5.0E10                   2700                     6325.433669805661        3651.9908320034206       2502.294445801098
1                        1.8005                   1                        1                        5.4                      0.18518518518518517      4.4505164666095333E-13   4.562813003421686E-13    0.25                     5.0E10                   2700                     6325.433669805661        3651.9908320034206       2502.294445801098
1                        1.8005                   1                        1                        5.5                      0.18181818181818182      4.476613305443572E-13    4.582381083535444E-13    0.25                     5.0E10                   2700                     6325.433669805661        3651.9908320034206       2502.294445801098
1                        1.8005                   1                        1                        5.6                      0.17857142857142858      4.5033416124584944E-13   4.602697798746984E-13    0.25                     5.0E10                   2700                     6325.433669805661        3651.9908320034206       2502.294445801098
1                        1.8005                   1                        1                        5.7                      0.17543859649122806      4.5304580259255577E-13   4.623529066487053E-13    0.25                     5.0E10                   2700                     6325.433669805661        3651.9908320034206       2502.294445801098
1                        1.8005                   1                        1                        5.8                      0.1724137931034483       4.557749551800385E-13    4.644670045540577E-13    0.25                     5.0E10                   2700                     6325.433669805661        3651.9908320034206       2502.294445801098
1                        1.8005                   1                        1                        5.9                      0.1694915254237288       4.585041717433948E-13    4.665953762645332E-13    0.25                     5.0E10                   2700                     6325.433669805661        3651.9908320034206       2502.294445801098
1                        1.8005                   1                        1                        6                        0.16666666666666666      4.612185824670676E-13    4.687238008773767E-13    0.25                     5.0E10                   2700                     6325.433669805661        3651.9908320034206       2502.294445801098
1                        1.8005                   1                        1                        6.1                      0.16393442622950818      4.639057426957166E-13    4.708403881514694E-13    0.25                     5.0E10                   2700                     6325.433669805661        3651.9908320034206       2502.294445801098
1                        1.8005                   1                        1                        6.2                      0.16129032258064518      4.665553146516299E-13    4.729352603126697E-13    0.25                     5.0E10                   2700                     6325.433669805661        3651.9908320034206       2502.294445801098
1                        1.8005                   1                        1                        6.3                      0.15873015873015872      4.691587897610387E-13    4.750002758746937E-13    0.25                     5.0E10                   2700                     6325.433669805661        3651.9908320034206       2502.294445801098
1                        1.8005                   1                        1                        6.4                      0.15625                  4.717092464268187E-13    4.770287901122199E-13    0.25                     5.0E10                   2700                     6325.433669805661        3651.9908320034206       2502.294445801098
1                        1.8005                   1                        1                        6.5                      0.15384615384615383      4.742011385487398E-13    4.7901544732255E-13      0.25                     5.0E10                   2700                     6325.433669805661        3651.9908320034206       2502.294445801098
1                        1.8005                   1                        1                        6.6                      0.15151515151515152      4.766301107202313E-13    4.809560006275548E-13    0.25                     5.0E10                   2700                     6325.433669805661        3651.9908320034206       2502.294445801098
1                        1.8005                   1                        1                        6.7                      0.1492537313432836       4.789928366441293E-13    4.828471556339762E-13    0.25                     5.0E10                   2700                     6325.433669805661        3651.9908320034206       2502.294445801098
1                        1.8005                   1                        1                        6.8                      0.14705882352941177      4.812868777132016E-13    4.846864347149706E-13    0.25                     5.0E10                   2700                     6325.433669805661        3651.9908320034206       2502.294445801098
1                        1.8005                   1                        1                        6.9                      0.14492753623188404      4.835105590911208E-13    4.864720591229367E-13    0.25                     5.0E10                   2700                     6325.433669805661        3651.9908320034206       2502.294445801098
1                        1.8005                   1                        1                        7                        0.14285714285714285      4.856628611451713E-13    4.882028465662406E-13    0.25                     5.0E10                   2700                     6325.433669805661        3651.9908320034206       2502.294445801098
1                        1.8005                   1                        1                        7.1                      0.14084507042253522      4.877433242066362E-13    4.898781221679564E-13    0.25                     5.0E10                   2700                     6325.433669805661        3651.9908320034206       2502.294445801098
1                        1.8005                   1                        1                        7.2                      0.1388888888888889       4.897519650568768E-13    4.914976410382147E-13    0.25                     5.0E10                   2700                     6325.433669805661        3651.9908320034206       2502.294445801098
1                        1.8005                   1                        1                        7.3                      0.13698630136986303      4.916892036333039E-13    4.930615209243299E-13    0.25                     5.0E10                   2700                     6325.433669805661        3651.9908320034206       2502.294445801098
1                        1.8005                   1                        1                        7.4                      0.13513513513513514      4.935557988168448E-13    4.945701836633826E-13    0.25                     5.0E10                   2700                     6325.433669805661        3651.9908320034206       2502.294445801098
1                        1.8005                   1                        1                        7.5                      0.13333333333333333      4.953527920790624E-13    4.960243042465592E-13    0.25                     5.0E10                   2700                     6325.433669805661        3651.9908320034206       2502.294445801098
1                        1.8005                   1                        1                        7.6                      0.13157894736842105      4.970819925345004E-13    4.974252834666754E-13    0.25                     5.0E10                   2700                     6325.433669805661        3651.9908320034206       2502.294445801098
1                        1.8005                   1                        1                        7.7                      0.12987012987012989      4.98743822919829E-13     4.987731668037077E-13    0.25                     5.0E10                   2700                     6325.433669805661        3651.9908320034206       2502.294445801098
1                        1.8005                   1                        1                        7.8                      0.12820512820512822      5.003404090760702E-13    5.000696385320233E-13    0.25                     5.0E10                   2700                     6325.433669805661        3651.9908320034206       2502.294445801098
1                        1.8005                   1                        1                        7.9                      0.12658227848101267      5.018734882097572E-13    5.013159986287329E-13    0.25                     5.0E10                   2700                     6325.433669805661        3651.9908320034206       2502.294445801098
1                        1.8005                   1                        1                        8                        0.125                    5.033448887538418E-13    5.025136305299345E-13    0.25                     5.0E10                   2700                     6325.433669805661        3651.9908320034206       2502.294445801098
1                        1.8005                   1                        1                        8.1                      0.1234567901234568       5.047565056778221E-13    5.036639796613895E-13    0.25                     5.0E10                   2700                     6325.433669805661        3651.9908320034206       2502.294445801098
1                        1.8005                   1                        1                        8.2                      0.12195121951219513      5.061102791095428E-13    5.047685349580022E-13    0.25                     5.0E10                   2700                     6325.433669805661        3651.9908320034206       2502.294445801098
1                        1.8005                   1                        1                        8.3                      0.12048192771084336      5.07408176003389E-13     5.058288130654874E-13    0.25                     5.0E10                   2700                     6325.433669805661        3651.9908320034206       2502.294445801098
1                        1.8005                   1                        1                        8.4                      0.11904761904761904      5.086521743935117E-13    5.068463448364945E-13    0.25                     5.0E10                   2700                     6325.433669805661        3651.9908320034206       2502.294445801098
1                        1.8005                   1                        1                        8.5                      0.11764705882352941      5.098442500071553E-13    5.078226638751927E-13    0.25                     5.0E10                   2700                     6325.433669805661        3651.9908320034206       2502.294445801098
1                        1.8005                   1                        1                        8.6                      0.11627906976744186      5.109863649416E-13       5.087592968812412E-13    0.25                     5.0E10                   2700                     6325.433669805661        3651.9908320034206       2502.294445801098
1                        1.8005                   1                        1                        8.7                      0.11494252873563218      5.120804581445847E-13    5.096577555399531E-13    0.25                     5.0E10                   2700                     6325.433669805661        3651.9908320034206       2502.294445801098
1                        1.8005                   1                        1                        8.8                      0.11363636363636362      5.131284374935586E-13    5.105195297866094E-13    0.25                     5.0E10                   2700                     6325.433669805661        3651.9908320034206       2502.294445801098
1                        1.8005                   1                        1                        8.9                      0.11235955056179775      5.141321732962411E-13    5.113460822728541E-13    0.25                     5.0E10                   2700                     6325.433669805661        3651.9908320034206       2502.294445801098
1                        1.8005                   1                        1                        9                        0.11111111111111112      5.150934930067166E-13    5.121388438652836E-13    0.25                     5.0E10                   2700                     6325.433669805661        3651.9908320034206       2502.294445801098
1                        1.8005                   1                        1                        9.1                      0.1098901098901099       5.160141770419662E-13    5.128992100740339E-13    0.25                     5.0E10                   2700                     6325.433669805661        3651.9908320034206       2502.294445801098
1                        1.8005                   1                        1                        9.2                      0.10869565217391305      5.168959554819841E-13    5.136285382228351E-13    0.25                     5.0E10                   2700                     6325.433669805661        3651.9908320034206       2502.294445801098
1                        1.8005                   1                        1                        9.3                      0.10752688172043011      5.177405056668819E-13    5.143281453525094E-13    0.25                     5.0E10                   2700                     6325.433669805661        3651.9908320034206       2502.294445801098
1                        1.8005                   1                        1                        9.4                      0.10638297872340426      5.185494504096678E-13    5.149993066682503E-13    0.25                     5.0E10                   2700                     6325.433669805661        3651.9908320034206       2502.294445801098
1                        1.8005                   1                        1                        9.5                      0.10526315789473685      5.193243569058139E-13    5.15643254523015E-13     0.25                     5.0E10                   2700                     6325.433669805661        3651.9908320034206       2502.294445801098
1                        1.8005                   1                        1                        9.6                      0.10416666666666667      5.200667360709292E-13    5.162611778044943E-13    0.25                     5.0E10                   2700                     6325.433669805661        3651.9908320034206       2502.294445801098
1                        1.8005                   1                        1                        9.700000000000001        0.1030927835051546       5.207780423952168E-13    5.168542217068583E-13    0.25                     5.0E10                   2700                     6325.433669805661        3651.9908320034206       2502.294445801098
1                        1.8005                   1                        1                        9.8                      0.10204081632653059      5.214596741689632E-13    5.174234878242383E-13    0.25                     5.0E10                   2700                     6325.433669805661        3651.9908320034206       2502.294445801098
1                        1.8005                   1                        1                        9.9                      0.101010101010101        5.221129739489167E-13    5.179700344567491E-13    0.25                     5.0E10                   2700                     6325.433669805661        3651.9908320034206       2502.294445801098
1                        1.8005                   1                        1                        10                       0.1                      5.228329522174784E-13    5.185765592642873E-13    0.25                     5.0E10                   2700                     6325.433669805661        3651.9908320034206       2502.294445801098
