1                        0.8495                   1                        1                        0.1                      10                       5.331326473896477E-13    5.331360391414896E-13    0.25                     5.0E10                   2700                     4344.8564737834295       2508.504054729151        2502.294445801098
1                        0.8495                   1                        1                        0.2                      5                        5.334843470424978E-13    5.331499028455074E-13    0.25                     5.0E10                   2700                     4344.8564737834295       2508.504054729151        2502.294445801098
1                        0.8495                   1                        1                        0.30000000000000004      3.3333333333333326       5.366613884286467E-13    5.36306631888452E-13     0.25                     5.0E10                   2700                     4344.8564737834295       2508.504054729151        2502.294445801098
1                        0.8495                   1                        1                        0.4                      2.5                      5.328208313966558E-13    5.331130595856401E-13    0.25                     5.0E10                   2700                     4344.8564737834295       2508.504054729151        2502.294445801098
1                        0.8495                   1                        1                        0.5                      2                        5.332546340853756E-13    5.328241026455334E-13    0.25                     5.0E10                   2700                     4344.8564737834295       2508.504054729151        2502.294445801098
1                        0.8495                   1                        1                        0.6                      1.6666666666666667       5.368924544354647E-13    5.352965564838214E-13    0.25                     5.0E10                   2700                     4344.8564737834295       2508.504054729151        2502.294445801098
1                        0.8495                   1                        1                        0.7000000000000001       1.4285714285714284       5.386748252384479E-13    5.345885504455424E-13    0.25                     5.0E10                   2700                     4344.8564737834295       2508.504054729151        2502.294445801098
1                        0.8495                   1                        1                        0.8                      1.25                     5.357210631920485E-13    5.280915683292865E-13    0.25                     5.0E10                   2700                     4344.8564737834295       2508.504054729151        2502.294445801098
1                        0.8495                   1                        1                        0.9                      1.1111111111111112       5.327656499489515E-13    5.27247019552606E-13     0.25                     5.0E10                   2700                     4344.8564737834295       2508.504054729151        2502.294445801098
1                        0.8495                   1                        1                        1                        1                        5.295241950424371E-13    5.239596270928348E-13    0.25                     5.0E10                   2700                     4344.8564737834295       2508.504054729151        2502.294445801098
1                        0.8495                   1                        1                        1.1                      0.909090909090909        5.217153230021086E-13    5.233545337047022E-13    0.25                     5.0E10                   2700                     4344.8564737834295       2508.504054729151        2502.294445801098
1                        0.8495                   1                        1                        1.2000000000000002       0.8333333333333331       5.146804413897471E-13    5.227975090118891E-13    0.25                     5.0E10                   2700                     4344.8564737834295       2508.504054729151        2502.294445801098
1                        0.8495                   1                        1                        1.3000000000000003       0.769230769230769        5.091480132466795E-13    5.223253463622068E-13    0.25                     5.0E10                   2700                     4344.8564737834295       2508.504054729151        2502.294445801098
1                        0.8495                   1                        1                        1.4000000000000001       0.7142857142857142       4.996721590798461E-13    5.194482865502746E-13    0.25                     5.0E10                   2700                     4344.8564737834295       2508.504054729151        2502.294445801098
1                        0.8495                   1                        1                        1.5000000000000002       0.6666666666666665       4.920327842779931E-13    5.182921352876698E-13    0.25                     5.0E10                   2700                     4344.8564737834295       2508.504054729151        2502.294445801098
1                        0.8495                   1                        1                        1.6                      0.625                    4.88269446964715E-13     5.18354591720269E-13     0.25                     5.0E10                   2700                     4344.8564737834295       2508.504054729151        2502.294445801098
1                        0.8495                   1                        1                        1.7000000000000002       0.588235294117647        4.934450760356418E-13    5.247624333949027E-13    0.25                     5.0E10                   2700                     4344.8564737834295       2508.504054729151        2502.294445801098
1                        0.8495                   1                        1                        1.8000000000000003       0.5555555555555555       4.974160060567446E-13    5.277893313035768E-13    0.25                     5.0E10                   2700                     4344.8564737834295       2508.504054729151        2502.294445801098
1                        0.8495                   1                        1                        1.9000000000000001       0.5263157894736842       4.967588586071405E-13    5.247482851678651E-13    0.25                     5.0E10                   2700                     4344.8564737834295       2508.504054729151        2502.294445801098
1                        0.8495                   1                        1                        2                        0.5                      4.973484996851897E-13    5.224850670865957E-13    0.25                     5.0E10                   2700                     4344.8564737834295       2508.504054729151        2502.294445801098
1                        0.8495                   1                        1                        2.1                      0.47619047619047616      5.022653507105531E-13    5.247002759383299E-13    0.25                     5.0E10                   2700                     4344.8564737834295       2508.504054729151        2502.294445801098
1                        0.8495                   1                        1                        2.2                      0.4545454545454545       5.095920188432554E-13    5.296028014553986E-13    0.25                     5.0E10                   2700                     4344.8564737834295       2508.504054729151        2502.294445801098
1                        0.8495                   1                        1                        2.3000000000000003       0.43478260869565216      5.160242681804955E-13    5.337843493960328E-13    0.25                     5.0E10                   2700                     4344.8564737834295       2508.504054729151        2502.294445801098
1                        0.8495                   1                        1                        2.4000000000000004       0.4166666666666666       5.199169200167233E-13    5.354693120255653E-13    0.25                     5.0E10                   2700                     4344.8564737834295       2508.504054729151        2502.294445801098
1                        0.8495                   1                        1                        2.5000000000000004       0.3999999999999999       5.216838596503973E-13    5.349308688558821E-13    0.25                     5.0E10                   2700                     4344.8564737834295       2508.504054729151        2502.294445801098
1                        0.8495                   1                        1                        2.6                      0.3846153846153846       5.224229899278522E-13    5.333940939634793E-13    0.25                     5.0E10                   2700                     4344.8564737834295       2508.504054729151        2502.294445801098
1                        0.8495                   1                        1                        2.7                      0.37037037037037035      5.232098487405909E-13    5.318890441551043E-13    0.25                     5.0E10                   2700                     4344.8564737834295       2508.504054729151        2502.294445801098
1                        0.8495                   1                        1                        2.8000000000000003       0.3571428571428571       5.245238829860874E-13    5.309280086586936E-13    0.25                     5.0E10                   2700                     4344.8564737834295       2508.504054729151        2502.294445801098
1                        0.8495                   1                        1                        2.9000000000000004       0.3448275862068965       5.264089601906279E-13    5.305882829238376E-13    0.25                     5.0E10                   2700                     4344.8564737834295       2508.504054729151        2502.294445801098
1                        0.8495                   1                        1                        3.0000000000000004       0.33333333333333326      5.287061658884277E-13    5.307405865065209E-13    0.25                     5.0E10                   2700                     4344.8564737834295       2508.504054729151        2502.294445801098
1                        0.8495                   1                        1                        3.1                      0.32258064516129037      5.312353691786434E-13    5.312290311028365E-13    0.25                     5.0E10                   2700                     4344.8564737834295       2508.504054729151        2502.294445801098
1                        0.8495                   1                        1                        3.2                      0.3125                   5.338820891120099E-13    5.319583178404991E-13    0.25                     5.0E10                   2700                     4344.8564737834295       2508.504054729151        2502.294445801098
1                        0.8495                   1                        1                        3.3000000000000003       0.30303030303030304      5.36609953673346E-13     5.329069141393108E-13    0.25                     5.0E10                   2700                     4344.8564737834295       2508.504054729151        2502.294445801098
1                        0.8495                   1                        1                        3.4000000000000004       0.2941176470588235       5.395588741031393E-13    5.342411084773732E-13    0.25                     5.0E10                   2700                     4344.8564737834295       2508.504054729151        2502.294445801098
1                        0.8495                   1                        1                        3.5000000000000004       0.2857142857142857       5.425078751665174E-13    5.357200906798121E-13    0.25                     5.0E10                   2700                     4344.8564737834295       2508.504054729151        2502.294445801098
1                        0.8495                   1                        1                        3.6                      0.2777777777777778       5.4561146078971E-13      5.375200827012552E-13    0.25                     5.0E10                   2700                     4344.8564737834295       2508.504054729151        2502.294445801098
1                        0.8495                   1                        1                        3.7                      0.2702702702702703       5.488682155322065E-13    5.396455091064326E-13    0.25                     5.0E10                   2700                     4344.8564737834295       2508.504054729151        2502.294445801098
1                        0.8495                   1                        1                        3.8000000000000003       0.2631578947368421       5.522472681345036E-13    5.420696133482956E-13    0.25                     5.0E10                   2700                     4344.8564737834295       2508.504054729151        2502.294445801098
1                        0.8495                   1                        1                        3.9000000000000004       0.2564102564102564       5.556917484653006E-13    5.447377154196485E-13    0.25                     5.0E10                   2700                     4344.8564737834295       2508.504054729151        2502.294445801098
1                        0.8495                   1                        1                        4                        0.25                     5.591267923591069E-13    5.475746324333484E-13    0.25                     5.0E10                   2700                     4344.8564737834295       2508.504054729151        2502.294445801098
1                        0.8495                   1                        1                        4.1                      0.24390243902439027      5.624684825416254E-13    5.504934426858854E-13    0.25                     5.0E10                   2700                     4344.8564737834295       2508.504054729151        2502.294445801098
1                        0.8495                   1                        1                        4.2                      0.23809523809523808      5.656325431567389E-13    5.534040040052973E-13    0.25                     5.0E10                   2700                     4344.8564737834295       2508.504054729151        2502.294445801098
1                        0.8495                   1                        1                        4.3                      0.23255813953488372      5.685415116862022E-13    5.56220175572247E-13     0.25                     5.0E10                   2700                     4344.8564737834295       2508.504054729151        2502.294445801098
1                        0.8495                   1                        1                        4.3999999999999995       0.22727272727272732      5.711299814129969E-13    5.588653052583817E-13    0.25                     5.0E10                   2700                     4344.8564737834295       2508.504054729151        2502.294445801098
1                        0.8495                   1                        1                        4.5                      0.22222222222222224      5.733478438481349E-13    5.612758820526377E-13    0.25                     5.0E10                   2700                     4344.8564737834295       2508.504054729151        2502.294445801098
1                        0.8495                   1                        1                        4.6                      0.2173913043478261       5.751618314628501E-13    5.634035571836151E-13    0.25                     5.0E10                   2700                     4344.8564737834295       2508.504054729151        2502.294445801098
1                        0.8495                   1                        1                        4.7                      0.2127659574468085       5.765548851644286E-13    5.652152956831868E-13    0.25                     5.0E10                   2700                     4344.8564737834295       2508.504054729151        2502.294445801098
1                        0.8495                   1                        1                        4.8                      0.20833333333333334      5.775256203083263E-13    5.666931376902714E-13    0.25                     5.0E10                   2700                     4344.8564737834295       2508.504054729151        2502.294445801098
1                        0.8495                   1                        1                        4.9                      0.20408163265306117      5.780857864194103E-13    5.678324128867568E-13    0.25                     5.0E10                   2700                     4344.8564737834295       2508.504054729151        2502.294445801098
1                        0.8495                   1                        1                        5                        0.2                      5.783702313956382E-13    5.687440155108793E-13    0.25                     5.0E10                   2700                     4344.8564737834295       2508.504054729151        2502.294445801098
1                        0.8495                   1                        1                        5.1                      0.19607843137254904      5.781686801017889E-13    5.692194922612487E-13    0.25                     5.0E10                   2700                     4344.8564737834295       2508.504054729151        2502.294445801098
1                        0.8495                   1                        1                        5.2                      0.1923076923076923       5.776477887515878E-13    5.694032653669867E-13    0.25                     5.0E10                   2700                     4344.8564737834295       2508.504054729151        2502.294445801098
1                        0.8495                   1                        1                        5.3                      0.18867924528301888      5.768468070581582E-13    5.693224446142726E-13    0.25                     5.0E10                   2700                     4344.8564737834295       2508.504054729151        2502.294445801098
1                        0.8495                   1                        1                        5.4                      0.18518518518518517      5.75806215834449E-13     5.690068827116631E-13    0.25                     5.0E10                   2700                     4344.8564737834295       2508.504054729151        2502.294445801098
1                        0.8495                   1                        1                        5.5                      0.18181818181818182      5.745661310505366E-13    5.684875963597625E-13    0.25                     5.0E10                   2700                     4344.8564737834295       2508.504054729151        2502.294445801098
1                        0.8495                   1                        1                        5.6                      0.17857142857142858      5.73165078798218E-13     5.677954984636276E-13    0.25                     5.0E10                   2700                     4344.8564737834295       2508.504054729151        2502.294445801098
1                        0.8495                   1                        1                        5.7                      0.17543859649122806      5.716393379518513E-13    5.669606648176796E-13    0.25                     5.0E10                   2700                     4344.8564737834295       2508.504054729151        2502.294445801098
1                        0.8495                   1                        1                        5.8                      0.1724137931034483       5.700214737756411E-13    5.660107144068408E-13    0.25                     5.0E10                   2700                     4344.8564737834295       2508.504054729151        2502.294445801098
1                        0.8495                   1                        1                        5.9                      0.1694915254237288       5.683413344170019E-13    5.649717225331541E-13    0.25                     5.0E10                   2700                     4344.8564737834295       2508.504054729151        2502.294445801098
1                        0.8495                   1                        1                        6                        0.16666666666666666      5.666250466830813E-13    5.638670498783931E-13    0.25                     5.0E10                   2700                     4344.8564737834295       2508.504054729151        2502.294445801098
1                        0.8495                   1                        1                        6.1                      0.16393442622950818      5.648952607511103E-13    5.627174541650131E-13    0.25                     5.0E10                   2700                     4344.8564737834295       2508.504054729151        2502.294445801098
1                        0.8495                   1                        1                        6.2                      0.16129032258064518      5.63171287156305E-13     5.615410946686057E-13    0.25                     5.0E10                   2700                     4344.8564737834295       2508.504054729151        2502.294445801098
1                        0.8495                   1                        1                        6.3                      0.15873015873015872      5.614693085516844E-13    5.603536211384809E-13    0.25                     5.0E10                   2700                     4344.8564737834295       2508.504054729151        2502.294445801098
1                        0.8495                   1                        1                        6.4                      0.15625                  5.598026375689562E-13    5.5916832038781E-13      0.25                     5.0E10                   2700                     4344.8564737834295       2508.504054729151        2502.294445801098
1                        0.8495                   1                        1                        6.5                      0.15384615384615383      5.581819982524486E-13    5.579962989580271E-13    0.25                     5.0E10                   2700                     4344.8564737834295       2508.504054729151        2502.294445801098
1                        0.8495                   1                        1                        6.6                      0.15151515151515152      5.566158142413072E-13    5.568466851081432E-13    0.25                     5.0E10                   2700                     4344.8564737834295       2508.504054729151        2502.294445801098
1                        0.8495                   1                        1                        6.7                      0.1492537313432836       5.551104916973074E-13    5.557268375952872E-13    0.25                     5.0E10                   2700                     4344.8564737834295       2508.504054729151        2502.294445801098
1                        0.8495                   1                        1                        6.8                      0.14705882352941177      5.536706886704256E-13    5.546425521319156E-13    0.25                     5.0E10                   2700                     4344.8564737834295       2508.504054729151        2502.294445801098
1                        0.8495                   1                        1                        6.9                      0.14492753623188404      5.522995657123798E-13    5.535982592873034E-13    0.25                     5.0E10                   2700                     4344.8564737834295       2508.504054729151        2502.294445801098
1                        0.8495                   1                        1                        7                        0.14285714285714285      5.509990148642436E-13    5.525972098050144E-13    0.25                     5.0E10                   2700                     4344.8564737834295       2508.504054729151        2502.294445801098
1                        0.8495                   1                        1                        7.1                      0.14084507042253522      5.497698657628012E-13    5.516416449912074E-13    0.25                     5.0E10                   2700                     4344.8564737834295       2508.504054729151        2502.294445801098
1                        0.8495                   1                        1                        7.2                      0.1388888888888889       5.486120688604043E-13    5.507329510584746E-13    0.25                     5.0E10                   2700                     4344.8564737834295       2508.504054729151        2502.294445801098
1                        0.8495                   1                        1                        7.3                      0.13698630136986303      5.475248565548709E-13    5.498717972479263E-13    0.25                     5.0E10                   2700                     4344.8564737834295       2508.504054729151        2502.294445801098
1                        0.8495                   1                        1                        7.4                      0.13513513513513514      5.465068836034137E-13    5.49058258154277E-13     0.25                     5.0E10                   2700                     4344.8564737834295       2508.504054729151        2502.294445801098
1                        0.8495                   1                        1                        7.5                      0.13333333333333333      5.45556348356584E-13     5.482919210473905E-13    0.25                     5.0E10                   2700                     4344.8564737834295       2508.504054729151        2502.294445801098
1                        0.8495                   1                        1                        7.6                      0.13157894736842105      5.446716172720763E-13    5.475725244883253E-13    0.25                     5.0E10                   2700                     4344.8564737834295       2508.504054729151        2502.294445801098
1                        0.8495                   1                        1                        7.7                      0.12987012987012989      5.438492572064553E-13    5.46897883850459E-13     0.25                     5.0E10                   2700                     4344.8564737834295       2508.504054729151        2502.294445801098
1                        0.8495                   1                        1                        7.8                      0.12820512820512822      5.430871552179094E-13    5.46267155565777E-13     0.25                     5.0E10                   2700                     4344.8564737834295       2508.504054729151        2502.294445801098
1                        0.8495                   1                        1                        7.9                      0.12658227848101267      5.423825765617233E-13    5.456787909810788E-13    0.25                     5.0E10                   2700                     4344.8564737834295       2508.504054729151        2502.294445801098
1                        0.8495                   1                        1                        8                        0.125                    5.417327113977894E-13    5.451311064687164E-13    0.25                     5.0E10                   2700                     4344.8564737834295       2508.504054729151        2502.294445801098
1                        0.8495                   1                        1                        8.1                      0.1234567901234568       5.411347176364692E-13    5.446223254533835E-13    0.25                     5.0E10                   2700                     4344.8564737834295       2508.504054729151        2502.294445801098
1                        0.8495                   1                        1                        8.2                      0.12195121951219513      5.40585755769935E-13     5.441506134131023E-13    0.25                     5.0E10                   2700                     4344.8564737834295       2508.504054729151        2502.294445801098
1                        0.8495                   1                        1                        8.3                      0.12048192771084336      5.400830170512997E-13    5.437141069083833E-13    0.25                     5.0E10                   2700                     4344.8564737834295       2508.504054729151        2502.294445801098
1                        0.8495                   1                        1                        8.4                      0.11904761904761904      5.396237458678281E-13    5.433109373777955E-13    0.25                     5.0E10                   2700                     4344.8564737834295       2508.504054729151        2502.294445801098
1                        0.8495                   1                        1                        8.5                      0.11764705882352941      5.39205257261471E-13     5.429392504708448E-13    0.25                     5.0E10                   2700                     4344.8564737834295       2508.504054729151        2502.294445801098
1                        0.8495                   1                        1                        8.6                      0.11627906976744186      5.388249503286099E-13    5.425972215656027E-13    0.25                     5.0E10                   2700                     4344.8564737834295       2508.504054729151        2502.294445801098
1                        0.8495                   1                        1                        8.7                      0.11494252873563218      5.384803181709509E-13    5.422830680258309E-13    0.25                     5.0E10                   2700                     4344.8564737834295       2508.504054729151        2502.294445801098
1                        0.8495                   1                        1                        8.8                      0.11363636363636362      5.381689549582833E-13    5.419950587026113E-13    0.25                     5.0E10                   2700                     4344.8564737834295       2508.504054729151        2502.294445801098
1                        0.8495                   1                        1                        8.9                      0.11235955056179775      5.378885606108023E-13    5.417315211165308E-13    0.25                     5.0E10                   2700                     4344.8564737834295       2508.504054729151        2502.294445801098
1                        0.8495                   1                        1                        9                        0.11111111111111112      5.376369435386141E-13    5.414908467083563E-13    0.25                     5.0E10                   2700                     4344.8564737834295       2508.504054729151        2502.294445801098
1                        0.8495                   1                        1                        9.1                      0.1098901098901099       5.374120217108408E-13    5.412714944289019E-13    0.25                     5.0E10                   2700                     4344.8564737834295       2508.504054729151        2502.294445801098
1                        0.8495                   1                        1                        9.2                      0.10869565217391305      5.372118224673565E-13    5.410719930073147E-13    0.25                     5.0E10                   2700                     4344.8564737834295       2508.504054729151        2502.294445801098
1                        0.8495                   1                        1                        9.3                      0.10752688172043011      5.370344812956866E-13    5.408909421140658E-13    0.25                     5.0E10                   2700                     4344.8564737834295       2508.504054729151        2502.294445801098
1                        0.8495                   1                        1                        9.4                      0.10638297872340426      5.368782397144655E-13    5.407270125863818E-13    0.25                     5.0E10                   2700                     4344.8564737834295       2508.504054729151        2502.294445801098
1                        0.8495                   1                        1                        9.5                      0.10526315789473685      5.367414426111763E-13    5.405789459623054E-13    0.25                     5.0E10                   2700                     4344.8564737834295       2508.504054729151        2502.294445801098
1                        0.8495                   1                        1                        9.6                      0.10416666666666667      5.366225349660488E-13    5.404455533754277E-13    0.25                     5.0E10                   2700                     4344.8564737834295       2508.504054729151        2502.294445801098
1                        0.8495                   1                        1                        9.700000000000001        0.1030927835051546       5.365200583203512E-13    5.403257140291622E-13    0.25                     5.0E10                   2700                     4344.8564737834295       2508.504054729151        2502.294445801098
1                        0.8495                   1                        1                        9.8                      0.10204081632653059      5.364326469587245E-13    5.402183733048962E-13    0.25                     5.0E10                   2700                     4344.8564737834295       2508.504054729151        2502.294445801098
1                        0.8495                   1                        1                        9.9                      0.101010101010101        5.363590238681326E-13    5.401225405653551E-13    0.25                     5.0E10                   2700                     4344.8564737834295       2508.504054729151        2502.294445801098
1                        0.8495                   1                        1                        10                       0.1                      5.363619566517604E-13    5.400686211787589E-13    0.25                     5.0E10                   2700                     4344.8564737834295       2508.504054729151        2502.294445801098
