1                        1.2245                   1                        1                        0.1                      10                       5.331413642665759E-13    5.331416970254683E-13    0.25                     5.0E10                   2700                     5216.427044549853        3011.705558378901        2502.294445801098
1                        1.2245                   1                        1                        0.2                      5                        5.334830053830352E-13    5.331482843128119E-13    0.25                     5.0E10                   2700                     5216.427044549853        3011.705558378901        2502.294445801098
1                        1.2245                   1                        1                        0.30000000000000004      3.3333333333333326       5.36649242829359E-13     5.363086158375941E-13    0.25                     5.0E10                   2700                     5216.427044549853        3011.705558378901        2502.294445801098
1                        1.2245                   1                        1                        0.4                      2.5                      5.33056773295729E-13     5.33312905405027E-13     0.25                     5.0E10                   2700                     5216.427044549853        3011.705558378901        2502.294445801098
1                        1.2245                   1                        1                        0.5                      2                        5.330179691461847E-13    5.335966565734748E-13    0.25                     5.0E10                   2700                     5216.427044549853        3011.705558378901        2502.294445801098
1                        1.2245                   1                        1                        0.6                      1.6666666666666667       5.358422664801757E-13    5.379372505435523E-13    0.25                     5.0E10                   2700                     5216.427044549853        3011.705558378901        2502.294445801098
1                        1.2245                   1                        1                        0.7000000000000001       1.4285714285714284       5.349489249636601E-13    5.401685888614615E-13    0.25                     5.0E10                   2700                     5216.427044549853        3011.705558378901        2502.294445801098
1                        1.2245                   1                        1                        0.8                      1.25                     5.335152082268319E-13    5.389542154672587E-13    0.25                     5.0E10                   2700                     5216.427044549853        3011.705558378901        2502.294445801098
1                        1.2245                   1                        1                        0.9                      1.1111111111111112       5.354163308254012E-13    5.412415034449983E-13    0.25                     5.0E10                   2700                     5216.427044549853        3011.705558378901        2502.294445801098
1                        1.2245                   1                        1                        1                        1                        5.450686182012922E-13    5.42560964954004E-13     0.25                     5.0E10                   2700                     5216.427044549853        3011.705558378901        2502.294445801098
1                        1.2245                   1                        1                        1.1                      0.909090909090909        5.560629059015906E-13    5.496960646544497E-13    0.25                     5.0E10                   2700                     5216.427044549853        3011.705558378901        2502.294445801098
1                        1.2245                   1                        1                        1.2000000000000002       0.8333333333333331       5.62743622002828E-13     5.497620217240943E-13    0.25                     5.0E10                   2700                     5216.427044549853        3011.705558378901        2502.294445801098
1                        1.2245                   1                        1                        1.3000000000000003       0.769230769230769        5.711597576106109E-13    5.478757345602638E-13    0.25                     5.0E10                   2700                     5216.427044549853        3011.705558378901        2502.294445801098
1                        1.2245                   1                        1                        1.4000000000000001       0.7142857142857142       5.846309691287931E-13    5.544806615856457E-13    0.25                     5.0E10                   2700                     5216.427044549853        3011.705558378901        2502.294445801098
1                        1.2245                   1                        1                        1.5000000000000002       0.6666666666666665       5.887801510291594E-13    5.564814795137844E-13    0.25                     5.0E10                   2700                     5216.427044549853        3011.705558378901        2502.294445801098
1                        1.2245                   1                        1                        1.6                      0.625                    5.838732222969231E-13    5.505933804163961E-13    0.25                     5.0E10                   2700                     5216.427044549853        3011.705558378901        2502.294445801098
1                        1.2245                   1                        1                        1.7000000000000002       0.588235294117647        5.862603342123886E-13    5.505893465797164E-13    0.25                     5.0E10                   2700                     5216.427044549853        3011.705558378901        2502.294445801098
1                        1.2245                   1                        1                        1.8000000000000003       0.5555555555555555       5.888560540144978E-13    5.508684098997727E-13    0.25                     5.0E10                   2700                     5216.427044549853        3011.705558378901        2502.294445801098
1                        1.2245                   1                        1                        1.9000000000000001       0.5263157894736842       5.867161407942448E-13    5.483588893879201E-13    0.25                     5.0E10                   2700                     5216.427044549853        3011.705558378901        2502.294445801098
1                        1.2245                   1                        1                        2                        0.5                      5.825505139809435E-13    5.462774327080423E-13    0.25                     5.0E10                   2700                     5216.427044549853        3011.705558378901        2502.294445801098
1                        1.2245                   1                        1                        2.1                      0.47619047619047616      5.77179740060953E-13     5.452389964476221E-13    0.25                     5.0E10                   2700                     5216.427044549853        3011.705558378901        2502.294445801098
1                        1.2245                   1                        1                        2.2                      0.4545454545454545       5.694826771529429E-13    5.434126132399472E-13    0.25                     5.0E10                   2700                     5216.427044549853        3011.705558378901        2502.294445801098
1                        1.2245                   1                        1                        2.3000000000000003       0.43478260869565216      5.596139332427352E-13    5.399232264839545E-13    0.25                     5.0E10                   2700                     5216.427044549853        3011.705558378901        2502.294445801098
1                        1.2245                   1                        1                        2.4000000000000004       0.4166666666666666       5.496558744492822E-13    5.359263712109924E-13    0.25                     5.0E10                   2700                     5216.427044549853        3011.705558378901        2502.294445801098
1                        1.2245                   1                        1                        2.5000000000000004       0.3999999999999999       5.419888428109874E-13    5.3321926328692E-13      0.25                     5.0E10                   2700                     5216.427044549853        3011.705558378901        2502.294445801098
1                        1.2245                   1                        1                        2.6                      0.3846153846153846       5.374785593381704E-13    5.327256405127422E-13    0.25                     5.0E10                   2700                     5216.427044549853        3011.705558378901        2502.294445801098
1                        1.2245                   1                        1                        2.7                      0.37037037037037035      5.359969186978992E-13    5.343625873486777E-13    0.25                     5.0E10                   2700                     5216.427044549853        3011.705558378901        2502.294445801098
1                        1.2245                   1                        1                        2.8000000000000003       0.3571428571428571       5.364968565864816E-13    5.372689726180883E-13    0.25                     5.0E10                   2700                     5216.427044549853        3011.705558378901        2502.294445801098
1                        1.2245                   1                        1                        2.9000000000000004       0.3448275862068965       5.37682544882168E-13     5.403190174070177E-13    0.25                     5.0E10                   2700                     5216.427044549853        3011.705558378901        2502.294445801098
1                        1.2245                   1                        1                        3.0000000000000004       0.33333333333333326      5.384378185380655E-13    5.42525045663046E-13     0.25                     5.0E10                   2700                     5216.427044549853        3011.705558378901        2502.294445801098
1                        1.2245                   1                        1                        3.1                      0.32258064516129037      5.380542882889071E-13    5.432678466755072E-13    0.25                     5.0E10                   2700                     5216.427044549853        3011.705558378901        2502.294445801098
1                        1.2245                   1                        1                        3.2                      0.3125                   5.362749494451381E-13    5.423515525043148E-13    0.25                     5.0E10                   2700                     5216.427044549853        3011.705558378901        2502.294445801098
1                        1.2245                   1                        1                        3.3000000000000003       0.30303030303030304      5.332066347572214E-13    5.399274416623844E-13    0.25                     5.0E10                   2700                     5216.427044549853        3011.705558378901        2502.294445801098
1                        1.2245                   1                        1                        3.4000000000000004       0.2941176470588235       5.292216463780052E-13    5.364194060258139E-13    0.25                     5.0E10                   2700                     5216.427044549853        3011.705558378901        2502.294445801098
1                        1.2245                   1                        1                        3.5000000000000004       0.2857142857142857       5.246174136044456E-13    5.321240506139354E-13    0.25                     5.0E10                   2700                     5216.427044549853        3011.705558378901        2502.294445801098
1                        1.2245                   1                        1                        3.6                      0.2777777777777778       5.198475937303302E-13    5.275380840855233E-13    0.25                     5.0E10                   2700                     5216.427044549853        3011.705558378901        2502.294445801098
1                        1.2245                   1                        1                        3.7                      0.2702702702702703       5.15223018510735E-13     5.229969863006384E-13    0.25                     5.0E10                   2700                     5216.427044549853        3011.705558378901        2502.294445801098
1                        1.2245                   1                        1                        3.8000000000000003       0.2631578947368421       5.109638624278041E-13    5.187424917323541E-13    0.25                     5.0E10                   2700                     5216.427044549853        3011.705558378901        2502.294445801098
1                        1.2245                   1                        1                        3.9000000000000004       0.2564102564102564       5.072048960317762E-13    5.149277696201258E-13    0.25                     5.0E10                   2700                     5216.427044549853        3011.705558378901        2502.294445801098
1                        1.2245                   1                        1                        4                        0.25                     5.040110861996314E-13    5.116330080486471E-13    0.25                     5.0E10                   2700                     5216.427044549853        3011.705558378901        2502.294445801098
1                        1.2245                   1                        1                        4.1                      0.24390243902439027      5.013957216950994E-13    5.088837956341719E-13    0.25                     5.0E10                   2700                     5216.427044549853        3011.705558378901        2502.294445801098
1                        1.2245                   1                        1                        4.2                      0.23809523809523808      4.993370317138392E-13    5.066680625985998E-13    0.25                     5.0E10                   2700                     5216.427044549853        3011.705558378901        2502.294445801098
1                        1.2245                   1                        1                        4.3                      0.23255813953488372      4.977916750463665E-13    5.049499463549332E-13    0.25                     5.0E10                   2700                     5216.427044549853        3011.705558378901        2502.294445801098
1                        1.2245                   1                        1                        4.3999999999999995       0.22727272727272732      4.967048600316488E-13    5.03680289790459E-13     0.25                     5.0E10                   2700                     5216.427044549853        3011.705558378901        2502.294445801098
1                        1.2245                   1                        1                        4.5                      0.22222222222222224      4.960174818379097E-13    5.028041309557404E-13    0.25                     5.0E10                   2700                     5216.427044549853        3011.705558378901        2502.294445801098
1                        1.2245                   1                        1                        4.6                      0.2173913043478261       4.956709800287753E-13    5.022658430906347E-13    0.25                     5.0E10                   2700                     5216.427044549853        3011.705558378901        2502.294445801098
1                        1.2245                   1                        1                        4.7                      0.2127659574468085       4.95609849274475E-13     5.020120350405978E-13    0.25                     5.0E10                   2700                     5216.427044549853        3011.705558378901        2502.294445801098
1                        1.2245                   1                        1                        4.8                      0.20833333333333334      4.95783917420628E-13     5.019938650799881E-13    0.25                     5.0E10                   2700                     5216.427044549853        3011.705558378901        2502.294445801098
1                        1.2245                   1                        1                        4.9                      0.20408163265306117      4.961486890305461E-13    5.02167692485676E-13     0.25                     5.0E10                   2700                     5216.427044549853        3011.705558378901        2502.294445801098
1                        1.2245                   1                        1                        5                        0.2                      4.967588543694089E-13    5.025876674401024E-13    0.25                     5.0E10                   2700                     5216.427044549853        3011.705558378901        2502.294445801098
1                        1.2245                   1                        1                        5.1                      0.19607843137254904      4.973922112333185E-13    5.030340830808956E-13    0.25                     5.0E10                   2700                     5216.427044549853        3011.705558378901        2502.294445801098
1                        1.2245                   1                        1                        5.2                      0.1923076923076923       4.981170500817495E-13    5.035740611312816E-13    0.25                     5.0E10                   2700                     5216.427044549853        3011.705558378901        2502.294445801098
1                        1.2245                   1                        1                        5.3                      0.18867924528301888      4.989105216809438E-13    5.04184768445335E-13     0.25                     5.0E10                   2700                     5216.427044549853        3011.705558378901        2502.294445801098
1                        1.2245                   1                        1                        5.4                      0.18518518518518517      4.997538905375228E-13    5.048474229962073E-13    0.25                     5.0E10                   2700                     5216.427044549853        3011.705558378901        2502.294445801098
1                        1.2245                   1                        1                        5.5                      0.18181818181818182      5.006319541289814E-13    5.055467484562076E-13    0.25                     5.0E10                   2700                     5216.427044549853        3011.705558378901        2502.294445801098
1                        1.2245                   1                        1                        5.6                      0.17857142857142858      5.015324975273674E-13    5.062704528851383E-13    0.25                     5.0E10                   2700                     5216.427044549853        3011.705558378901        2502.294445801098
1                        1.2245                   1                        1                        5.7                      0.17543859649122806      5.024459566163584E-13    5.070089218383424E-13    0.25                     5.0E10                   2700                     5216.427044549853        3011.705558378901        2502.294445801098
1                        1.2245                   1                        1                        5.8                      0.1724137931034483       5.033643565937199E-13    5.077541093276633E-13    0.25                     5.0E10                   2700                     5216.427044549853        3011.705558378901        2502.294445801098
1                        1.2245                   1                        1                        5.9                      0.1694915254237288       5.042818626232659E-13    5.085001744114467E-13    0.25                     5.0E10                   2700                     5216.427044549853        3011.705558378901        2502.294445801098
1                        1.2245                   1                        1                        6                        0.16666666666666666      5.051938439358992E-13    5.092424937973802E-13    0.25                     5.0E10                   2700                     5216.427044549853        3011.705558378901        2502.294445801098
1                        1.2245                   1                        1                        6.1                      0.16393442622950818      5.060967566484519E-13    5.099775556167699E-13    0.25                     5.0E10                   2700                     5216.427044549853        3011.705558378901        2502.294445801098
1                        1.2245                   1                        1                        6.2                      0.16129032258064518      5.069879205644632E-13    5.107027333031612E-13    0.25                     5.0E10                   2700                     5216.427044549853        3011.705558378901        2502.294445801098
1                        1.2245                   1                        1                        6.3                      0.15873015873015872      5.078653363779209E-13    5.114160991281363E-13    0.25                     5.0E10                   2700                     5216.427044549853        3011.705558378901        2502.294445801098
1                        1.2245                   1                        1                        6.4                      0.15625                  5.087275376109745E-13    5.121162721163645E-13    0.25                     5.0E10                   2700                     5216.427044549853        3011.705558378901        2502.294445801098
1                        1.2245                   1                        1                        6.5                      0.15384615384615383      5.09573471786113E-13     5.128022951951942E-13    0.25                     5.0E10                   2700                     5216.427044549853        3011.705558378901        2502.294445801098
1                        1.2245                   1                        1                        6.6                      0.15151515151515152      5.10402405906938E-13     5.134735368800414E-13    0.25                     5.0E10                   2700                     5216.427044549853        3011.705558378901        2502.294445801098
1                        1.2245                   1                        1                        6.7                      0.1492537313432836       5.11213851980737E-13     5.141296133335331E-13    0.25                     5.0E10                   2700                     5216.427044549853        3011.705558378901        2502.294445801098
1                        1.2245                   1                        1                        6.8                      0.14705882352941177      5.12007508796884E-13     5.147703271052173E-13    0.25                     5.0E10                   2700                     5216.427044549853        3011.705558378901        2502.294445801098
1                        1.2245                   1                        1                        6.9                      0.14492753623188404      5.127832167754554E-13    5.153956194174683E-13    0.25                     5.0E10                   2700                     5216.427044549853        3011.705558378901        2502.294445801098
1                        1.2245                   1                        1                        7                        0.14285714285714285      5.135409232944576E-13    5.160055333598054E-13    0.25                     5.0E10                   2700                     5216.427044549853        3011.705558378901        2502.294445801098
1                        1.2245                   1                        1                        7.1                      0.14084507042253522      5.142806562455502E-13    5.166001857698598E-13    0.25                     5.0E10                   2700                     5216.427044549853        3011.705558378901        2502.294445801098
1                        1.2245                   1                        1                        7.2                      0.1388888888888889       5.150025040543457E-13    5.171797459663894E-13    0.25                     5.0E10                   2700                     5216.427044549853        3011.705558378901        2502.294445801098
1                        1.2245                   1                        1                        7.3                      0.13698630136986303      5.157066006858543E-13    5.177444198486176E-13    0.25                     5.0E10                   2700                     5216.427044549853        3011.705558378901        2502.294445801098
1                        1.2245                   1                        1                        7.4                      0.13513513513513514      5.163931145383681E-13    5.182944381726272E-13    0.25                     5.0E10                   2700                     5216.427044549853        3011.705558378901        2502.294445801098
1                        1.2245                   1                        1                        7.5                      0.13333333333333333      5.170622401944036E-13    5.188300479953441E-13    0.25                     5.0E10                   2700                     5216.427044549853        3011.705558378901        2502.294445801098
1                        1.2245                   1                        1                        7.6                      0.13157894736842105      5.177146894350142E-13    5.193519876692283E-13    0.25                     5.0E10                   2700                     5216.427044549853        3011.705558378901        2502.294445801098
1                        1.2245                   1                        1                        7.7                      0.12987012987012989      5.183497282812299E-13    5.198595848343051E-13    0.25                     5.0E10                   2700                     5216.427044549853        3011.705558378901        2502.294445801098
1                        1.2245                   1                        1                        7.8                      0.12820512820512822      5.189680679794752E-13    5.203535606450117E-13    0.25                     5.0E10                   2700                     5216.427044549853        3011.705558378901        2502.294445801098
1                        1.2245                   1                        1                        7.9                      0.12658227848101267      5.195699619447905E-13    5.208341821885106E-13    0.25                     5.0E10                   2700                     5216.427044549853        3011.705558378901        2502.294445801098
1                        1.2245                   1                        1                        8                        0.125                    5.201556721510444E-13    5.213017162960179E-13    0.25                     5.0E10                   2700                     5216.427044549853        3011.705558378901        2502.294445801098
1                        1.2245                   1                        1                        8.1                      0.1234567901234568       5.207254678888415E-13    5.217564288043292E-13    0.25                     5.0E10                   2700                     5216.427044549853        3011.705558378901        2502.294445801098
1                        1.2245                   1                        1                        8.2                      0.12195121951219513      5.212796247171177E-13    5.221985840978749E-13    0.25                     5.0E10                   2700                     5216.427044549853        3011.705558378901        2502.294445801098
1                        1.2245                   1                        1                        8.3                      0.12048192771084336      5.218184236821331E-13    5.226284449105946E-13    0.25                     5.0E10                   2700                     5216.427044549853        3011.705558378901        2502.294445801098
1                        1.2245                   1                        1                        8.4                      0.11904761904761904      5.223421506046222E-13    5.230462722318067E-13    0.25                     5.0E10                   2700                     5216.427044549853        3011.705558378901        2502.294445801098
1                        1.2245                   1                        1                        8.5                      0.11764705882352941      5.228510954604575E-13    5.234523252916873E-13    0.25                     5.0E10                   2700                     5216.427044549853        3011.705558378901        2502.294445801098
1                        1.2245                   1                        1                        8.6                      0.11627906976744186      5.233455517973887E-13    5.238468615832227E-13    0.25                     5.0E10                   2700                     5216.427044549853        3011.705558378901        2502.294445801098
1                        1.2245                   1                        1                        8.7                      0.11494252873563218      5.238258161658292E-13    5.242301368762017E-13    0.25                     5.0E10                   2700                     5216.427044549853        3011.705558378901        2502.294445801098
1                        1.2245                   1                        1                        8.8                      0.11363636363636362      5.242921875532601E-13    5.24602405217568E-13     0.25                     5.0E10                   2700                     5216.427044549853        3011.705558378901        2502.294445801098
1                        1.2245                   1                        1                        8.9                      0.11235955056179775      5.24744966829356E-13     5.24963918910632E-13     0.25                     5.0E10                   2700                     5216.427044549853        3011.705558378901        2502.294445801098
1                        1.2245                   1                        1                        9                        0.11111111111111112      5.251844562100982E-13    5.253149284792643E-13    0.25                     5.0E10                   2700                     5216.427044549853        3011.705558378901        2502.294445801098
1                        1.2245                   1                        1                        9.1                      0.1098901098901099       5.256109586803693E-13    5.256556825769421E-13    0.25                     5.0E10                   2700                     5216.427044549853        3011.705558378901        2502.294445801098
1                        1.2245                   1                        1                        9.2                      0.10869565217391305      5.260247774520586E-13    5.259864278863952E-13    0.25                     5.0E10                   2700                     5216.427044549853        3011.705558378901        2502.294445801098
1                        1.2245                   1                        1                        9.3                      0.10752688172043011      5.264262154539263E-13    5.263074090053949E-13    0.25                     5.0E10                   2700                     5216.427044549853        3011.705558378901        2502.294445801098
1                        1.2245                   1                        1                        9.4                      0.10638297872340426      5.26815574769149E-13     5.266188682869778E-13    0.25                     5.0E10                   2700                     5216.427044549853        3011.705558378901        2502.294445801098
1                        1.2245                   1                        1                        9.5                      0.10526315789473685      5.271931561828707E-13    5.269210456982389E-13    0.25                     5.0E10                   2700                     5216.427044549853        3011.705558378901        2502.294445801098
1                        1.2245                   1                        1                        9.6                      0.10416666666666667      5.275592586425746E-13    5.272141786345398E-13    0.25                     5.0E10                   2700                     5216.427044549853        3011.705558378901        2502.294445801098
1                        1.2245                   1                        1                        9.700000000000001        0.1030927835051546       5.279141788347789E-13    5.274985017562976E-13    0.25                     5.0E10                   2700                     5216.427044549853        3011.705558378901        2502.294445801098
1                        1.2245                   1                        1                        9.8                      0.10204081632653059      5.282582107698107E-13    5.277742468281358E-13    0.25                     5.0E10                   2700                     5216.427044549853        3011.705558378901        2502.294445801098
1                        1.2245                   1                        1                        9.9                      0.101010101010101        5.285916453314729E-13    5.280416425198071E-13    0.25                     5.0E10                   2700                     5216.427044549853        3011.705558378901        2502.294445801098
1                        1.2245                   1                        1                        10                       0.1                      5.289910407398601E-13    5.283590671474728E-13    0.25                     5.0E10                   2700                     5216.427044549853        3011.705558378901        2502.294445801098
