1                        0.6890000000000001       1                        1                        0.1                      10                       5.331420255207001E-13    5.331411404588947E-13    0.25                     5.0E10                   2700                     3912.941490887784        2259.1378230873174       2502.294445801098
1                        0.6890000000000001       1                        1                        0.2                      5                        5.334818065377425E-13    5.331449418012236E-13    0.25                     5.0E10                   2700                     3912.941490887784        2259.1378230873174       2502.294445801098
1                        0.6890000000000001       1                        1                        0.30000000000000004      3.3333333333333326       5.366650288659925E-13    5.363009591814742E-13    0.25                     5.0E10                   2700                     3912.941490887784        2259.1378230873174       2502.294445801098
1                        0.6890000000000001       1                        1                        0.4                      2.5                      5.32733386993763E-13     5.330566112293719E-13    0.25                     5.0E10                   2700                     3912.941490887784        2259.1378230873174       2502.294445801098
1                        0.6890000000000001       1                        1                        0.5                      2                        5.333418361646075E-13    5.324916687021806E-13    0.25                     5.0E10                   2700                     3912.941490887784        2259.1378230873174       2502.294445801098
1                        0.6890000000000001       1                        1                        0.6                      1.6666666666666667       5.378508378140151E-13    5.341213233847609E-13    0.25                     5.0E10                   2700                     3912.941490887784        2259.1378230873174       2502.294445801098
1                        0.6890000000000001       1                        1                        0.7000000000000001       1.4285714285714284       5.404384767287318E-13    5.313704716220992E-13    0.25                     5.0E10                   2700                     3912.941490887784        2259.1378230873174       2502.294445801098
1                        0.6890000000000001       1                        1                        0.8                      1.25                     5.380574120183062E-13    5.224236824258742E-13    0.25                     5.0E10                   2700                     3912.941490887784        2259.1378230873174       2502.294445801098
1                        0.6890000000000001       1                        1                        0.9                      1.1111111111111112       5.359928656241132E-13    5.194268208298817E-13    0.25                     5.0E10                   2700                     3912.941490887784        2259.1378230873174       2502.294445801098
1                        0.6890000000000001       1                        1                        1                        1                        5.256250529386333E-13    5.102928840802508E-13    0.25                     5.0E10                   2700                     3912.941490887784        2259.1378230873174       2502.294445801098
1                        0.6890000000000001       1                        1                        1.1                      0.909090909090909        5.106680449064704E-13    5.073902141738787E-13    0.25                     5.0E10                   2700                     3912.941490887784        2259.1378230873174       2502.294445801098
1                        0.6890000000000001       1                        1                        1.2000000000000002       0.8333333333333331       4.917210138148097E-13    5.011242284214136E-13    0.25                     5.0E10                   2700                     3912.941490887784        2259.1378230873174       2502.294445801098
1                        0.6890000000000001       1                        1                        1.3000000000000003       0.769230769230769        4.794592680372873E-13    5.042386369680491E-13    0.25                     5.0E10                   2700                     3912.941490887784        2259.1378230873174       2502.294445801098
1                        0.6890000000000001       1                        1                        1.4000000000000001       0.7142857142857142       4.559783118186362E-13    4.971347470099682E-13    0.25                     5.0E10                   2700                     3912.941490887784        2259.1378230873174       2502.294445801098
1                        0.6890000000000001       1                        1                        1.5000000000000002       0.6666666666666665       4.3578598150778026E-13   4.904288703343104E-13    0.25                     5.0E10                   2700                     3912.941490887784        2259.1378230873174       2502.294445801098
1                        0.6890000000000001       1                        1                        1.6                      0.625                    4.3059434593454514E-13   4.943657907567874E-13    0.25                     5.0E10                   2700                     3912.941490887784        2259.1378230873174       2502.294445801098
1                        0.6890000000000001       1                        1                        1.7000000000000002       0.588235294117647        4.399125911475092E-13    5.088936973233421E-13    0.25                     5.0E10                   2700                     3912.941490887784        2259.1378230873174       2502.294445801098
1                        0.6890000000000001       1                        1                        1.8000000000000003       0.5555555555555555       4.462436578803138E-13    5.156395928717167E-13    0.25                     5.0E10                   2700                     3912.941490887784        2259.1378230873174       2502.294445801098
1                        0.6890000000000001       1                        1                        1.9000000000000001       0.5263157894736842       4.4558137648026807E-13   5.112055315089743E-13    0.25                     5.0E10                   2700                     3912.941490887784        2259.1378230873174       2502.294445801098
1                        0.6890000000000001       1                        1                        2                        0.5                      4.467516611114807E-13    5.067472580769839E-13    0.25                     5.0E10                   2700                     3912.941490887784        2259.1378230873174       2502.294445801098
1                        0.6890000000000001       1                        1                        2.1                      0.47619047619047616      4.548719855437029E-13    5.090159647711923E-13    0.25                     5.0E10                   2700                     3912.941490887784        2259.1378230873174       2502.294445801098
1                        0.6890000000000001       1                        1                        2.2                      0.4545454545454545       4.681311221046406E-13    5.165803000143451E-13    0.25                     5.0E10                   2700                     3912.941490887784        2259.1378230873174       2502.294445801098
1                        0.6890000000000001       1                        1                        2.3000000000000003       0.43478260869565216      4.819358461050463E-13    5.247357681287094E-13    0.25                     5.0E10                   2700                     3912.941490887784        2259.1378230873174       2502.294445801098
1                        0.6890000000000001       1                        1                        2.4000000000000004       0.4166666666666666       4.928545683119256E-13    5.299786806119826E-13    0.25                     5.0E10                   2700                     3912.941490887784        2259.1378230873174       2502.294445801098
1                        0.6890000000000001       1                        1                        2.5000000000000004       0.3999999999999999       5.000451099833315E-13    5.314712707886919E-13    0.25                     5.0E10                   2700                     3912.941490887784        2259.1378230873174       2502.294445801098
1                        0.6890000000000001       1                        1                        2.6                      0.3846153846153846       5.043437881043851E-13    5.303009168450833E-13    0.25                     5.0E10                   2700                     3912.941490887784        2259.1378230873174       2502.294445801098
1                        0.6890000000000001       1                        1                        2.7                      0.37037037037037035      5.071785073969945E-13    5.279110247701572E-13    0.25                     5.0E10                   2700                     3912.941490887784        2259.1378230873174       2502.294445801098
1                        0.6890000000000001       1                        1                        2.8000000000000003       0.3571428571428571       5.096105566729336E-13    5.253896264516779E-13    0.25                     5.0E10                   2700                     3912.941490887784        2259.1378230873174       2502.294445801098
1                        0.6890000000000001       1                        1                        2.9000000000000004       0.3448275862068965       5.12231195410395E-13     5.233230914926579E-13    0.25                     5.0E10                   2700                     3912.941490887784        2259.1378230873174       2502.294445801098
1                        0.6890000000000001       1                        1                        3.0000000000000004       0.33333333333333326      5.153055458020907E-13    5.219620587133022E-13    0.25                     5.0E10                   2700                     3912.941490887784        2259.1378230873174       2502.294445801098
1                        0.6890000000000001       1                        1                        3.1                      0.32258064516129037      5.189474323769739E-13    5.214077547727391E-13    0.25                     5.0E10                   2700                     3912.941490887784        2259.1378230873174       2502.294445801098
1                        0.6890000000000001       1                        1                        3.2                      0.3125                   5.232249786199947E-13    5.217218826349136E-13    0.25                     5.0E10                   2700                     3912.941490887784        2259.1378230873174       2502.294445801098
1                        0.6890000000000001       1                        1                        3.3000000000000003       0.30303030303030304      5.281961891148549E-13    5.229622616454872E-13    0.25                     5.0E10                   2700                     3912.941490887784        2259.1378230873174       2502.294445801098
1                        0.6890000000000001       1                        1                        3.4000000000000004       0.2941176470588235       5.340508860676892E-13    5.253376039242141E-13    0.25                     5.0E10                   2700                     3912.941490887784        2259.1378230873174       2502.294445801098
1                        0.6890000000000001       1                        1                        3.5000000000000004       0.2857142857142857       5.405101511424218E-13    5.285520260599894E-13    0.25                     5.0E10                   2700                     3912.941490887784        2259.1378230873174       2502.294445801098
1                        0.6890000000000001       1                        1                        3.6                      0.2777777777777778       5.476811245914159E-13    5.327402098115431E-13    0.25                     5.0E10                   2700                     3912.941490887784        2259.1378230873174       2502.294445801098
1                        0.6890000000000001       1                        1                        3.7                      0.2702702702702703       5.554783599215763E-13    5.378334541483001E-13    0.25                     5.0E10                   2700                     3912.941490887784        2259.1378230873174       2502.294445801098
1                        0.6890000000000001       1                        1                        3.8000000000000003       0.2631578947368421       5.637677605602543E-13    5.437158874453526E-13    0.25                     5.0E10                   2700                     3912.941490887784        2259.1378230873174       2502.294445801098
1                        0.6890000000000001       1                        1                        3.9000000000000004       0.2564102564102564       5.723751114832736E-13    5.502315708941401E-13    0.25                     5.0E10                   2700                     3912.941490887784        2259.1378230873174       2502.294445801098
1                        0.6890000000000001       1                        1                        4                        0.25                     5.810988466783891E-13    5.571950137739726E-13    0.25                     5.0E10                   2700                     3912.941490887784        2259.1378230873174       2502.294445801098
1                        0.6890000000000001       1                        1                        4.1                      0.24390243902439027      5.897237936591361E-13    5.644032829887587E-13    0.25                     5.0E10                   2700                     3912.941490887784        2259.1378230873174       2502.294445801098
1                        0.6890000000000001       1                        1                        4.2                      0.23809523809523808      5.980353356298188E-13    5.716484523436858E-13    0.25                     5.0E10                   2700                     3912.941490887784        2259.1378230873174       2502.294445801098
1                        0.6890000000000001       1                        1                        4.3                      0.23255813953488372      6.058324221337177E-13    5.787293757946974E-13    0.25                     5.0E10                   2700                     3912.941490887784        2259.1378230873174       2502.294445801098
1                        0.6890000000000001       1                        1                        4.3999999999999995       0.22727272727272732      6.129385769982994E-13    5.85462014795202E-13     0.25                     5.0E10                   2700                     3912.941490887784        2259.1378230873174       2502.294445801098
1                        0.6890000000000001       1                        1                        4.5                      0.22222222222222224      6.192102254325039E-13    5.916877064383487E-13    0.25                     5.0E10                   2700                     3912.941490887784        2259.1378230873174       2502.294445801098
1                        0.6890000000000001       1                        1                        4.6                      0.2173913043478261       6.245421135768556E-13    5.972790483851284E-13    0.25                     5.0E10                   2700                     3912.941490887784        2259.1378230873174       2502.294445801098
1                        0.6890000000000001       1                        1                        4.7                      0.2127659574468085       6.28868693188308E-13     6.02142665823421E-13     0.25                     5.0E10                   2700                     3912.941490887784        2259.1378230873174       2502.294445801098
1                        0.6890000000000001       1                        1                        4.8                      0.20833333333333334      6.321641985601903E-13    6.062202233186087E-13    0.25                     5.0E10                   2700                     3912.941490887784        2259.1378230873174       2502.294445801098
1                        0.6890000000000001       1                        1                        4.9                      0.20408163265306117      6.344386608657008E-13    6.094863846140181E-13    0.25                     5.0E10                   2700                     3912.941490887784        2259.1378230873174       2502.294445801098
1                        0.6890000000000001       1                        1                        5                        0.2                      6.358810797182964E-13    6.120802085287844E-13    0.25                     5.0E10                   2700                     3912.941490887784        2259.1378230873174       2502.294445801098
1                        0.6890000000000001       1                        1                        5.1                      0.19607843137254904      6.362297383340991E-13    6.137314462954266E-13    0.25                     5.0E10                   2700                     3912.941490887784        2259.1378230873174       2502.294445801098
1                        0.6890000000000001       1                        1                        5.2                      0.1923076923076923       6.357504000194031E-13    6.146564170075296E-13    0.25                     5.0E10                   2700                     3912.941490887784        2259.1378230873174       2502.294445801098
1                        0.6890000000000001       1                        1                        5.3                      0.18867924528301888      6.345376069553922E-13    6.149174918893388E-13    0.25                     5.0E10                   2700                     3912.941490887784        2259.1378230873174       2502.294445801098
1                        0.6890000000000001       1                        1                        5.4                      0.18518518518518517      6.326914863209547E-13    6.145858543832151E-13    0.25                     5.0E10                   2700                     3912.941490887784        2259.1378230873174       2502.294445801098
1                        0.6890000000000001       1                        1                        5.5                      0.18181818181818182      6.303129247458171E-13    6.137370674131496E-13    0.25                     5.0E10                   2700                     3912.941490887784        2259.1378230873174       2502.294445801098
1                        0.6890000000000001       1                        1                        5.6                      0.17857142857142858      6.274997619942267E-13    6.124474087017828E-13    0.25                     5.0E10                   2700                     3912.941490887784        2259.1378230873174       2502.294445801098
1                        0.6890000000000001       1                        1                        5.7                      0.17543859649122806      6.243443842263602E-13    6.107914077682984E-13    0.25                     5.0E10                   2700                     3912.941490887784        2259.1378230873174       2502.294445801098
1                        0.6890000000000001       1                        1                        5.8                      0.1724137931034483       6.209303194414542E-13    6.08838233195634E-13     0.25                     5.0E10                   2700                     3912.941490887784        2259.1378230873174       2502.294445801098
1                        0.6890000000000001       1                        1                        5.9                      0.1694915254237288       6.173334567458803E-13    6.066525986959161E-13    0.25                     5.0E10                   2700                     3912.941490887784        2259.1378230873174       2502.294445801098
1                        0.6890000000000001       1                        1                        6                        0.16666666666666666      6.136200842779002E-13    6.042924582672626E-13    0.25                     5.0E10                   2700                     3912.941490887784        2259.1378230873174       2502.294445801098
1                        0.6890000000000001       1                        1                        6.1                      0.16393442622950818      6.098473121118478E-13    6.018090436972466E-13    0.25                     5.0E10                   2700                     3912.941490887784        2259.1378230873174       2502.294445801098
1                        0.6890000000000001       1                        1                        6.2                      0.16129032258064518      6.060634619663776E-13    5.992468788289883E-13    0.25                     5.0E10                   2700                     3912.941490887784        2259.1378230873174       2502.294445801098
1                        0.6890000000000001       1                        1                        6.3                      0.15873015873015872      6.023086843037012E-13    5.966440421329935E-13    0.25                     5.0E10                   2700                     3912.941490887784        2259.1378230873174       2502.294445801098
1                        0.6890000000000001       1                        1                        6.4                      0.15625                  5.98615708367008E-13     5.940325934332551E-13    0.25                     5.0E10                   2700                     3912.941490887784        2259.1378230873174       2502.294445801098
1                        0.6890000000000001       1                        1                        6.5                      0.15384615384615383      5.950106526686491E-13    5.914390976717407E-13    0.25                     5.0E10                   2700                     3912.941490887784        2259.1378230873174       2502.294445801098
1                        0.6890000000000001       1                        1                        6.6                      0.15151515151515152      5.915138432653151E-13    5.888851946387425E-13    0.25                     5.0E10                   2700                     3912.941490887784        2259.1378230873174       2502.294445801098
1                        0.6890000000000001       1                        1                        6.7                      0.1492537313432836       5.881406036720937E-13    5.863881775404534E-13    0.25                     5.0E10                   2700                     3912.941490887784        2259.1378230873174       2502.294445801098
1                        0.6890000000000001       1                        1                        6.8                      0.14705882352941177      5.849019931698736E-13    5.839615546713393E-13    0.25                     5.0E10                   2700                     3912.941490887784        2259.1378230873174       2502.294445801098
1                        0.6890000000000001       1                        1                        6.9                      0.14492753623188404      5.81805480336608E-13     5.816155776016941E-13    0.25                     5.0E10                   2700                     3912.941490887784        2259.1378230873174       2502.294445801098
1                        0.6890000000000001       1                        1                        7                        0.14285714285714285      5.788555458847635E-13    5.793577261592378E-13    0.25                     5.0E10                   2700                     3912.941490887784        2259.1378230873174       2502.294445801098
1                        0.6890000000000001       1                        1                        7.1                      0.14084507042253522      5.760542139164782E-13    5.771931455394291E-13    0.25                     5.0E10                   2700                     3912.941490887784        2259.1378230873174       2502.294445801098
1                        0.6890000000000001       1                        1                        7.2                      0.1388888888888889       5.734015140953427E-13    5.751250344015078E-13    0.25                     5.0E10                   2700                     3912.941490887784        2259.1378230873174       2502.294445801098
1                        0.6890000000000001       1                        1                        7.3                      0.13698630136986303      5.708958793194249E-13    5.731549852500718E-13    0.25                     5.0E10                   2700                     3912.941490887784        2259.1378230873174       2502.294445801098
1                        0.6890000000000001       1                        1                        7.4                      0.13513513513513514      5.685344846455148E-13    5.712832798762836E-13    0.25                     5.0E10                   2700                     3912.941490887784        2259.1378230873174       2502.294445801098
1                        0.6890000000000001       1                        1                        7.5                      0.13333333333333333      5.663135335621918E-13    5.695091434666168E-13    0.25                     5.0E10                   2700                     3912.941490887784        2259.1378230873174       2502.294445801098
1                        0.6890000000000001       1                        1                        7.6                      0.13157894736842105      5.642290875975603E-13    5.678316399043622E-13    0.25                     5.0E10                   2700                     3912.941490887784        2259.1378230873174       2502.294445801098
1                        0.6890000000000001       1                        1                        7.7                      0.12987012987012989      5.622749257246307E-13    5.662471633263661E-13    0.25                     5.0E10                   2700                     3912.941490887784        2259.1378230873174       2502.294445801098
1                        0.6890000000000001       1                        1                        7.8                      0.12820512820512822      5.604461915859808E-13    5.647535988245837E-13    0.25                     5.0E10                   2700                     3912.941490887784        2259.1378230873174       2502.294445801098
1                        0.6890000000000001       1                        1                        7.9                      0.12658227848101267      5.587372246912419E-13    5.633478020373607E-13    0.25                     5.0E10                   2700                     3912.941490887784        2259.1378230873174       2502.294445801098
1                        0.6890000000000001       1                        1                        8                        0.125                    5.571422411717948E-13    5.620263635862813E-13    0.25                     5.0E10                   2700                     3912.941490887784        2259.1378230873174       2502.294445801098
1                        0.6890000000000001       1                        1                        8.1                      0.1234567901234568       5.556554218174518E-13    5.607856976021674E-13    0.25                     5.0E10                   2700                     3912.941490887784        2259.1378230873174       2502.294445801098
1                        0.6890000000000001       1                        1                        8.2                      0.12195121951219513      5.542709819408254E-13    5.596221141097272E-13    0.25                     5.0E10                   2700                     3912.941490887784        2259.1378230873174       2502.294445801098
1                        0.6890000000000001       1                        1                        8.3                      0.12048192771084336      5.52983226313051E-13     5.585318778684875E-13    0.25                     5.0E10                   2700                     3912.941490887784        2259.1378230873174       2502.294445801098
1                        0.6890000000000001       1                        1                        8.4                      0.11904761904761904      5.517865915342723E-13    5.575112556824083E-13    0.25                     5.0E10                   2700                     3912.941490887784        2259.1378230873174       2502.294445801098
1                        0.6890000000000001       1                        1                        8.5                      0.11764705882352941      5.506756780821606E-13    5.565565540505507E-13    0.25                     5.0E10                   2700                     3912.941490887784        2259.1378230873174       2502.294445801098
1                        0.6890000000000001       1                        1                        8.6                      0.11627906976744186      5.49645273833398E-13     5.55664148725279E-13     0.25                     5.0E10                   2700                     3912.941490887784        2259.1378230873174       2502.294445801098
1                        0.6890000000000001       1                        1                        8.7                      0.11494252873563218      5.486903706168808E-13    5.548305075142628E-13    0.25                     5.0E10                   2700                     3912.941490887784        2259.1378230873174       2502.294445801098
1                        0.6890000000000001       1                        1                        8.8                      0.11363636363636362      5.478061750870313E-13    5.540522074786895E-13    0.25                     5.0E10                   2700                     3912.941490887784        2259.1378230873174       2502.294445801098
1                        0.6890000000000001       1                        1                        8.9                      0.11235955056179775      5.469881150107264E-13    5.533259475004993E-13    0.25                     5.0E10                   2700                     3912.941490887784        2259.1378230873174       2502.294445801098
1                        0.6890000000000001       1                        1                        9                        0.11111111111111112      5.462318419059103E-13    5.526485570618846E-13    0.25                     5.0E10                   2700                     3912.941490887784        2259.1378230873174       2502.294445801098
1                        0.6890000000000001       1                        1                        9.1                      0.1098901098901099       5.455332306843772E-13    5.520170018703188E-13    0.25                     5.0E10                   2700                     3912.941490887784        2259.1378230873174       2502.294445801098
1                        0.6890000000000001       1                        1                        9.2                      0.10869565217391305      5.448883770429367E-13    5.514283869812268E-13    0.25                     5.0E10                   2700                     3912.941490887784        2259.1378230873174       2502.294445801098
1                        0.6890000000000001       1                        1                        9.3                      0.10752688172043011      5.442935930834055E-13    5.508799578847716E-13    0.25                     5.0E10                   2700                     3912.941490887784        2259.1378230873174       2502.294445801098
1                        0.6890000000000001       1                        1                        9.4                      0.10638297872340426      5.437454015006572E-13    5.503690999263771E-13    0.25                     5.0E10                   2700                     3912.941490887784        2259.1378230873174       2502.294445801098
1                        0.6890000000000001       1                        1                        9.5                      0.10526315789473685      5.432405288654833E-13    5.498933364814272E-13    0.25                     5.0E10                   2700                     3912.941490887784        2259.1378230873174       2502.294445801098
1                        0.6890000000000001       1                        1                        9.6                      0.10416666666666667      5.427758980541266E-13    5.494503260692383E-13    0.25                     5.0E10                   2700                     3912.941490887784        2259.1378230873174       2502.294445801098
1                        0.6890000000000001       1                        1                        9.700000000000001        0.1030927835051546       5.423486202982549E-13    5.490378587406932E-13    0.25                     5.0E10                   2700                     3912.941490887784        2259.1378230873174       2502.294445801098
1                        0.6890000000000001       1                        1                        9.8                      0.10204081632653059      5.419559868946276E-13    5.486538518793188E-13    0.25                     5.0E10                   2700                     3912.941490887784        2259.1378230873174       2502.294445801098
1                        0.6890000000000001       1                        1                        9.9                      0.101010101010101        5.415954607131997E-13    5.482963455561797E-13    0.25                     5.0E10                   2700                     3912.941490887784        2259.1378230873174       2502.294445801098
1                        0.6890000000000001       1                        1                        10                       0.1                      5.413241434247419E-13    5.479761857584047E-13    0.25                     5.0E10                   2700                     3912.941490887784        2259.1378230873174       2502.294445801098
