1                        0.7265                   1                        1                        0.1                      10                       5.331292906059188E-13    5.331339302624972E-13    0.25                     5.0E10                   2700                     4018.01498808111         2319.8020349765798       2502.294445801098
1                        0.7265                   1                        1                        0.2                      5                        5.334825667473852E-13    5.331478432157874E-13    0.25                     5.0E10                   2700                     4018.01498808111         2319.8020349765798       2502.294445801098
1                        0.7265                   1                        1                        0.30000000000000004      3.3333333333333326       5.366669811984451E-13    5.363039655715332E-13    0.25                     5.0E10                   2700                     4018.01498808111         2319.8020349765798       2502.294445801098
1                        0.7265                   1                        1                        0.4                      2.5                      5.327539721246413E-13    5.330731702931357E-13    0.25                     5.0E10                   2700                     4018.01498808111         2319.8020349765798       2502.294445801098
1                        0.7265                   1                        1                        0.5                      2                        5.333023307118508E-13    5.325600556393108E-13    0.25                     5.0E10                   2700                     4018.01498808111         2319.8020349765798       2502.294445801098
1                        0.7265                   1                        1                        0.6                      1.6666666666666667       5.375224883924997E-13    5.343712119316116E-13    0.25                     5.0E10                   2700                     4018.01498808111         2319.8020349765798       2502.294445801098
1                        0.7265                   1                        1                        0.7000000000000001       1.4285714285714284       5.398270795171476E-13    5.320359479989034E-13    0.25                     5.0E10                   2700                     4018.01498808111         2319.8020349765798       2502.294445801098
1                        0.7265                   1                        1                        0.8                      1.25                     5.372684125913399E-13    5.236279890854559E-13    0.25                     5.0E10                   2700                     4018.01498808111         2319.8020349765798       2502.294445801098
1                        0.7265                   1                        1                        0.9                      1.1111111111111112       5.350003203997304E-13    5.213490442494829E-13    0.25                     5.0E10                   2700                     4018.01498808111         2319.8020349765798       2502.294445801098
1                        0.7265                   1                        1                        1                        1                        5.264189524362929E-13    5.138848122932807E-13    0.25                     5.0E10                   2700                     4018.01498808111         2319.8020349765798       2502.294445801098
1                        0.7265                   1                        1                        1.1                      0.909090909090909        5.128192450198307E-13    5.112971140958988E-13    0.25                     5.0E10                   2700                     4018.01498808111         2319.8020349765798       2502.294445801098
1                        0.7265                   1                        1                        1.2000000000000002       0.8333333333333331       4.970227332366515E-13    5.069311168810818E-13    0.25                     5.0E10                   2700                     4018.01498808111         2319.8020349765798       2502.294445801098
1                        0.7265                   1                        1                        1.3000000000000003       0.769230769230769        4.862496187259478E-13    5.090697535230763E-13    0.25                     5.0E10                   2700                     4018.01498808111         2319.8020349765798       2502.294445801098
1                        0.7265                   1                        1                        1.4000000000000001       0.7142857142857142       4.661164306123445E-13    5.027645120890744E-13    0.25                     5.0E10                   2700                     4018.01498808111         2319.8020349765798       2502.294445801098
1                        0.7265                   1                        1                        1.5000000000000002       0.6666666666666665       4.495506512736776E-13    4.978265936575527E-13    0.25                     5.0E10                   2700                     4018.01498808111         2319.8020349765798       2502.294445801098
1                        0.7265                   1                        1                        1.6                      0.625                    4.452798852070172E-13    5.010477716736511E-13    0.25                     5.0E10                   2700                     4018.01498808111         2319.8020349765798       2502.294445801098
1                        0.7265                   1                        1                        1.7000000000000002       0.588235294117647        4.535344693582591E-13    5.131436390829673E-13    0.25                     5.0E10                   2700                     4018.01498808111         2319.8020349765798       2502.294445801098
1                        0.7265                   1                        1                        1.8000000000000003       0.5555555555555555       4.591148347946624E-13    5.185955938194286E-13    0.25                     5.0E10                   2700                     4018.01498808111         2319.8020349765798       2502.294445801098
1                        0.7265                   1                        1                        1.9000000000000001       0.5263157894736842       4.584788600820243E-13    5.145234109033856E-13    0.25                     5.0E10                   2700                     4018.01498808111         2319.8020349765798       2502.294445801098
1                        0.7265                   1                        1                        2                        0.5                      4.59651033843086E-13     5.108094720447184E-13    0.25                     5.0E10                   2700                     4018.01498808111         2319.8020349765798       2502.294445801098
1                        0.7265                   1                        1                        2.1                      0.47619047619047616      4.671415510278344E-13    5.132511206784443E-13    0.25                     5.0E10                   2700                     4018.01498808111         2319.8020349765798       2502.294445801098
1                        0.7265                   1                        1                        2.2                      0.4545454545454545       4.79053095332362E-13     5.202531645183574E-13    0.25                     5.0E10                   2700                     4018.01498808111         2319.8020349765798       2502.294445801098
1                        0.7265                   1                        1                        2.3000000000000003       0.43478260869565216      4.91078932412827E-13     5.274222878222683E-13    0.25                     5.0E10                   2700                     4018.01498808111         2319.8020349765798       2502.294445801098
1                        0.7265                   1                        1                        2.4000000000000004       0.4166666666666666       5.002366388352998E-13    5.317145014355175E-13    0.25                     5.0E10                   2700                     4018.01498808111         2319.8020349765798       2502.294445801098
1                        0.7265                   1                        1                        2.5000000000000004       0.3999999999999999       5.06027675229702E-13     5.326113418969878E-13    0.25                     5.0E10                   2700                     4018.01498808111         2319.8020349765798       2502.294445801098
1                        0.7265                   1                        1                        2.6                      0.3846153846153846       5.093873008639272E-13    5.312682956001636E-13    0.25                     5.0E10                   2700                     4018.01498808111         2319.8020349765798       2502.294445801098
1                        0.7265                   1                        1                        2.7                      0.37037037037037035      5.116720325824769E-13    5.290387128405181E-13    0.25                     5.0E10                   2700                     4018.01498808111         2319.8020349765798       2502.294445801098
1                        0.7265                   1                        1                        2.8000000000000003       0.3571428571428571       5.138058842287713E-13    5.268723050355459E-13    0.25                     5.0E10                   2700                     4018.01498808111         2319.8020349765798       2502.294445801098
1                        0.7265                   1                        1                        2.9000000000000004       0.3448275862068965       5.162471127426995E-13    5.252312106470927E-13    0.25                     5.0E10                   2700                     4018.01498808111         2319.8020349765798       2502.294445801098
1                        0.7265                   1                        1                        3.0000000000000004       0.33333333333333326      5.191565049518678E-13    5.242731071377869E-13    0.25                     5.0E10                   2700                     4018.01498808111         2319.8020349765798       2502.294445801098
1                        0.7265                   1                        1                        3.1                      0.32258064516129037      5.225737465122437E-13    5.240350946214644E-13    0.25                     5.0E10                   2700                     4018.01498808111         2319.8020349765798       2502.294445801098
1                        0.7265                   1                        1                        3.2                      0.3125                   5.265177318112856E-13    5.245369129388313E-13    0.25                     5.0E10                   2700                     4018.01498808111         2319.8020349765798       2502.294445801098
1                        0.7265                   1                        1                        3.3000000000000003       0.30303030303030304      5.310163100240033E-13    5.25810732136844E-13     0.25                     5.0E10                   2700                     4018.01498808111         2319.8020349765798       2502.294445801098
1                        0.7265                   1                        1                        3.4000000000000004       0.2941176470588235       5.362395938031495E-13    5.280479302494312E-13    0.25                     5.0E10                   2700                     4018.01498808111         2319.8020349765798       2502.294445801098
1                        0.7265                   1                        1                        3.5000000000000004       0.2857142857142857       5.419093488520243E-13    5.309529878733053E-13    0.25                     5.0E10                   2700                     4018.01498808111         2319.8020349765798       2502.294445801098
1                        0.7265                   1                        1                        3.6                      0.2777777777777778       5.481358672609405E-13    5.346621311035326E-13    0.25                     5.0E10                   2700                     4018.01498808111         2319.8020349765798       2502.294445801098
1                        0.7265                   1                        1                        3.7                      0.2702702702702703       5.548451789979701E-13    5.391148977345208E-13    0.25                     5.0E10                   2700                     4018.01498808111         2319.8020349765798       2502.294445801098
1                        0.7265                   1                        1                        3.8000000000000003       0.2631578947368421       5.61921228815462E-13     5.442089331640979E-13    0.25                     5.0E10                   2700                     4018.01498808111         2319.8020349765798       2502.294445801098
1                        0.7265                   1                        1                        3.9000000000000004       0.2564102564102564       5.692138081602497E-13    5.498067817719478E-13    0.25                     5.0E10                   2700                     4018.01498808111         2319.8020349765798       2502.294445801098
1                        0.7265                   1                        1                        4                        0.25                     5.765505770594261E-13    5.557461158028153E-13    0.25                     5.0E10                   2700                     4018.01498808111         2319.8020349765798       2502.294445801098
1                        0.7265                   1                        1                        4.1                      0.24390243902439027      5.837497813048275E-13    5.618512773838662E-13    0.25                     5.0E10                   2700                     4018.01498808111         2319.8020349765798       2502.294445801098
1                        0.7265                   1                        1                        4.2                      0.23809523809523808      5.906329408966186E-13    5.679447902048525E-13    0.25                     5.0E10                   2700                     4018.01498808111         2319.8020349765798       2502.294445801098
1                        0.7265                   1                        1                        4.3                      0.23255813953488372      5.970360106576645E-13    5.738577921411324E-13    0.25                     5.0E10                   2700                     4018.01498808111         2319.8020349765798       2502.294445801098
1                        0.7265                   1                        1                        4.3999999999999995       0.22727272727272732      6.028183137005699E-13    5.794387182319548E-13    0.25                     5.0E10                   2700                     4018.01498808111         2319.8020349765798       2502.294445801098
1                        0.7265                   1                        1                        4.5                      0.22222222222222224      6.078688009963843E-13    5.845598004917506E-13    0.25                     5.0E10                   2700                     4018.01498808111         2319.8020349765798       2502.294445801098
1                        0.7265                   1                        1                        4.6                      0.2173913043478261       6.1210964757115E-13      5.891212752013613E-13    0.25                     5.0E10                   2700                     4018.01498808111         2319.8020349765798       2502.294445801098
1                        0.7265                   1                        1                        4.7                      0.2127659574468085       6.154963370793992E-13    5.930527744013721E-13    0.25                     5.0E10                   2700                     4018.01498808111         2319.8020349765798       2502.294445801098
1                        0.7265                   1                        1                        4.8                      0.20833333333333334      6.180169354494599E-13    5.963134047067123E-13    0.25                     5.0E10                   2700                     4018.01498808111         2319.8020349765798       2502.294445801098
1                        0.7265                   1                        1                        4.9                      0.20408163265306117      6.196880272406214E-13    5.98889283545865E-13     0.25                     5.0E10                   2700                     4018.01498808111         2319.8020349765798       2502.294445801098
1                        0.7265                   1                        1                        5                        0.2                      6.206865469009749E-13    6.009147104413737E-13    0.25                     5.0E10                   2700                     4018.01498808111         2319.8020349765798       2502.294445801098
1                        0.7265                   1                        1                        5.1                      0.19607843137254904      6.207724133437733E-13    6.021442178735337E-13    0.25                     5.0E10                   2700                     4018.01498808111         2319.8020349765798       2502.294445801098
1                        0.7265                   1                        1                        5.2                      0.1923076923076923       6.201839358927493E-13    6.02774959912133E-13     0.25                     5.0E10                   2700                     4018.01498808111         2319.8020349765798       2502.294445801098
1                        0.7265                   1                        1                        5.3                      0.18867924528301888      6.190012376959185E-13    6.028612325594276E-13    0.25                     5.0E10                   2700                     4018.01498808111         2319.8020349765798       2502.294445801098
1                        0.7265                   1                        1                        5.4                      0.18518518518518517      6.173078887387378E-13    6.024635923068475E-13    0.25                     5.0E10                   2700                     4018.01498808111         2319.8020349765798       2502.294445801098
1                        0.7265                   1                        1                        5.5                      0.18181818181818182      6.151872178105556E-13    6.016453894790314E-13    0.25                     5.0E10                   2700                     4018.01498808111         2319.8020349765798       2502.294445801098
1                        0.7265                   1                        1                        5.6                      0.17857142857142858      6.127194522223774E-13    6.004699495154753E-13    0.25                     5.0E10                   2700                     4018.01498808111         2319.8020349765798       2502.294445801098
1                        0.7265                   1                        1                        5.7                      0.17543859649122806      6.099799868469095E-13    5.989987494463915E-13    0.25                     5.0E10                   2700                     4018.01498808111         2319.8020349765798       2502.294445801098
1                        0.7265                   1                        1                        5.8                      0.1724137931034483       6.070367107199106E-13    5.972885325376829E-13    0.25                     5.0E10                   2700                     4018.01498808111         2319.8020349765798       2502.294445801098
1                        0.7265                   1                        1                        5.9                      0.1694915254237288       6.039512312421077E-13    5.953922822876411E-13    0.25                     5.0E10                   2700                     4018.01498808111         2319.8020349765798       2502.294445801098
1                        0.7265                   1                        1                        6                        0.16666666666666666      6.007772910069324E-13    5.93357346223201E-13     0.25                     5.0E10                   2700                     4018.01498808111         2319.8020349765798       2502.294445801098
1                        0.7265                   1                        1                        6.1                      0.16393442622950818      5.975611808908557E-13    5.912255432741282E-13    0.25                     5.0E10                   2700                     4018.01498808111         2319.8020349765798       2502.294445801098
1                        0.7265                   1                        1                        6.2                      0.16129032258064518      5.943420827261694E-13    5.890332102934274E-13    0.25                     5.0E10                   2700                     4018.01498808111         2319.8020349765798       2502.294445801098
1                        0.7265                   1                        1                        6.3                      0.15873015873015872      5.911525790303007E-13    5.868114344940795E-13    0.25                     5.0E10                   2700                     4018.01498808111         2319.8020349765798       2502.294445801098
1                        0.7265                   1                        1                        6.4                      0.15625                  5.88019259478038E-13     5.845864082116973E-13    0.25                     5.0E10                   2700                     4018.01498808111         2319.8020349765798       2502.294445801098
1                        0.7265                   1                        1                        6.5                      0.15384615384615383      5.849633702248942E-13    5.82379855451788E-13     0.25                     5.0E10                   2700                     4018.01498808111         2319.8020349765798       2502.294445801098
1                        0.7265                   1                        1                        6.6                      0.15151515151515152      5.820014669244119E-13    5.802094918133247E-13    0.25                     5.0E10                   2700                     4018.01498808111         2319.8020349765798       2502.294445801098
1                        0.7265                   1                        1                        6.7                      0.1492537313432836       5.791460445238485E-13    5.780894898535493E-13    0.25                     5.0E10                   2700                     4018.01498808111         2319.8020349765798       2502.294445801098
1                        0.7265                   1                        1                        6.8                      0.14705882352941177      5.764061264082709E-13    5.760309304523323E-13    0.25                     5.0E10                   2700                     4018.01498808111         2319.8020349765798       2502.294445801098
1                        0.7265                   1                        1                        6.9                      0.14492753623188404      5.737878029575056E-13    5.740422275906221E-13    0.25                     5.0E10                   2700                     4018.01498808111         2319.8020349765798       2502.294445801098
1                        0.7265                   1                        1                        7                        0.14285714285714285      5.712947149776963E-13    5.721295191030603E-13    0.25                     5.0E10                   2700                     4018.01498808111         2319.8020349765798       2502.294445801098
1                        0.7265                   1                        1                        7.1                      0.14084507042253522      5.689284812214392E-13    5.702970197753075E-13    0.25                     5.0E10                   2700                     4018.01498808111         2319.8020349765798       2502.294445801098
1                        0.7265                   1                        1                        7.2                      0.1388888888888889       5.666890717928607E-13    5.68547335823694E-13     0.25                     5.0E10                   2700                     4018.01498808111         2319.8020349765798       2502.294445801098
1                        0.7265                   1                        1                        7.3                      0.13698630136986303      5.645751308253112E-13    5.668817416773008E-13    0.25                     5.0E10                   2700                     4018.01498808111         2319.8020349765798       2502.294445801098
1                        0.7265                   1                        1                        7.4                      0.13513513513513514      5.625842527612569E-13    5.653004211260356E-13    0.25                     5.0E10                   2700                     4018.01498808111         2319.8020349765798       2502.294445801098
1                        0.7265                   1                        1                        7.5                      0.13333333333333333      5.607132168264857E-13    5.638026755520864E-13    0.25                     5.0E10                   2700                     4018.01498808111         2319.8020349765798       2502.294445801098
1                        0.7265                   1                        1                        7.6                      0.13157894736842105      5.58958750915149E-13     5.623877373281711E-13    0.25                     5.0E10                   2700                     4018.01498808111         2319.8020349765798       2502.294445801098
1                        0.7265                   1                        1                        7.7                      0.12987012987012989      5.573154522909083E-13    5.610524047523437E-13    0.25                     5.0E10                   2700                     4018.01498808111         2319.8020349765798       2502.294445801098
1                        0.7265                   1                        1                        7.8                      0.12820512820512822      5.557792598109067E-13    5.597949115828223E-13    0.25                     5.0E10                   2700                     4018.01498808111         2319.8020349765798       2502.294445801098
1                        0.7265                   1                        1                        7.9                      0.12658227848101267      5.543453637755702E-13    5.586125629733221E-13    0.25                     5.0E10                   2700                     4018.01498808111         2319.8020349765798       2502.294445801098
1                        0.7265                   1                        1                        8                        0.125                    5.530088435632057E-13    5.57502437685909E-13     0.25                     5.0E10                   2700                     4018.01498808111         2319.8020349765798       2502.294445801098
1                        0.7265                   1                        1                        8.1                      0.1234567901234568       5.517647421582279E-13    5.564614625457808E-13    0.25                     5.0E10                   2700                     4018.01498808111         2319.8020349765798       2502.294445801098
1                        0.7265                   1                        1                        8.2                      0.12195121951219513      5.506081256756495E-13    5.554864735990826E-13    0.25                     5.0E10                   2700                     4018.01498808111         2319.8020349765798       2502.294445801098
1                        0.7265                   1                        1                        8.3                      0.12048192771084336      5.495341305089821E-13    5.545742660665313E-13    0.25                     5.0E10                   2700                     4018.01498808111         2319.8020349765798       2502.294445801098
1                        0.7265                   1                        1                        8.4                      0.11904761904761904      5.485379999813577E-13    5.53721634704098E-13     0.25                     5.0E10                   2700                     4018.01498808111         2319.8020349765798       2502.294445801098
1                        0.7265                   1                        1                        8.5                      0.11764705882352941      5.476151123349149E-13    5.529254060910774E-13    0.25                     5.0E10                   2700                     4018.01498808111         2319.8020349765798       2502.294445801098
1                        0.7265                   1                        1                        8.6                      0.11627906976744186      5.467610015119727E-13    5.521824641226092E-13    0.25                     5.0E10                   2700                     4018.01498808111         2319.8020349765798       2502.294445801098
1                        0.7265                   1                        1                        8.7                      0.11494252873563218      5.459713720145387E-13    5.514897697991077E-13    0.25                     5.0E10                   2700                     4018.01498808111         2319.8020349765798       2502.294445801098
1                        0.7265                   1                        1                        8.8                      0.11363636363636362      5.452421089030402E-13    5.508443762603175E-13    0.25                     5.0E10                   2700                     4018.01498808111         2319.8020349765798       2502.294445801098
1                        0.7265                   1                        1                        8.9                      0.11235955056179775      5.445692838433228E-13    5.502434398747249E-13    0.25                     5.0E10                   2700                     4018.01498808111         2319.8020349765798       2502.294445801098
1                        0.7265                   1                        1                        9                        0.11111111111111112      5.439491579939028E-13    5.496842280848404E-13    0.25                     5.0E10                   2700                     4018.01498808111         2319.8020349765798       2502.294445801098
1                        0.7265                   1                        1                        9.1                      0.1098901098901099       5.433781822665746E-13    5.491641245322365E-13    0.25                     5.0E10                   2700                     4018.01498808111         2319.8020349765798       2502.294445801098
1                        0.7265                   1                        1                        9.2                      0.10869565217391305      5.428529956056298E-13    5.486806320192335E-13    0.25                     5.0E10                   2700                     4018.01498808111         2319.8020349765798       2502.294445801098
1                        0.7265                   1                        1                        9.3                      0.10752688172043011      5.423704216933239E-13    5.482313736997318E-13    0.25                     5.0E10                   2700                     4018.01498808111         2319.8020349765798       2502.294445801098
1                        0.7265                   1                        1                        9.4                      0.10638297872340426      5.419274643574987E-13    5.478140928058202E-13    0.25                     5.0E10                   2700                     4018.01498808111         2319.8020349765798       2502.294445801098
1                        0.7265                   1                        1                        9.5                      0.10526315789473685      5.415213021643967E-13    5.47426651285593E-13     0.25                     5.0E10                   2700                     4018.01498808111         2319.8020349765798       2502.294445801098
1                        0.7265                   1                        1                        9.6                      0.10416666666666667      5.411492822041725E-13    5.470670274883183E-13    0.25                     5.0E10                   2700                     4018.01498808111         2319.8020349765798       2502.294445801098
1                        0.7265                   1                        1                        9.700000000000001        0.1030927835051546       5.408089135204327E-13    5.467333132079964E-13    0.25                     5.0E10                   2700                     4018.01498808111         2319.8020349765798       2502.294445801098
1                        0.7265                   1                        1                        9.8                      0.10204081632653059      5.404978601976899E-13    5.464237101943455E-13    0.25                     5.0E10                   2700                     4018.01498808111         2319.8020349765798       2502.294445801098
1                        0.7265                   1                        1                        9.9                      0.101010101010101        5.402139342276308E-13    5.461365262514453E-13    0.25                     5.0E10                   2700                     4018.01498808111         2319.8020349765798       2502.294445801098
1                        0.7265                   1                        1                        10                       0.1                      5.400155329794516E-13    5.458878899168285E-13    0.25                     5.0E10                   2700                     4018.01498808111         2319.8020349765798       2502.294445801098
