1                        1.6400000000000001       1                        1                        0.1                      10                       5.331505936548713E-13    5.331580640726251E-13    0.25                     5.0E10                   2700                     6036.923425424945        3485.4193647462494       2502.294445801098
1                        1.6400000000000001       1                        1                        0.2                      5                        5.334589746674024E-13    5.331400556031039E-13    0.25                     5.0E10                   2700                     6036.923425424945        3485.4193647462494       2502.294445801098
1                        1.6400000000000001       1                        1                        0.30000000000000004      3.3333333333333326       5.36642888212593E-13     5.363190601942069E-13    0.25                     5.0E10                   2700                     6036.923425424945        3485.4193647462494       2502.294445801098
1                        1.6400000000000001       1                        1                        0.4                      2.5                      5.332664472270743E-13    5.334454002106453E-13    0.25                     5.0E10                   2700                     6036.923425424945        3485.4193647462494       2502.294445801098
1                        1.6400000000000001       1                        1                        0.5                      2                        5.328588095675454E-13    5.341091727081732E-13    0.25                     5.0E10                   2700                     6036.923425424945        3485.4193647462494       2502.294445801098
1                        1.6400000000000001       1                        1                        0.6                      1.6666666666666667       5.346017254718851E-13    5.393011516159656E-13    0.25                     5.0E10                   2700                     6036.923425424945        3485.4193647462494       2502.294445801098
1                        1.6400000000000001       1                        1                        0.7000000000000001       1.4285714285714284       5.317234843673282E-13    5.431723480640313E-13    0.25                     5.0E10                   2700                     6036.923425424945        3485.4193647462494       2502.294445801098
1                        1.6400000000000001       1                        1                        0.8                      1.25                     5.344890635276215E-13    5.44815114966806E-13     0.25                     5.0E10                   2700                     6036.923425424945        3485.4193647462494       2502.294445801098
1                        1.6400000000000001       1                        1                        0.9                      1.1111111111111112       5.452891518168558E-13    5.488280527558329E-13    0.25                     5.0E10                   2700                     6036.923425424945        3485.4193647462494       2502.294445801098
1                        1.6400000000000001       1                        1                        1                        1                        5.654871359310678E-13    5.52232299205179E-13     0.25                     5.0E10                   2700                     6036.923425424945        3485.4193647462494       2502.294445801098
1                        1.6400000000000001       1                        1                        1.1                      0.909090909090909        5.878217786970136E-13    5.638770954027053E-13    0.25                     5.0E10                   2700                     6036.923425424945        3485.4193647462494       2502.294445801098
1                        1.6400000000000001       1                        1                        1.2000000000000002       0.8333333333333331       5.997625951505025E-13    5.624424788011221E-13    0.25                     5.0E10                   2700                     6036.923425424945        3485.4193647462494       2502.294445801098
1                        1.6400000000000001       1                        1                        1.3000000000000003       0.769230769230769        6.179185087253772E-13    5.628666781242578E-13    0.25                     5.0E10                   2700                     6036.923425424945        3485.4193647462494       2502.294445801098
1                        1.6400000000000001       1                        1                        1.4000000000000001       0.7142857142857142       6.445998951069569E-13    5.753585035838653E-13    0.25                     5.0E10                   2700                     6036.923425424945        3485.4193647462494       2502.294445801098
1                        1.6400000000000001       1                        1                        1.5000000000000002       0.6666666666666665       6.564762605282264E-13    5.791996568823549E-13    0.25                     5.0E10                   2700                     6036.923425424945        3485.4193647462494       2502.294445801098
1                        1.6400000000000001       1                        1                        1.6                      0.625                    6.56179992034221E-13     5.72967491985235E-13     0.25                     5.0E10                   2700                     6036.923425424945        3485.4193647462494       2502.294445801098
1                        1.6400000000000001       1                        1                        1.7000000000000002       0.588235294117647        6.605997690589822E-13    5.706539172194925E-13    0.25                     5.0E10                   2700                     6036.923425424945        3485.4193647462494       2502.294445801098
1                        1.6400000000000001       1                        1                        1.8000000000000003       0.5555555555555555       6.6168893181613E-13      5.677984292231725E-13    0.25                     5.0E10                   2700                     6036.923425424945        3485.4193647462494       2502.294445801098
1                        1.6400000000000001       1                        1                        1.9000000000000001       0.5263157894736842       6.559063253678792E-13    5.639459942317806E-13    0.25                     5.0E10                   2700                     6036.923425424945        3485.4193647462494       2502.294445801098
1                        1.6400000000000001       1                        1                        2                        0.5                      6.443752929308516E-13    5.607716777335408E-13    0.25                     5.0E10                   2700                     6036.923425424945        3485.4193647462494       2502.294445801098
1                        1.6400000000000001       1                        1                        2.1                      0.47619047619047616      6.253660364705828E-13    5.555254169189305E-13    0.25                     5.0E10                   2700                     6036.923425424945        3485.4193647462494       2502.294445801098
1                        1.6400000000000001       1                        1                        2.2                      0.4545454545454545       5.996910404445573E-13    5.462916835290903E-13    0.25                     5.0E10                   2700                     6036.923425424945        3485.4193647462494       2502.294445801098
1                        1.6400000000000001       1                        1                        2.3000000000000003       0.43478260869565216      5.728909495648183E-13    5.354473155410297E-13    0.25                     5.0E10                   2700                     6036.923425424945        3485.4193647462494       2502.294445801098
1                        1.6400000000000001       1                        1                        2.4000000000000004       0.4166666666666666       5.511084762403963E-13    5.272055960302865E-13    0.25                     5.0E10                   2700                     6036.923425424945        3485.4193647462494       2502.294445801098
1                        1.6400000000000001       1                        1                        2.5000000000000004       0.3999999999999999       5.375656734430089E-13    5.242802419147261E-13    0.25                     5.0E10                   2700                     6036.923425424945        3485.4193647462494       2502.294445801098
1                        1.6400000000000001       1                        1                        2.6                      0.3846153846153846       5.316492337608977E-13    5.266312679253899E-13    0.25                     5.0E10                   2700                     6036.923425424945        3485.4193647462494       2502.294445801098
1                        1.6400000000000001       1                        1                        2.7                      0.37037037037037035      5.312490451161783E-13    5.326352528349904E-13    0.25                     5.0E10                   2700                     6036.923425424945        3485.4193647462494       2502.294445801098
1                        1.6400000000000001       1                        1                        2.8000000000000003       0.3571428571428571       5.333872543798676E-13    5.397864068160497E-13    0.25                     5.0E10                   2700                     6036.923425424945        3485.4193647462494       2502.294445801098
1                        1.6400000000000001       1                        1                        2.9000000000000004       0.3448275862068965       5.352936477615865E-13    5.456292717135498E-13    0.25                     5.0E10                   2700                     6036.923425424945        3485.4193647462494       2502.294445801098
1                        1.6400000000000001       1                        1                        3.0000000000000004       0.33333333333333326      5.350164644779027E-13    5.484061464271919E-13    0.25                     5.0E10                   2700                     6036.923425424945        3485.4193647462494       2502.294445801098
1                        1.6400000000000001       1                        1                        3.1                      0.32258064516129037      5.316791461467699E-13    5.473702136314506E-13    0.25                     5.0E10                   2700                     6036.923425424945        3485.4193647462494       2502.294445801098
1                        1.6400000000000001       1                        1                        3.2                      0.3125                   5.253762141687403E-13    5.427229713353527E-13    0.25                     5.0E10                   2700                     6036.923425424945        3485.4193647462494       2502.294445801098
1                        1.6400000000000001       1                        1                        3.3000000000000003       0.30303030303030304      5.16828882329486E-13     5.352890690530881E-13    0.25                     5.0E10                   2700                     6036.923425424945        3485.4193647462494       2502.294445801098
1                        1.6400000000000001       1                        1                        3.4000000000000004       0.2941176470588235       5.069649690540817E-13    5.261115937478321E-13    0.25                     5.0E10                   2700                     6036.923425424945        3485.4193647462494       2502.294445801098
1                        1.6400000000000001       1                        1                        3.5000000000000004       0.2857142857142857       4.967440219693276E-13    5.162184017793446E-13    0.25                     5.0E10                   2700                     6036.923425424945        3485.4193647462494       2502.294445801098
1                        1.6400000000000001       1                        1                        3.6                      0.2777777777777778       4.868659715086848E-13    5.064050922648422E-13    0.25                     5.0E10                   2700                     6036.923425424945        3485.4193647462494       2502.294445801098
1                        1.6400000000000001       1                        1                        3.7                      0.2702702702702703       4.778050850700583E-13    4.97213345284892E-13     0.25                     5.0E10                   2700                     6036.923425424945        3485.4193647462494       2502.294445801098
1                        1.6400000000000001       1                        1                        3.8000000000000003       0.2631578947368421       4.698310929890837E-13    4.889655507941793E-13    0.25                     5.0E10                   2700                     6036.923425424945        3485.4193647462494       2502.294445801098
1                        1.6400000000000001       1                        1                        3.9000000000000004       0.2564102564102564       4.630588366197044E-13    4.818164031247691E-13    0.25                     5.0E10                   2700                     6036.923425424945        3485.4193647462494       2502.294445801098
1                        1.6400000000000001       1                        1                        4                        0.25                     4.574976063558339E-13    4.758045658100515E-13    0.25                     5.0E10                   2700                     6036.923425424945        3485.4193647462494       2502.294445801098
1                        1.6400000000000001       1                        1                        4.1                      0.24390243902439027      4.530911845950027E-13    4.708952044013356E-13    0.25                     5.0E10                   2700                     6036.923425424945        3485.4193647462494       2502.294445801098
1                        1.6400000000000001       1                        1                        4.2                      0.23809523809523808      4.4974689787404733E-13   4.670110896294533E-13    0.25                     5.0E10                   2700                     6036.923425424945        3485.4193647462494       2502.294445801098
1                        1.6400000000000001       1                        1                        4.3                      0.23255813953488372      4.4735521055570575E-13   4.640538312854787E-13    0.25                     5.0E10                   2700                     6036.923425424945        3485.4193647462494       2502.294445801098
1                        1.6400000000000001       1                        1                        4.3999999999999995       0.22727272727272732      4.4580217129840874E-13   4.619175655179127E-13    0.25                     5.0E10                   2700                     6036.923425424945        3485.4193647462494       2502.294445801098
1                        1.6400000000000001       1                        1                        4.5                      0.22222222222222224      4.449768607116138E-13    4.604973120791159E-13    0.25                     5.0E10                   2700                     6036.923425424945        3485.4193647462494       2502.294445801098
1                        1.6400000000000001       1                        1                        4.6                      0.2173913043478261       4.447756607182708E-13    4.596938634686696E-13    0.25                     5.0E10                   2700                     6036.923425424945        3485.4193647462494       2502.294445801098
1                        1.6400000000000001       1                        1                        4.7                      0.2127659574468085       4.45103691390811E-13     4.594158142724776E-13    0.25                     5.0E10                   2700                     6036.923425424945        3485.4193647462494       2502.294445801098
1                        1.6400000000000001       1                        1                        4.8                      0.20833333333333334      4.4587632623500955E-13   4.595811920590046E-13    0.25                     5.0E10                   2700                     6036.923425424945        3485.4193647462494       2502.294445801098
1                        1.6400000000000001       1                        1                        4.9                      0.20408163265306117      4.4701857554280364E-13   4.601171983568491E-13    0.25                     5.0E10                   2700                     6036.923425424945        3485.4193647462494       2502.294445801098
1                        1.6400000000000001       1                        1                        5                        0.2                      4.48558048671256E-13     4.610572750698835E-13    0.25                     5.0E10                   2700                     6036.923425424945        3485.4193647462494       2502.294445801098
1                        1.6400000000000001       1                        1                        5.1                      0.19607843137254904      4.5025260399387585E-13   4.621530475122053E-13    0.25                     5.0E10                   2700                     6036.923425424945        3485.4193647462494       2502.294445801098
1                        1.6400000000000001       1                        1                        5.2                      0.1923076923076923       4.5214323028766283E-13   4.634506666494202E-13    0.25                     5.0E10                   2700                     6036.923425424945        3485.4193647462494       2502.294445801098
1                        1.6400000000000001       1                        1                        5.3                      0.18867924528301888      4.5418740004261567E-13   4.649088982981673E-13    0.25                     5.0E10                   2700                     6036.923425424945        3485.4193647462494       2502.294445801098
1                        1.6400000000000001       1                        1                        5.4                      0.18518518518518517      4.563486230485619E-13    4.664924101726959E-13    0.25                     5.0E10                   2700                     6036.923425424945        3485.4193647462494       2502.294445801098
1                        1.6400000000000001       1                        1                        5.5                      0.18181818181818182      4.58595709642246E-13     4.68171052265106E-13     0.25                     5.0E10                   2700                     6036.923425424945        3485.4193647462494       2502.294445801098
1                        1.6400000000000001       1                        1                        5.6                      0.17857142857142858      4.609021009085976E-13    4.699191974857315E-13    0.25                     5.0E10                   2700                     6036.923425424945        3485.4193647462494       2502.294445801098
1                        1.6400000000000001       1                        1                        5.7                      0.17543859649122806      4.632454669925734E-13    4.717153579084011E-13    0.25                     5.0E10                   2700                     6036.923425424945        3485.4193647462494       2502.294445801098
1                        1.6400000000000001       1                        1                        5.8                      0.1724137931034483       4.656063877474839E-13    4.735408240700734E-13    0.25                     5.0E10                   2700                     6036.923425424945        3485.4193647462494       2502.294445801098
1                        1.6400000000000001       1                        1                        5.9                      0.1694915254237288       4.679690548673774E-13    4.753804366838954E-13    0.25                     5.0E10                   2700                     6036.923425424945        3485.4193647462494       2502.294445801098
1                        1.6400000000000001       1                        1                        6                        0.16666666666666666      4.703200863854163E-13    4.772213608060175E-13    0.25                     5.0E10                   2700                     6036.923425424945        3485.4193647462494       2502.294445801098
1                        1.6400000000000001       1                        1                        6.1                      0.16393442622950818      4.726483608402531E-13    4.790529331060966E-13    0.25                     5.0E10                   2700                     6036.923425424945        3485.4193647462494       2502.294445801098
1                        1.6400000000000001       1                        1                        6.2                      0.16129032258064518      4.749447056734915E-13    4.808663533672268E-13    0.25                     5.0E10                   2700                     6036.923425424945        3485.4193647462494       2502.294445801098
1                        1.6400000000000001       1                        1                        6.3                      0.15873015873015872      4.772016265764874E-13    4.826544174343728E-13    0.25                     5.0E10                   2700                     6036.923425424945        3485.4193647462494       2502.294445801098
1                        1.6400000000000001       1                        1                        6.4                      0.15625                  4.794130728013927E-13    4.844112865841656E-13    0.25                     5.0E10                   2700                     6036.923425424945        3485.4193647462494       2502.294445801098
1                        1.6400000000000001       1                        1                        6.5                      0.15384615384615383      4.815742337706866E-13    4.861322886290251E-13    0.25                     5.0E10                   2700                     6036.923425424945        3485.4193647462494       2502.294445801098
1                        1.6400000000000001       1                        1                        6.6                      0.15151515151515152      4.836813628481574E-13    4.878137465557807E-13    0.25                     5.0E10                   2700                     6036.923425424945        3485.4193647462494       2502.294445801098
1                        1.6400000000000001       1                        1                        6.7                      0.1492537313432836       4.857316247020463E-13    4.894528310127224E-13    0.25                     5.0E10                   2700                     6036.923425424945        3485.4193647462494       2502.294445801098
1                        1.6400000000000001       1                        1                        6.8                      0.14705882352941177      4.877229630596755E-13    4.910474333486183E-13    0.25                     5.0E10                   2700                     6036.923425424945        3485.4193647462494       2502.294445801098
1                        1.6400000000000001       1                        1                        6.9                      0.14492753623188404      4.896539860549794E-13    4.925960563502952E-13    0.25                     5.0E10                   2700                     6036.923425424945        3485.4193647462494       2502.294445801098
1                        1.6400000000000001       1                        1                        7                        0.14285714285714285      4.915238668720864E-13    4.940977202315986E-13    0.25                     5.0E10                   2700                     6036.923425424945        3485.4193647462494       2502.294445801098
1                        1.6400000000000001       1                        1                        7.1                      0.14084507042253522      4.933322575490752E-13    4.955518817246414E-13    0.25                     5.0E10                   2700                     6036.923425424945        3485.4193647462494       2502.294445801098
1                        1.6400000000000001       1                        1                        7.2                      0.1388888888888889       4.950792142226003E-13    4.969583644384764E-13    0.25                     5.0E10                   2700                     6036.923425424945        3485.4193647462494       2502.294445801098
1                        1.6400000000000001       1                        1                        7.3                      0.13698630136986303      4.967651322342427E-13    4.983172989037294E-13    0.25                     5.0E10                   2700                     6036.923425424945        3485.4193647462494       2502.294445801098
1                        1.6400000000000001       1                        1                        7.4                      0.13513513513513514      4.983906898829624E-13    4.996290709831229E-13    0.25                     5.0E10                   2700                     6036.923425424945        3485.4193647462494       2502.294445801098
1                        1.6400000000000001       1                        1                        7.5                      0.13333333333333333      4.999567995627431E-13    5.008942774360052E-13    0.25                     5.0E10                   2700                     6036.923425424945        3485.4193647462494       2502.294445801098
1                        1.6400000000000001       1                        1                        7.6                      0.13157894736842105      5.014650870722612E-13    5.021141911357458E-13    0.25                     5.0E10                   2700                     6036.923425424945        3485.4193647462494       2502.294445801098
1                        1.6400000000000001       1                        1                        7.7                      0.12987012987012989      5.029157959521908E-13    5.032887398749987E-13    0.25                     5.0E10                   2700                     6036.923425424945        3485.4193647462494       2502.294445801098
1                        1.6400000000000001       1                        1                        7.8                      0.12820512820512822      5.043108035040375E-13    5.04419423150673E-13     0.25                     5.0E10                   2700                     6036.923425424945        3485.4193647462494       2502.294445801098
1                        1.6400000000000001       1                        1                        7.9                      0.12658227848101267      5.056515883268545E-13    5.0550734911942E-13      0.25                     5.0E10                   2700                     6036.923425424945        3485.4193647462494       2502.294445801098
1                        1.6400000000000001       1                        1                        8                        0.125                    5.069397013303221E-13    5.065536925047684E-13    0.25                     5.0E10                   2700                     6036.923425424945        3485.4193647462494       2502.294445801098
1                        1.6400000000000001       1                        1                        8.1                      0.1234567901234568       5.081767454152462E-13    5.07559676841748E-13     0.25                     5.0E10                   2700                     6036.923425424945        3485.4193647462494       2502.294445801098
1                        1.6400000000000001       1                        1                        8.2                      0.12195121951219513      5.093643579808575E-13    5.085265592948238E-13    0.25                     5.0E10                   2700                     6036.923425424945        3485.4193647462494       2502.294445801098
1                        1.6400000000000001       1                        1                        8.3                      0.12048192771084336      5.105041960319878E-13    5.09455617774839E-13     0.25                     5.0E10                   2700                     6036.923425424945        3485.4193647462494       2502.294445801098
1                        1.6400000000000001       1                        1                        8.4                      0.11904761904761904      5.115979234534697E-13    5.10348139996531E-13     0.25                     5.0E10                   2700                     6036.923425424945        3485.4193647462494       2502.294445801098
1                        1.6400000000000001       1                        1                        8.5                      0.11764705882352941      5.126472002532822E-13    5.11205414249739E-13     0.25                     5.0E10                   2700                     6036.923425424945        3485.4193647462494       2502.294445801098
1                        1.6400000000000001       1                        1                        8.6                      0.11627906976744186      5.136536735102082E-13    5.120287216689804E-13    0.25                     5.0E10                   2700                     6036.923425424945        3485.4193647462494       2502.294445801098
1                        1.6400000000000001       1                        1                        8.7                      0.11494252873563218      5.146189697991728E-13    5.128193297730806E-13    0.25                     5.0E10                   2700                     6036.923425424945        3485.4193647462494       2502.294445801098
1                        1.6400000000000001       1                        1                        8.8                      0.11363636363636362      5.155446889154273E-13    5.135784871279856E-13    0.25                     5.0E10                   2700                     6036.923425424945        3485.4193647462494       2502.294445801098
1                        1.6400000000000001       1                        1                        8.9                      0.11235955056179775      5.164323987493392E-13    5.143074189834878E-13    0.25                     5.0E10                   2700                     6036.923425424945        3485.4193647462494       2502.294445801098
1                        1.6400000000000001       1                        1                        9                        0.11111111111111112      5.172836311560628E-13    5.150073237569113E-13    0.25                     5.0E10                   2700                     6036.923425424945        3485.4193647462494       2502.294445801098
1                        1.6400000000000001       1                        1                        9.1                      0.1098901098901099       5.180998786557088E-13    5.156793702244828E-13    0.25                     5.0E10                   2700                     6036.923425424945        3485.4193647462494       2502.294445801098
1                        1.6400000000000001       1                        1                        9.2                      0.10869565217391305      5.188825918996179E-13    5.16324695350359E-13     0.25                     5.0E10                   2700                     6036.923425424945        3485.4193647462494       2502.294445801098
1                        1.6400000000000001       1                        1                        9.3                      0.10752688172043011      5.196331778092328E-13    5.169444026673617E-13    0.25                     5.0E10                   2700                     6036.923425424945        3485.4193647462494       2502.294445801098
1                        1.6400000000000001       1                        1                        9.4                      0.10638297872340426      5.203529982063806E-13    5.175395610935705E-13    0.25                     5.0E10                   2700                     6036.923425424945        3485.4193647462494       2502.294445801098
1                        1.6400000000000001       1                        1                        9.5                      0.10526315789473685      5.21043369007451E-13     5.181112041773727E-13    0.25                     5.0E10                   2700                     6036.923425424945        3485.4193647462494       2502.294445801098
1                        1.6400000000000001       1                        1                        9.6                      0.10416666666666667      5.217055597323287E-13    5.186603296495818E-13    0.25                     5.0E10                   2700                     6036.923425424945        3485.4193647462494       2502.294445801098
1                        1.6400000000000001       1                        1                        9.700000000000001        0.1030927835051546       5.223407934378022E-13    5.191878992840025E-13    0.25                     5.0E10                   2700                     6036.923425424945        3485.4193647462494       2502.294445801098
1                        1.6400000000000001       1                        1                        9.8                      0.10204081632653059      5.229502469376983E-13    5.196948390092253E-13    0.25                     5.0E10                   2700                     6036.923425424945        3485.4193647462494       2502.294445801098
1                        1.6400000000000001       1                        1                        9.9                      0.101010101010101        5.235350511973134E-13    5.201820391774657E-13    0.25                     5.0E10                   2700                     6036.923425424945        3485.4193647462494       2502.294445801098
1                        1.6400000000000001       1                        1                        10                       0.1                      5.24185584970818E-13     5.20726704206638E-13     0.25                     5.0E10                   2700                     6036.923425424945        3485.4193647462494       2502.294445801098
