1                        1.4224999999999999       1                        1                        0.1                      10                       5.331487869748045E-13    5.331565151693514E-13    0.25                     5.0E10                   2700                     5622.375931144334        3246.0802573314536       2502.294445801098
1                        1.4224999999999999       1                        1                        0.2                      5                        5.334700636559518E-13    5.331453879955509E-13    0.25                     5.0E10                   2700                     5622.375931144334        3246.0802573314536       2502.294445801098
1                        1.4224999999999999       1                        1                        0.30000000000000004      3.3333333333333326       5.366435314702682E-13    5.363133507199674E-13    0.25                     5.0E10                   2700                     5622.375931144334        3246.0802573314536       2502.294445801098
1                        1.4224999999999999       1                        1                        0.4                      2.5                      5.331602602452654E-13    5.333885775520437E-13    0.25                     5.0E10                   2700                     5622.375931144334        3246.0802573314536       2502.294445801098
1                        1.4224999999999999       1                        1                        0.5                      2                        5.329487272498265E-13    5.338950231978705E-13    0.25                     5.0E10                   2700                     5622.375931144334        3246.0802573314536       2502.294445801098
1                        1.4224999999999999       1                        1                        0.6                      1.6666666666666667       5.351630878134337E-13    5.387158398408601E-13    0.25                     5.0E10                   2700                     5622.375931144334        3246.0802573314536       2502.294445801098
1                        1.4224999999999999       1                        1                        0.7000000000000001       1.4285714285714284       5.330939286474451E-13    5.418357021008921E-13    0.25                     5.0E10                   2700                     5622.375931144334        3246.0802573314536       2502.294445801098
1                        1.4224999999999999       1                        1                        0.8                      1.25                     5.335018179687094E-13    5.422896986673174E-13    0.25                     5.0E10                   2700                     5622.375931144334        3246.0802573314536       2502.294445801098
1                        1.4224999999999999       1                        1                        0.9                      1.1111111111111112       5.398310291268593E-13    5.456817729762439E-13    0.25                     5.0E10                   2700                     5622.375931144334        3246.0802573314536       2502.294445801098
1                        1.4224999999999999       1                        1                        1                        1                        5.54999431644919E-13     5.481199216877556E-13    0.25                     5.0E10                   2700                     5622.375931144334        3246.0802573314536       2502.294445801098
1                        1.4224999999999999       1                        1                        1.1                      0.909090909090909        5.725068428630071E-13    5.578088632042796E-13    0.25                     5.0E10                   2700                     5622.375931144334        3246.0802573314536       2502.294445801098
1                        1.4224999999999999       1                        1                        1.2000000000000002       0.8333333333333331       5.82363008172475E-13     5.570650880079895E-13    0.25                     5.0E10                   2700                     5622.375931144334        3246.0802573314536       2502.294445801098
1                        1.4224999999999999       1                        1                        1.3000000000000003       0.769230769230769        5.961333935818374E-13    5.56184878731163E-13     0.25                     5.0E10                   2700                     5622.375931144334        3246.0802573314536       2502.294445801098
1                        1.4224999999999999       1                        1                        1.4000000000000001       0.7142857142857142       6.168599954107118E-13    5.66035513347926E-13     0.25                     5.0E10                   2700                     5622.375931144334        3246.0802573314536       2502.294445801098
1                        1.4224999999999999       1                        1                        1.5000000000000002       0.6666666666666665       6.246699302882066E-13    5.688013711173989E-13    0.25                     5.0E10                   2700                     5622.375931144334        3246.0802573314536       2502.294445801098
1                        1.4224999999999999       1                        1                        1.6                      0.625                    6.2133737444677E-13      5.622933405156276E-13    0.25                     5.0E10                   2700                     5622.375931144334        3246.0802573314536       2502.294445801098
1                        1.4224999999999999       1                        1                        1.7000000000000002       0.588235294117647        6.24484635200188E-13     5.610538058855496E-13    0.25                     5.0E10                   2700                     5622.375931144334        3246.0802573314536       2502.294445801098
1                        1.4224999999999999       1                        1                        1.8000000000000003       0.5555555555555555       6.265313765853169E-13    5.59940130104351E-13     0.25                     5.0E10                   2700                     5622.375931144334        3246.0802573314536       2502.294445801098
1                        1.4224999999999999       1                        1                        1.9000000000000001       0.5263157894736842       6.228185233010663E-13    5.568364330170709E-13    0.25                     5.0E10                   2700                     5622.375931144334        3246.0802573314536       2502.294445801098
1                        1.4224999999999999       1                        1                        2                        0.5                      6.152995863656995E-13    5.542157404659513E-13    0.25                     5.0E10                   2700                     5622.375931144334        3246.0802573314536       2502.294445801098
1                        1.4224999999999999       1                        1                        2.1                      0.47619047619047616      6.036600574870811E-13    5.511988219406395E-13    0.25                     5.0E10                   2700                     5622.375931144334        3246.0802573314536       2502.294445801098
1                        1.4224999999999999       1                        1                        2.2                      0.4545454545454545       5.874802776329218E-13    5.458511255360961E-13    0.25                     5.0E10                   2700                     5622.375931144334        3246.0802573314536       2502.294445801098
1                        1.4224999999999999       1                        1                        2.3000000000000003       0.43478260869565216      5.692543581550761E-13    5.387175960152909E-13    0.25                     5.0E10                   2700                     5622.375931144334        3246.0802573314536       2502.294445801098
1                        1.4224999999999999       1                        1                        2.4000000000000004       0.4166666666666666       5.530848924134657E-13    5.324375511037665E-13    0.25                     5.0E10                   2700                     5622.375931144334        3246.0802573314536       2502.294445801098
1                        1.4224999999999999       1                        1                        2.5000000000000004       0.3999999999999999       5.419890898231546E-13    5.293688844884986E-13    0.25                     5.0E10                   2700                     5622.375931144334        3246.0802573314536       2502.294445801098
1                        1.4224999999999999       1                        1                        2.6                      0.3846153846153846       5.362828856431925E-13    5.300594895028739E-13    0.25                     5.0E10                   2700                     5622.375931144334        3246.0802573314536       2502.294445801098
1                        1.4224999999999999       1                        1                        2.7                      0.37037037037037035      5.349455011459008E-13    5.337197962838441E-13    0.25                     5.0E10                   2700                     5622.375931144334        3246.0802573314536       2502.294445801098
1                        1.4224999999999999       1                        1                        2.8000000000000003       0.3571428571428571       5.360037837414999E-13    5.387017264972664E-13    0.25                     5.0E10                   2700                     5622.375931144334        3246.0802573314536       2502.294445801098
1                        1.4224999999999999       1                        1                        2.9000000000000004       0.3448275862068965       5.37428239408257E-13     5.432261606735772E-13    0.25                     5.0E10                   2700                     5622.375931144334        3246.0802573314536       2502.294445801098
1                        1.4224999999999999       1                        1                        3.0000000000000004       0.33333333333333326      5.376555629152159E-13    5.458992024105234E-13    0.25                     5.0E10                   2700                     5622.375931144334        3246.0802573314536       2502.294445801098
1                        1.4224999999999999       1                        1                        3.1                      0.32258064516129037      5.358359125562952E-13    5.459834769764654E-13    0.25                     5.0E10                   2700                     5622.375931144334        3246.0802573314536       2502.294445801098
1                        1.4224999999999999       1                        1                        3.2                      0.3125                   5.318214887671998E-13    5.43412674925622E-13     0.25                     5.0E10                   2700                     5622.375931144334        3246.0802573314536       2502.294445801098
1                        1.4224999999999999       1                        1                        3.3000000000000003       0.30303030303030304      5.259740914930007E-13    5.386168467290719E-13    0.25                     5.0E10                   2700                     5622.375931144334        3246.0802573314536       2502.294445801098
1                        1.4224999999999999       1                        1                        3.4000000000000004       0.2941176470588235       5.18918709768865E-13     5.322990207237204E-13    0.25                     5.0E10                   2700                     5622.375931144334        3246.0802573314536       2502.294445801098
1                        1.4224999999999999       1                        1                        3.5000000000000004       0.2857142857142857       5.112869935106405E-13    5.251196179422553E-13    0.25                     5.0E10                   2700                     5622.375931144334        3246.0802573314536       2502.294445801098
1                        1.4224999999999999       1                        1                        3.6                      0.2777777777777778       5.036765683833663E-13    5.177444778765045E-13    0.25                     5.0E10                   2700                     5622.375931144334        3246.0802573314536       2502.294445801098
1                        1.4224999999999999       1                        1                        3.7                      0.2702702702702703       4.965065865317293E-13    5.106391738942625E-13    0.25                     5.0E10                   2700                     5622.375931144334        3246.0802573314536       2502.294445801098
1                        1.4224999999999999       1                        1                        3.8000000000000003       0.2631578947368421       4.900474496008784E-13    5.041129133458042E-13    0.25                     5.0E10                   2700                     5622.375931144334        3246.0802573314536       2502.294445801098
1                        1.4224999999999999       1                        1                        3.9000000000000004       0.2564102564102564       4.844445483462521E-13    4.983425491276462E-13    0.25                     5.0E10                   2700                     5622.375931144334        3246.0802573314536       2502.294445801098
1                        1.4224999999999999       1                        1                        4                        0.25                     4.797497721842102E-13    4.934047941031992E-13    0.25                     5.0E10                   2700                     5622.375931144334        3246.0802573314536       2502.294445801098
1                        1.4224999999999999       1                        1                        4.1                      0.24390243902439027      4.759511472870977E-13    4.893069496612034E-13    0.25                     5.0E10                   2700                     5622.375931144334        3246.0802573314536       2502.294445801098
1                        1.4224999999999999       1                        1                        4.2                      0.23809523809523808      4.729967497909471E-13    4.860118781856412E-13    0.25                     5.0E10                   2700                     5622.375931144334        3246.0802573314536       2502.294445801098
1                        1.4224999999999999       1                        1                        4.3                      0.23255813953488372      4.708123625303269E-13    4.834566258052678E-13    0.25                     5.0E10                   2700                     5622.375931144334        3246.0802573314536       2502.294445801098
1                        1.4224999999999999       1                        1                        4.3999999999999995       0.22727272727272732      4.693136991719186E-13    4.815654602490532E-13    0.25                     5.0E10                   2700                     5622.375931144334        3246.0802573314536       2502.294445801098
1                        1.4224999999999999       1                        1                        4.5                      0.22222222222222224      4.68414416626427E-13     4.802585386175843E-13    0.25                     5.0E10                   2700                     5622.375931144334        3246.0802573314536       2502.294445801098
1                        1.4224999999999999       1                        1                        4.6                      0.2173913043478261       4.680311972412281E-13    4.794574718538533E-13    0.25                     5.0E10                   2700                     5622.375931144334        3246.0802573314536       2502.294445801098
1                        1.4224999999999999       1                        1                        4.7                      0.2127659574468085       4.680861032264658E-13    4.790881944496693E-13    0.25                     5.0E10                   2700                     5622.375931144334        3246.0802573314536       2502.294445801098
1                        1.4224999999999999       1                        1                        4.8                      0.20833333333333334      4.685087089700314E-13    4.790832041002933E-13    0.25                     5.0E10                   2700                     5622.375931144334        3246.0802573314536       2502.294445801098
1                        1.4224999999999999       1                        1                        4.9                      0.20408163265306117      4.692361534893509E-13    4.793819626736103E-13    0.25                     5.0E10                   2700                     5622.375931144334        3246.0802573314536       2502.294445801098
1                        1.4224999999999999       1                        1                        5                        0.2                      4.70305727324872E-13     4.800252072636541E-13    0.25                     5.0E10                   2700                     5622.375931144334        3246.0802573314536       2502.294445801098
1                        1.4224999999999999       1                        1                        5.1                      0.19607843137254904      4.714843001294473E-13    4.807782938133679E-13    0.25                     5.0E10                   2700                     5622.375931144334        3246.0802573314536       2502.294445801098
1                        1.4224999999999999       1                        1                        5.2                      0.1923076923076923       4.728223501450674E-13    4.816943122588756E-13    0.25                     5.0E10                   2700                     5622.375931144334        3246.0802573314536       2502.294445801098
1                        1.4224999999999999       1                        1                        5.3                      0.18867924528301888      4.742845798888503E-13    4.827390377253209E-13    0.25                     5.0E10                   2700                     5622.375931144334        3246.0802573314536       2502.294445801098
1                        1.4224999999999999       1                        1                        5.4                      0.18518518518518517      4.758409889600959E-13    4.83883372894707E-13     0.25                     5.0E10                   2700                     5622.375931144334        3246.0802573314536       2502.294445801098
1                        1.4224999999999999       1                        1                        5.5                      0.18181818181818182      4.774662249023631E-13    4.851027328645006E-13    0.25                     5.0E10                   2700                     5622.375931144334        3246.0802573314536       2502.294445801098
1                        1.4224999999999999       1                        1                        5.6                      0.17857142857142858      4.791389768207001E-13    4.863764631700824E-13    0.25                     5.0E10                   2700                     5622.375931144334        3246.0802573314536       2502.294445801098
1                        1.4224999999999999       1                        1                        5.7                      0.17543859649122806      4.808415957692261E-13    4.876874915714887E-13    0.25                     5.0E10                   2700                     5622.375931144334        3246.0802573314536       2502.294445801098
1                        1.4224999999999999       1                        1                        5.8                      0.1724137931034483       4.825589153532582E-13    4.890211069554982E-13    0.25                     5.0E10                   2700                     5622.375931144334        3246.0802573314536       2502.294445801098
1                        1.4224999999999999       1                        1                        5.9                      0.1694915254237288       4.84278833671903E-13     4.903656301021222E-13    0.25                     5.0E10                   2700                     5622.375931144334        3246.0802573314536       2502.294445801098
1                        1.4224999999999999       1                        1                        6                        0.16666666666666666      4.859912581251741E-13    4.917113142206106E-13    0.25                     5.0E10                   2700                     5622.375931144334        3246.0802573314536       2502.294445801098
1                        1.4224999999999999       1                        1                        6.1                      0.16393442622950818      4.876879421465701E-13    4.930501994802465E-13    0.25                     5.0E10                   2700                     5622.375931144334        3246.0802573314536       2502.294445801098
1                        1.4224999999999999       1                        1                        6.2                      0.16129032258064518      4.893622007634729E-13    4.943758330332047E-13    0.25                     5.0E10                   2700                     5622.375931144334        3246.0802573314536       2502.294445801098
1                        1.4224999999999999       1                        1                        6.3                      0.15873015873015872      4.910086669476766E-13    4.956830292463218E-13    0.25                     5.0E10                   2700                     5622.375931144334        3246.0802573314536       2502.294445801098
1                        1.4224999999999999       1                        1                        6.4                      0.15625                  4.926230838680245E-13    4.96967665441242E-13     0.25                     5.0E10                   2700                     5622.375931144334        3246.0802573314536       2502.294445801098
1                        1.4224999999999999       1                        1                        6.5                      0.15384615384615383      4.942021282796642E-13    4.98226508563355E-13     0.25                     5.0E10                   2700                     5622.375931144334        3246.0802573314536       2502.294445801098
1                        1.4224999999999999       1                        1                        6.6                      0.15151515151515152      4.957432607289469E-13    4.994570685668337E-13    0.25                     5.0E10                   2700                     5622.375931144334        3246.0802573314536       2502.294445801098
1                        1.4224999999999999       1                        1                        6.7                      0.1492537313432836       4.972445987840147E-13    5.006574747455221E-13    0.25                     5.0E10                   2700                     5622.375931144334        3246.0802573314536       2502.294445801098
1                        1.4224999999999999       1                        1                        6.8                      0.14705882352941177      4.987048098446142E-13    5.018263716001568E-13    0.25                     5.0E10                   2700                     5622.375931144334        3246.0802573314536       2502.294445801098
1                        1.4224999999999999       1                        1                        6.9                      0.14492753623188404      5.001230205508951E-13    5.029628312861687E-13    0.25                     5.0E10                   2700                     5622.375931144334        3246.0802573314536       2502.294445801098
1                        1.4224999999999999       1                        1                        7                        0.14285714285714285      5.014987403048034E-13    5.040662800956732E-13    0.25                     5.0E10                   2700                     5622.375931144334        3246.0802573314536       2502.294445801098
1                        1.4224999999999999       1                        1                        7.1                      0.14084507042253522      5.028317966507965E-13    5.051364367579335E-13    0.25                     5.0E10                   2700                     5622.375931144334        3246.0802573314536       2502.294445801098
1                        1.4224999999999999       1                        1                        7.2                      0.1388888888888889       5.041222806916401E-13    5.061732606726255E-13    0.25                     5.0E10                   2700                     5622.375931144334        3246.0802573314536       2502.294445801098
1                        1.4224999999999999       1                        1                        7.3                      0.13698630136986303      5.053705009208117E-13    5.071769084805655E-13    0.25                     5.0E10                   2700                     5622.375931144334        3246.0802573314536       2502.294445801098
1                        1.4224999999999999       1                        1                        7.4                      0.13513513513513514      5.065769442183723E-13    5.081476976482566E-13    0.25                     5.0E10                   2700                     5622.375931144334        3246.0802573314536       2502.294445801098
1                        1.4224999999999999       1                        1                        7.5                      0.13333333333333333      5.077422427707234E-13    5.090860758833343E-13    0.25                     5.0E10                   2700                     5622.375931144334        3246.0802573314536       2502.294445801098
1                        1.4224999999999999       1                        1                        7.6                      0.13157894736842105      5.088676525329409E-13    5.099930833383289E-13    0.25                     5.0E10                   2700                     5622.375931144334        3246.0802573314536       2502.294445801098
1                        1.4224999999999999       1                        1                        7.7                      0.12987012987012989      5.099530325397478E-13    5.108684058087705E-13    0.25                     5.0E10                   2700                     5622.375931144334        3246.0802573314536       2502.294445801098
1                        1.4224999999999999       1                        1                        7.8                      0.12820512820512822      5.109997776404782E-13    5.117132059634991E-13    0.25                     5.0E10                   2700                     5622.375931144334        3246.0802573314536       2502.294445801098
1                        1.4224999999999999       1                        1                        7.9                      0.12658227848101267      5.120088608878126E-13    5.125282338902623E-13    0.25                     5.0E10                   2700                     5622.375931144334        3246.0802573314536       2502.294445801098
1                        1.4224999999999999       1                        1                        8                        0.125                    5.129812973181169E-13    5.133142767162025E-13    0.25                     5.0E10                   2700                     5622.375931144334        3246.0802573314536       2502.294445801098
1                        1.4224999999999999       1                        1                        8.1                      0.1234567901234568       5.139181317342141E-13    5.140721479304443E-13    0.25                     5.0E10                   2700                     5622.375931144334        3246.0802573314536       2502.294445801098
1                        1.4224999999999999       1                        1                        8.2                      0.12195121951219513      5.148204282900171E-13    5.148026783946506E-13    0.25                     5.0E10                   2700                     5622.375931144334        3246.0802573314536       2502.294445801098
1                        1.4224999999999999       1                        1                        8.3                      0.12048192771084336      5.156892617536463E-13    5.155067088533938E-13    0.25                     5.0E10                   2700                     5622.375931144334        3246.0802573314536       2502.294445801098
1                        1.4224999999999999       1                        1                        8.4                      0.11904761904761904      5.16525710095257E-13     5.161850836552695E-13    0.25                     5.0E10                   2700                     5622.375931144334        3246.0802573314536       2502.294445801098
1                        1.4224999999999999       1                        1                        8.5                      0.11764705882352941      5.173308482751972E-13    5.168386455277973E-13    0.25                     5.0E10                   2700                     5622.375931144334        3246.0802573314536       2502.294445801098
1                        1.4224999999999999       1                        1                        8.6                      0.11627906976744186      5.181057430467165E-13    5.17468231254071E-13     0.25                     5.0E10                   2700                     5622.375931144334        3246.0802573314536       2502.294445801098
1                        1.4224999999999999       1                        1                        8.7                      0.11494252873563218      5.188514486194069E-13    5.180746680897649E-13    0.25                     5.0E10                   2700                     5622.375931144334        3246.0802573314536       2502.294445801098
1                        1.4224999999999999       1                        1                        8.8                      0.11363636363636362      5.195690030705165E-13    5.186587708280081E-13    0.25                     5.0E10                   2700                     5622.375931144334        3246.0802573314536       2502.294445801098
1                        1.4224999999999999       1                        1                        8.9                      0.11235955056179775      5.202594254137407E-13    5.192213394168344E-13    0.25                     5.0E10                   2700                     5622.375931144334        3246.0802573314536       2502.294445801098
1                        1.4224999999999999       1                        1                        9                        0.11111111111111112      5.209237132364849E-13    5.197631570537547E-13    0.25                     5.0E10                   2700                     5622.375931144334        3246.0802573314536       2502.294445801098
1                        1.4224999999999999       1                        1                        9.1                      0.1098901098901099       5.215628407828253E-13    5.202849886598551E-13    0.25                     5.0E10                   2700                     5622.375931144334        3246.0802573314536       2502.294445801098
1                        1.4224999999999999       1                        1                        9.2                      0.10869565217391305      5.221777574737608E-13    5.207875797070604E-13    0.25                     5.0E10                   2700                     5622.375931144334        3246.0802573314536       2502.294445801098
1                        1.4224999999999999       1                        1                        9.3                      0.10752688172043011      5.227693868099232E-13    5.212716553484881E-13    0.25                     5.0E10                   2700                     5622.375931144334        3246.0802573314536       2502.294445801098
1                        1.4224999999999999       1                        1                        9.4                      0.10638297872340426      5.233386255186298E-13    5.217379197701487E-13    0.25                     5.0E10                   2700                     5622.375931144334        3246.0802573314536       2502.294445801098
1                        1.4224999999999999       1                        1                        9.5                      0.10526315789473685      5.238863430509934E-13    5.221870557873054E-13    0.25                     5.0E10                   2700                     5622.375931144334        3246.0802573314536       2502.294445801098
1                        1.4224999999999999       1                        1                        9.6                      0.10416666666666667      5.244133812072728E-13    5.226197245864374E-13    0.25                     5.0E10                   2700                     5622.375931144334        3246.0802573314536       2502.294445801098
1                        1.4224999999999999       1                        1                        9.700000000000001        0.1030927835051546       5.249205540384195E-13    5.230365656458898E-13    0.25                     5.0E10                   2700                     5622.375931144334        3246.0802573314536       2502.294445801098
1                        1.4224999999999999       1                        1                        9.8                      0.10204081632653059      5.254086479007865E-13    5.234381967920407E-13    0.25                     5.0E10                   2700                     5622.375931144334        3246.0802573314536       2502.294445801098
1                        1.4224999999999999       1                        1                        9.9                      0.101010101010101        5.258784215818333E-13    5.238252143205726E-13    0.25                     5.0E10                   2700                     5622.375931144334        3246.0802573314536       2502.294445801098
1                        1.4224999999999999       1                        1                        10                       0.1                      5.264133261393697E-13    5.242659732896676E-13    0.25                     5.0E10                   2700                     5622.375931144334        3246.0802573314536       2502.294445801098
