0.890278                 1                        1                        1                        0.1                      10                       5.331358890435869E-13    5.331378820215283E-13    0.25                     5.0E10                   2700                     4606.860152274784        2752.018466324617        2502.294445801098
0.890278                 1                        1                        1                        0.2                      5                        5.334851042376389E-13    5.331494748944193E-13    0.25                     5.0E10                   2700                     4606.860152274784        2752.018466324617        2502.294445801098
0.890278                 1                        1                        1                        0.30000000000000004      3.3333333333333326       5.366560452507194E-13    5.363070075624078E-13    0.25                     5.0E10                   2700                     4606.860152274784        2752.018466324617        2502.294445801098
0.890278                 1                        1                        1                        0.4                      2.5                      5.329360030321934E-13    5.331989535769227E-13    0.25                     5.0E10                   2700                     4606.860152274784        2752.018466324617        2502.294445801098
0.890278                 1                        1                        1                        0.5                      2                        5.331365960007473E-13    5.332132162804734E-13    0.25                     5.0E10                   2700                     4606.860152274784        2752.018466324617        2502.294445801098
0.890278                 1                        1                        1                        0.6                      1.6666666666666667       5.365023442509944E-13    5.367171021195312E-13    0.25                     5.0E10                   2700                     4606.860152274784        2752.018466324617        2502.294445801098
0.890278                 1                        1                        1                        0.7000000000000001       1.4285714285714284       5.371382578294311E-13    5.377129354690311E-13    0.25                     5.0E10                   2700                     4606.860152274784        2752.018466324617        2502.294445801098
0.890278                 1                        1                        1                        0.8                      1.25                     5.344261387078436E-13    5.339659560543855E-13    0.25                     5.0E10                   2700                     4606.860152274784        2752.018466324617        2502.294445801098
0.890278                 1                        1                        1                        0.9                      1.1111111111111112       5.325565463050598E-13    5.346079392607923E-13    0.25                     5.0E10                   2700                     4606.860152274784        2752.018466324617        2502.294445801098
0.890278                 1                        1                        1                        1                        1                        5.357144139107169E-13    5.342852130445063E-13    0.25                     5.0E10                   2700                     4606.860152274784        2752.018466324617        2502.294445801098
0.890278                 1                        1                        1                        1.1                      0.909090909090909        5.37274950705677E-13     5.375825455775592E-13    0.25                     5.0E10                   2700                     4606.860152274784        2752.018466324617        2502.294445801098
0.890278                 1                        1                        1                        1.2000000000000002       0.8333333333333331       5.384803244711014E-13    5.382446779617608E-13    0.25                     5.0E10                   2700                     4606.860152274784        2752.018466324617        2502.294445801098
0.890278                 1                        1                        1                        1.3000000000000003       0.769230769230769        5.399192830396673E-13    5.361838002918482E-13    0.25                     5.0E10                   2700                     4606.860152274784        2752.018466324617        2502.294445801098
0.890278                 1                        1                        1                        1.4000000000000001       0.7142857142857142       5.428819109257177E-13    5.382377930029755E-13    0.25                     5.0E10                   2700                     4606.860152274784        2752.018466324617        2502.294445801098
0.890278                 1                        1                        1                        1.5000000000000002       0.6666666666666665       5.422933085423911E-13    5.392770427011854E-13    0.25                     5.0E10                   2700                     4606.860152274784        2752.018466324617        2502.294445801098
0.890278                 1                        1                        1                        1.6                      0.625                    5.374599076504984E-13    5.356161157570923E-13    0.25                     5.0E10                   2700                     4606.860152274784        2752.018466324617        2502.294445801098
0.890278                 1                        1                        1                        1.7000000000000002       0.588235294117647        5.402757015091622E-13    5.378599960899132E-13    0.25                     5.0E10                   2700                     4606.860152274784        2752.018466324617        2502.294445801098
0.890278                 1                        1                        1                        1.8000000000000003       0.5555555555555555       5.433299171615267E-13    5.393937253169844E-13    0.25                     5.0E10                   2700                     4606.860152274784        2752.018466324617        2502.294445801098
0.890278                 1                        1                        1                        1.9000000000000001       0.5263157894736842       5.423125237655337E-13    5.370397811970405E-13    0.25                     5.0E10                   2700                     4606.860152274784        2752.018466324617        2502.294445801098
0.890278                 1                        1                        1                        2                        0.5                      5.411543430520844E-13    5.35305894274346E-13     0.25                     5.0E10                   2700                     4606.860152274784        2752.018466324617        2502.294445801098
0.890278                 1                        1                        1                        2.1                      0.47619047619047616      5.417263618704119E-13    5.362351428329881E-13    0.25                     5.0E10                   2700                     4606.860152274784        2752.018466324617        2502.294445801098
0.890278                 1                        1                        1                        2.2                      0.4545454545454545       5.423992055360623E-13    5.380417726920041E-13    0.25                     5.0E10                   2700                     4606.860152274784        2752.018466324617        2502.294445801098
0.890278                 1                        1                        1                        2.3000000000000003       0.43478260869565216      5.413565070633677E-13    5.385327046721005E-13    0.25                     5.0E10                   2700                     4606.860152274784        2752.018466324617        2502.294445801098
0.890278                 1                        1                        1                        2.4000000000000004       0.4166666666666666       5.386626470050176E-13    5.373537967642517E-13    0.25                     5.0E10                   2700                     4606.860152274784        2752.018466324617        2502.294445801098
0.890278                 1                        1                        1                        2.5000000000000004       0.3999999999999999       5.357377817857161E-13    5.355657381887165E-13    0.25                     5.0E10                   2700                     4606.860152274784        2752.018466324617        2502.294445801098
0.890278                 1                        1                        1                        2.6                      0.3846153846153846       5.33687631167621E-13     5.343173285999006E-13    0.25                     5.0E10                   2700                     4606.860152274784        2752.018466324617        2502.294445801098
0.890278                 1                        1                        1                        2.7                      0.37037037037037035      5.331104599185386E-13    5.341566490176577E-13    0.25                     5.0E10                   2700                     4606.860152274784        2752.018466324617        2502.294445801098
0.890278                 1                        1                        1                        2.8000000000000003       0.3571428571428571       5.338278740559085E-13    5.349839615827593E-13    0.25                     5.0E10                   2700                     4606.860152274784        2752.018466324617        2502.294445801098
0.890278                 1                        1                        1                        2.9000000000000004       0.3448275862068965       5.352865113653903E-13    5.363347256601116E-13    0.25                     5.0E10                   2700                     4606.860152274784        2752.018466324617        2502.294445801098
0.890278                 1                        1                        1                        3.0000000000000004       0.33333333333333326      5.368793950218227E-13    5.376785588757566E-13    0.25                     5.0E10                   2700                     4606.860152274784        2752.018466324617        2502.294445801098
0.890278                 1                        1                        1                        3.1                      0.32258064516129037      5.38147084464242E-13     5.386139467145699E-13    0.25                     5.0E10                   2700                     4606.860152274784        2752.018466324617        2502.294445801098
0.890278                 1                        1                        1                        3.2                      0.3125                   5.388512508838746E-13    5.389432853442324E-13    0.25                     5.0E10                   2700                     4606.860152274784        2752.018466324617        2502.294445801098
0.890278                 1                        1                        1                        3.3000000000000003       0.30303030303030304      5.389556730610546E-13    5.386579464200078E-13    0.25                     5.0E10                   2700                     4606.860152274784        2752.018466324617        2502.294445801098
0.890278                 1                        1                        1                        3.4000000000000004       0.2941176470588235       5.386510318772629E-13    5.379828816631813E-13    0.25                     5.0E10                   2700                     4606.860152274784        2752.018466324617        2502.294445801098
0.890278                 1                        1                        1                        3.5000000000000004       0.2857142857142857       5.379123085628349E-13    5.368756125447916E-13    0.25                     5.0E10                   2700                     4606.860152274784        2752.018466324617        2502.294445801098
0.890278                 1                        1                        1                        3.6                      0.2777777777777778       5.370203687652513E-13    5.356413808095965E-13    0.25                     5.0E10                   2700                     4606.860152274784        2752.018466324617        2502.294445801098
0.890278                 1                        1                        1                        3.7                      0.2702702702702703       5.361236905534798E-13    5.344359328638304E-13    0.25                     5.0E10                   2700                     4606.860152274784        2752.018466324617        2502.294445801098
0.890278                 1                        1                        1                        3.8000000000000003       0.2631578947368421       5.353288514059081E-13    5.333713838992488E-13    0.25                     5.0E10                   2700                     4606.860152274784        2752.018466324617        2502.294445801098
0.890278                 1                        1                        1                        3.9000000000000004       0.2564102564102564       5.346989114226372E-13    5.325148661847032E-13    0.25                     5.0E10                   2700                     4606.860152274784        2752.018466324617        2502.294445801098
0.890278                 1                        1                        1                        4                        0.25                     5.342596095441201E-13    5.31894672525692E-13     0.25                     5.0E10                   2700                     4606.860152274784        2752.018466324617        2502.294445801098
0.890278                 1                        1                        1                        4.1                      0.24390243902439027      5.340084395088246E-13    5.315094188838365E-13    0.25                     5.0E10                   2700                     4606.860152274784        2752.018466324617        2502.294445801098
0.890278                 1                        1                        1                        4.2                      0.23809523809523808      5.339240711886937E-13    5.313375173016596E-13    0.25                     5.0E10                   2700                     4606.860152274784        2752.018466324617        2502.294445801098
0.890278                 1                        1                        1                        4.3                      0.23255813953488372      5.339745417793777E-13    5.313454876458897E-13    0.25                     5.0E10                   2700                     4606.860152274784        2752.018466324617        2502.294445801098
0.890278                 1                        1                        1                        4.3999999999999995       0.22727272727272732      5.341236744464616E-13    5.31494548326152E-13     0.25                     5.0E10                   2700                     4606.860152274784        2752.018466324617        2502.294445801098
0.890278                 1                        1                        1                        4.5                      0.22222222222222224      5.343356794164847E-13    5.317454257908502E-13    0.25                     5.0E10                   2700                     4606.860152274784        2752.018466324617        2502.294445801098
0.890278                 1                        1                        1                        4.6                      0.2173913043478261       5.345782571484247E-13    5.320616502705689E-13    0.25                     5.0E10                   2700                     4606.860152274784        2752.018466324617        2502.294445801098
0.890278                 1                        1                        1                        4.7                      0.2127659574468085       5.348238667445116E-13    5.324111881160613E-13    0.25                     5.0E10                   2700                     4606.860152274784        2752.018466324617        2502.294445801098
0.890278                 1                        1                        1                        4.8                      0.20833333333333334      5.350510579735654E-13    5.327677765547305E-13    0.25                     5.0E10                   2700                     4606.860152274784        2752.018466324617        2502.294445801098
0.890278                 1                        1                        1                        4.9                      0.20408163265306117      5.352440956329442E-13    5.331108773093522E-13    0.25                     5.0E10                   2700                     4606.860152274784        2752.018466324617        2502.294445801098
0.890278                 1                        1                        1                        5                        0.2                      5.354919691475527E-13    5.335198657717352E-13    0.25                     5.0E10                   2700                     4606.860152274784        2752.018466324617        2502.294445801098
0.890278                 1                        1                        1                        5.1                      0.19607843137254904      5.355824855435037E-13    5.337883061108253E-13    0.25                     5.0E10                   2700                     4606.860152274784        2752.018466324617        2502.294445801098
0.890278                 1                        1                        1                        5.2                      0.1923076923076923       5.356217263340805E-13    5.340129522725318E-13    0.25                     5.0E10                   2700                     4606.860152274784        2752.018466324617        2502.294445801098
0.890278                 1                        1                        1                        5.3                      0.18867924528301888      5.356109061123592E-13    5.341913837331937E-13    0.25                     5.0E10                   2700                     4606.860152274784        2752.018466324617        2502.294445801098
0.890278                 1                        1                        1                        5.4                      0.18518518518518517      5.355535072006602E-13    5.343238723765087E-13    0.25                     5.0E10                   2700                     4606.860152274784        2752.018466324617        2502.294445801098
0.890278                 1                        1                        1                        5.5                      0.18181818181818182      5.354545851490849E-13    5.344127007156417E-13    0.25                     5.0E10                   2700                     4606.860152274784        2752.018466324617        2502.294445801098
0.890278                 1                        1                        1                        5.6                      0.17857142857142858      5.353201760878969E-13    5.344615641277286E-13    0.25                     5.0E10                   2700                     4606.860152274784        2752.018466324617        2502.294445801098
0.890278                 1                        1                        1                        5.7                      0.17543859649122806      5.351569748473464E-13    5.344752448012762E-13    0.25                     5.0E10                   2700                     4606.860152274784        2752.018466324617        2502.294445801098
0.890278                 1                        1                        1                        5.8                      0.1724137931034483       5.349713038644525E-13    5.344584979605177E-13    0.25                     5.0E10                   2700                     4606.860152274784        2752.018466324617        2502.294445801098
0.890278                 1                        1                        1                        5.9                      0.1694915254237288       5.347697904028508E-13    5.344167727121608E-13    0.25                     5.0E10                   2700                     4606.860152274784        2752.018466324617        2502.294445801098
0.890278                 1                        1                        1                        6                        0.16666666666666666      5.34558520300289E-13     5.343552803090196E-13    0.25                     5.0E10                   2700                     4606.860152274784        2752.018466324617        2502.294445801098
0.890278                 1                        1                        1                        6.1                      0.16393442622950818      5.343430584925167E-13    5.342789876228784E-13    0.25                     5.0E10                   2700                     4606.860152274784        2752.018466324617        2502.294445801098
0.890278                 1                        1                        1                        6.2                      0.16129032258064518      5.341283662508319E-13    5.341924967434576E-13    0.25                     5.0E10                   2700                     4606.860152274784        2752.018466324617        2502.294445801098
0.890278                 1                        1                        1                        6.3                      0.15873015873015872      5.339187619238042E-13    5.340999698842093E-13    0.25                     5.0E10                   2700                     4606.860152274784        2752.018466324617        2502.294445801098
0.890278                 1                        1                        1                        6.4                      0.15625                  5.337179148422801E-13    5.340050899376964E-13    0.25                     5.0E10                   2700                     4606.860152274784        2752.018466324617        2502.294445801098
0.890278                 1                        1                        1                        6.5                      0.15384615384615383      5.33528863382704E-13     5.339110481684566E-13    0.25                     5.0E10                   2700                     4606.860152274784        2752.018466324617        2502.294445801098
0.890278                 1                        1                        1                        6.6                      0.15151515151515152      5.333540498235998E-13    5.338205518916278E-13    0.25                     5.0E10                   2700                     4606.860152274784        2752.018466324617        2502.294445801098
0.890278                 1                        1                        1                        6.7                      0.1492537313432836       5.331953661553326E-13    5.337358462913825E-13    0.25                     5.0E10                   2700                     4606.860152274784        2752.018466324617        2502.294445801098
0.890278                 1                        1                        1                        6.8                      0.14705882352941177      5.330542061560012E-13    5.336587456269599E-13    0.25                     5.0E10                   2700                     4606.860152274784        2752.018466324617        2502.294445801098
0.890278                 1                        1                        1                        6.9                      0.14492753623188404      5.329315202262753E-13    5.335906701428072E-13    0.25                     5.0E10                   2700                     4606.860152274784        2752.018466324617        2502.294445801098
0.890278                 1                        1                        1                        7                        0.14285714285714285      5.328278704326952E-13    5.335326858696802E-13    0.25                     5.0E10                   2700                     4606.860152274784        2752.018466324617        2502.294445801098
0.890278                 1                        1                        1                        7.1                      0.14084507042253522      5.327434838682823E-13    5.334855452081585E-13    0.25                     5.0E10                   2700                     4606.860152274784        2752.018466324617        2502.294445801098
0.890278                 1                        1                        1                        7.2                      0.1388888888888889       5.326783030956217E-13    5.334497267660169E-13    0.25                     5.0E10                   2700                     4606.860152274784        2752.018466324617        2502.294445801098
0.890278                 1                        1                        1                        7.3                      0.13698630136986303      5.32632032868377E-13     5.334254734113183E-13    0.25                     5.0E10                   2700                     4606.860152274784        2752.018466324617        2502.294445801098
0.890278                 1                        1                        1                        7.4                      0.13513513513513514      5.326041827425053E-13    5.334128278659343E-13    0.25                     5.0E10                   2700                     4606.860152274784        2752.018466324617        2502.294445801098
0.890278                 1                        1                        1                        7.5                      0.13333333333333333      5.325941053112707E-13    5.334116653990133E-13    0.25                     5.0E10                   2700                     4606.860152274784        2752.018466324617        2502.294445801098
0.890278                 1                        1                        1                        7.6                      0.13157894736842105      5.32601524883451E-13     5.334222171516346E-13    0.25                     5.0E10                   2700                     4606.860152274784        2752.018466324617        2502.294445801098
0.890278                 1                        1                        1                        7.7                      0.12987012987012989      5.32624617459306E-13     5.334431488172451E-13    0.25                     5.0E10                   2700                     4606.860152274784        2752.018466324617        2502.294445801098
0.890278                 1                        1                        1                        7.8                      0.12820512820512822      5.326629183359076E-13    5.33474466134325E-13     0.25                     5.0E10                   2700                     4606.860152274784        2752.018466324617        2502.294445801098
0.890278                 1                        1                        1                        7.9                      0.12658227848101267      5.327154514562912E-13    5.335156401631909E-13    0.25                     5.0E10                   2700                     4606.860152274784        2752.018466324617        2502.294445801098
0.890278                 1                        1                        1                        8                        0.125                    5.327812145407789E-13    5.335660925353962E-13    0.25                     5.0E10                   2700                     4606.860152274784        2752.018466324617        2502.294445801098
0.890278                 1                        1                        1                        8.1                      0.1234567901234568       5.328591950366906E-13    5.336252108137117E-13    0.25                     5.0E10                   2700                     4606.860152274784        2752.018466324617        2502.294445801098
0.890278                 1                        1                        1                        8.2                      0.12195121951219513      5.329483832709551E-13    5.336923615026495E-13    0.25                     5.0E10                   2700                     4606.860152274784        2752.018466324617        2502.294445801098
0.890278                 1                        1                        1                        8.3                      0.12048192771084336      5.330477833116429E-13    5.337669010557686E-13    0.25                     5.0E10                   2700                     4606.860152274784        2752.018466324617        2502.294445801098
0.890278                 1                        1                        1                        8.4                      0.11904761904761904      5.331564216991974E-13    5.338481850235478E-13    0.25                     5.0E10                   2700                     4606.860152274784        2752.018466324617        2502.294445801098
0.890278                 1                        1                        1                        8.5                      0.11764705882352941      5.332733543798982E-13    5.339355755856518E-13    0.25                     5.0E10                   2700                     4606.860152274784        2752.018466324617        2502.294445801098
0.890278                 1                        1                        1                        8.6                      0.11627906976744186      5.333976720704232E-13    5.340284476743447E-13    0.25                     5.0E10                   2700                     4606.860152274784        2752.018466324617        2502.294445801098
0.890278                 1                        1                        1                        8.7                      0.11494252873563218      5.335285042668562E-13    5.341261938421086E-13    0.25                     5.0E10                   2700                     4606.860152274784        2752.018466324617        2502.294445801098
0.890278                 1                        1                        1                        8.8                      0.11363636363636362      5.336650221112317E-13    5.342282280671399E-13    0.25                     5.0E10                   2700                     4606.860152274784        2752.018466324617        2502.294445801098
0.890278                 1                        1                        1                        8.9                      0.11235955056179775      5.338064402878066E-13    5.343339886348343E-13    0.25                     5.0E10                   2700                     4606.860152274784        2752.018466324617        2502.294445801098
0.890278                 1                        1                        1                        9                        0.11111111111111112      5.339520181358123E-13    5.344429402524043E-13    0.25                     5.0E10                   2700                     4606.860152274784        2752.018466324617        2502.294445801098
0.890278                 1                        1                        1                        9.1                      0.1098901098901099       5.341010600298809E-13    5.345545754649615E-13    0.25                     5.0E10                   2700                     4606.860152274784        2752.018466324617        2502.294445801098
0.890278                 1                        1                        1                        9.2                      0.10869565217391305      5.342529152488233E-13    5.346684155371698E-13    0.25                     5.0E10                   2700                     4606.860152274784        2752.018466324617        2502.294445801098
0.890278                 1                        1                        1                        9.3                      0.10752688172043011      5.344069774092486E-13    5.34784010874234E-13     0.25                     5.0E10                   2700                     4606.860152274784        2752.018466324617        2502.294445801098
0.890278                 1                        1                        1                        9.4                      0.10638297872340426      5.345626834723427E-13    5.349009410289328E-13    0.25                     5.0E10                   2700                     4606.860152274784        2752.018466324617        2502.294445801098
0.890278                 1                        1                        1                        9.5                      0.10526315789473685      5.347195125653792E-13    5.350188144362056E-13    0.25                     5.0E10                   2700                     4606.860152274784        2752.018466324617        2502.294445801098
0.890278                 1                        1                        1                        9.6                      0.10416666666666667      5.348769844682348E-13    5.351372678477701E-13    0.25                     5.0E10                   2700                     4606.860152274784        2752.018466324617        2502.294445801098
0.890278                 1                        1                        1                        9.700000000000001        0.1030927835051546       5.350346580388783E-13    5.352559656046705E-13    0.25                     5.0E10                   2700                     4606.860152274784        2752.018466324617        2502.294445801098
0.890278                 1                        1                        1                        9.8                      0.10204081632653059      5.351921294996041E-13    5.353745987516548E-13    0.25                     5.0E10                   2700                     4606.860152274784        2752.018466324617        2502.294445801098
0.890278                 1                        1                        1                        9.9                      0.101010101010101        5.353490305887266E-13    5.354928839981248E-13    0.25                     5.0E10                   2700                     4606.860152274784        2752.018466324617        2502.294445801098
0.890278                 1                        1                        1                        10                       0.1                      5.355777332360053E-13    5.356581456742454E-13    0.25                     5.0E10                   2700                     4606.860152274784        2752.018466324617        2502.294445801098
