1.15955                  1                        1                        1                        0.1                      10                       5.331357101971908E-13    5.331379780790094E-13    0.25                     5.0E10                   2700                     4925.494504599338        2679.243619866269        2502.294445801098
1.15955                  1                        1                        1                        0.2                      5                        5.334805252013306E-13    5.331466250405852E-13    0.25                     5.0E10                   2700                     4925.494504599338        2679.243619866269        2502.294445801098
1.15955                  1                        1                        1                        0.30000000000000004      3.3333333333333326       5.366606886514413E-13    5.363080301618572E-13    0.25                     5.0E10                   2700                     4925.494504599338        2679.243619866269        2502.294445801098
1.15955                  1                        1                        1                        0.4                      2.5                      5.329027889357015E-13    5.331684637903857E-13    0.25                     5.0E10                   2700                     4925.494504599338        2679.243619866269        2502.294445801098
1.15955                  1                        1                        1                        0.5                      2                        5.331773843585304E-13    5.330961212588302E-13    0.25                     5.0E10                   2700                     4925.494504599338        2679.243619866269        2502.294445801098
1.15955                  1                        1                        1                        0.6                      1.6666666666666667       5.366292366293652E-13    5.363011814073055E-13    0.25                     5.0E10                   2700                     4925.494504599338        2679.243619866269        2502.294445801098
1.15955                  1                        1                        1                        0.7000000000000001       1.4285714285714284       5.37683692905506E-13     5.368666934068332E-13    0.25                     5.0E10                   2700                     4925.494504599338        2679.243619866269        2502.294445801098
1.15955                  1                        1                        1                        0.8                      1.25                     5.347792735448095E-13    5.323037516071648E-13    0.25                     5.0E10                   2700                     4925.494504599338        2679.243619866269        2502.294445801098
1.15955                  1                        1                        1                        0.9                      1.1111111111111112       5.322725740712548E-13    5.324852856219299E-13    0.25                     5.0E10                   2700                     4925.494504599338        2679.243619866269        2502.294445801098
1.15955                  1                        1                        1                        1                        1                        5.335722493935922E-13    5.314899202691553E-13    0.25                     5.0E10                   2700                     4925.494504599338        2679.243619866269        2502.294445801098
1.15955                  1                        1                        1                        1.1                      0.909090909090909        5.323294576264136E-13    5.335879117851188E-13    0.25                     5.0E10                   2700                     4925.494504599338        2679.243619866269        2502.294445801098
1.15955                  1                        1                        1                        1.2000000000000002       0.8333333333333331       5.315130979884373E-13    5.341857834957672E-13    0.25                     5.0E10                   2700                     4925.494504599338        2679.243619866269        2502.294445801098
1.15955                  1                        1                        1                        1.3000000000000003       0.769230769230769        5.309807142281634E-13    5.32390164192301E-13     0.25                     5.0E10                   2700                     4925.494504599338        2679.243619866269        2502.294445801098
1.15955                  1                        1                        1                        1.4000000000000001       0.7142857142857142       5.30499904569668E-13     5.330057085903632E-13    0.25                     5.0E10                   2700                     4925.494504599338        2679.243619866269        2502.294445801098
1.15955                  1                        1                        1                        1.5000000000000002       0.6666666666666665       5.282328062540566E-13    5.335994673345469E-13    0.25                     5.0E10                   2700                     4925.494504599338        2679.243619866269        2502.294445801098
1.15955                  1                        1                        1                        1.6                      0.625                    5.237190754102235E-13    5.309112861533562E-13    0.25                     5.0E10                   2700                     4925.494504599338        2679.243619866269        2502.294445801098
1.15955                  1                        1                        1                        1.7000000000000002       0.588235294117647        5.270158117810426E-13    5.341244734535321E-13    0.25                     5.0E10                   2700                     4925.494504599338        2679.243619866269        2502.294445801098
1.15955                  1                        1                        1                        1.8000000000000003       0.5555555555555555       5.302249756561168E-13    5.360105382742659E-13    0.25                     5.0E10                   2700                     4925.494504599338        2679.243619866269        2502.294445801098
1.15955                  1                        1                        1                        1.9000000000000001       0.5263157894736842       5.2929027041688E-13      5.335103901829174E-13    0.25                     5.0E10                   2700                     4925.494504599338        2679.243619866269        2502.294445801098
1.15955                  1                        1                        1                        2                        0.5                      5.286333898189925E-13    5.316898375634311E-13    0.25                     5.0E10                   2700                     4925.494504599338        2679.243619866269        2502.294445801098
1.15955                  1                        1                        1                        2.1                      0.47619047619047616      5.304617819034932E-13    5.33029777181119E-13     0.25                     5.0E10                   2700                     4925.494504599338        2679.243619866269        2502.294445801098
1.15955                  1                        1                        1                        2.2                      0.4545454545454545       5.330494227676154E-13    5.357428479114744E-13    0.25                     5.0E10                   2700                     4925.494504599338        2679.243619866269        2502.294445801098
1.15955                  1                        1                        1                        2.3000000000000003       0.43478260869565216      5.341104790721236E-13    5.372788947403845E-13    0.25                     5.0E10                   2700                     4925.494504599338        2679.243619866269        2502.294445801098
1.15955                  1                        1                        1                        2.4000000000000004       0.4166666666666666       5.331844745543878E-13    5.368668676818174E-13    0.25                     5.0E10                   2700                     4925.494504599338        2679.243619866269        2502.294445801098
1.15955                  1                        1                        1                        2.5000000000000004       0.3999999999999999       5.31395711370339E-13     5.353421293775004E-13    0.25                     5.0E10                   2700                     4925.494504599338        2679.243619866269        2502.294445801098
1.15955                  1                        1                        1                        2.6                      0.3846153846153846       5.298714102255709E-13    5.338866798590543E-13    0.25                     5.0E10                   2700                     4925.494504599338        2679.243619866269        2502.294445801098
1.15955                  1                        1                        1                        2.7                      0.37037037037037035      5.293697907929264E-13    5.332013281884721E-13    0.25                     5.0E10                   2700                     4925.494504599338        2679.243619866269        2502.294445801098
1.15955                  1                        1                        1                        2.8000000000000003       0.3571428571428571       5.299301639596911E-13    5.333810842856091E-13    0.25                     5.0E10                   2700                     4925.494504599338        2679.243619866269        2502.294445801098
1.15955                  1                        1                        1                        2.9000000000000004       0.3448275862068965       5.311979779614039E-13    5.341367515236116E-13    0.25                     5.0E10                   2700                     4925.494504599338        2679.243619866269        2502.294445801098
1.15955                  1                        1                        1                        3.0000000000000004       0.33333333333333326      5.327163472842833E-13    5.350689287601666E-13    0.25                     5.0E10                   2700                     4925.494504599338        2679.243619866269        2502.294445801098
1.15955                  1                        1                        1                        3.1                      0.32258064516129037      5.341180144136129E-13    5.358545202085184E-13    0.25                     5.0E10                   2700                     4925.494504599338        2679.243619866269        2502.294445801098
1.15955                  1                        1                        1                        3.2                      0.3125                   5.352017420573039E-13    5.363239228733278E-13    0.25                     5.0E10                   2700                     4925.494504599338        2679.243619866269        2502.294445801098
1.15955                  1                        1                        1                        3.3000000000000003       0.30303030303030304      5.359241410189264E-13    5.364556841222195E-13    0.25                     5.0E10                   2700                     4925.494504599338        2679.243619866269        2502.294445801098
1.15955                  1                        1                        1                        3.4000000000000004       0.2941176470588235       5.364504583196291E-13    5.36446408921182E-13     0.25                     5.0E10                   2700                     4925.494504599338        2679.243619866269        2502.294445801098
1.15955                  1                        1                        1                        3.5000000000000004       0.2857142857142857       5.366828804050858E-13    5.361776158924165E-13    0.25                     5.0E10                   2700                     4925.494504599338        2679.243619866269        2502.294445801098
1.15955                  1                        1                        1                        3.6                      0.2777777777777778       5.368551964572723E-13    5.359066915208474E-13    0.25                     5.0E10                   2700                     4925.494504599338        2679.243619866269        2502.294445801098
1.15955                  1                        1                        1                        3.7                      0.2702702702702703       5.370637464968339E-13    5.357360704402238E-13    0.25                     5.0E10                   2700                     4925.494504599338        2679.243619866269        2502.294445801098
1.15955                  1                        1                        1                        3.8000000000000003       0.2631578947368421       5.373700343030684E-13    5.357316328160489E-13    0.25                     5.0E10                   2700                     4925.494504599338        2679.243619866269        2502.294445801098
1.15955                  1                        1                        1                        3.9000000000000004       0.2564102564102564       5.378002899274796E-13    5.359224063386551E-13    0.25                     5.0E10                   2700                     4925.494504599338        2679.243619866269        2502.294445801098
1.15955                  1                        1                        1                        4                        0.25                     5.383515374223119E-13    5.363064768082642E-13    0.25                     5.0E10                   2700                     4925.494504599338        2679.243619866269        2502.294445801098
1.15955                  1                        1                        1                        4.1                      0.24390243902439027      5.389998570765633E-13    5.368593157155499E-13    0.25                     5.0E10                   2700                     4925.494504599338        2679.243619866269        2502.294445801098
1.15955                  1                        1                        1                        4.2                      0.23809523809523808      5.397088589976299E-13    5.375422956427252E-13    0.25                     5.0E10                   2700                     4925.494504599338        2679.243619866269        2502.294445801098
1.15955                  1                        1                        1                        4.3                      0.23255813953488372      5.404369533602774E-13    5.383101014592858E-13    0.25                     5.0E10                   2700                     4925.494504599338        2679.243619866269        2502.294445801098
1.15955                  1                        1                        1                        4.3999999999999995       0.22727272727272732      5.411429453643494E-13    5.391165388646876E-13    0.25                     5.0E10                   2700                     4925.494504599338        2679.243619866269        2502.294445801098
1.15955                  1                        1                        1                        4.5                      0.22222222222222224      5.417899067413535E-13    5.399186712696633E-13    0.25                     5.0E10                   2700                     4925.494504599338        2679.243619866269        2502.294445801098
1.15955                  1                        1                        1                        4.6                      0.2173913043478261       5.423476285561196E-13    5.406795254790648E-13    0.25                     5.0E10                   2700                     4925.494504599338        2679.243619866269        2502.294445801098
1.15955                  1                        1                        1                        4.7                      0.2127659574468085       5.427932479439539E-13    5.413691739669075E-13    0.25                     5.0E10                   2700                     4925.494504599338        2679.243619866269        2502.294445801098
1.15955                  1                        1                        1                        4.8                      0.20833333333333334      5.431120580563168E-13    5.419655784595063E-13    0.25                     5.0E10                   2700                     4925.494504599338        2679.243619866269        2502.294445801098
1.15955                  1                        1                        1                        4.9                      0.20408163265306117      5.432965706474211E-13    5.424540620658087E-13    0.25                     5.0E10                   2700                     4925.494504599338        2679.243619866269        2502.294445801098
1.15955                  1                        1                        1                        5                        0.2                      5.434451632415268E-13    5.429216359036584E-13    0.25                     5.0E10                   2700                     4925.494504599338        2679.243619866269        2502.294445801098
1.15955                  1                        1                        1                        5.1                      0.19607843137254904      5.43352955655641E-13     5.431661690280401E-13    0.25                     5.0E10                   2700                     4925.494504599338        2679.243619866269        2502.294445801098
1.15955                  1                        1                        1                        5.2                      0.1923076923076923       5.431389017854829E-13    5.432960645294153E-13    0.25                     5.0E10                   2700                     4925.494504599338        2679.243619866269        2502.294445801098
1.15955                  1                        1                        1                        5.3                      0.18867924528301888      5.428141663620283E-13    5.433173163650296E-13    0.25                     5.0E10                   2700                     4925.494504599338        2679.243619866269        2502.294445801098
1.15955                  1                        1                        1                        5.4                      0.18518518518518517      5.423918351360712E-13    5.432385014780429E-13    0.25                     5.0E10                   2700                     4925.494504599338        2679.243619866269        2502.294445801098
1.15955                  1                        1                        1                        5.5                      0.18181818181818182      5.418860370065695E-13    5.430699058358195E-13    0.25                     5.0E10                   2700                     4925.494504599338        2679.243619866269        2502.294445801098
1.15955                  1                        1                        1                        5.6                      0.17857142857142858      5.413112237852547E-13    5.428227843243527E-13    0.25                     5.0E10                   2700                     4925.494504599338        2679.243619866269        2502.294445801098
1.15955                  1                        1                        1                        5.7                      0.17543859649122806      5.406817864279567E-13    5.425089501340993E-13    0.25                     5.0E10                   2700                     4925.494504599338        2679.243619866269        2502.294445801098
1.15955                  1                        1                        1                        5.8                      0.1724137931034483       5.400109176102047E-13    5.421395496532732E-13    0.25                     5.0E10                   2700                     4925.494504599338        2679.243619866269        2502.294445801098
1.15955                  1                        1                        1                        5.9                      0.1694915254237288       5.393113845807632E-13    5.417258328228116E-13    0.25                     5.0E10                   2700                     4925.494504599338        2679.243619866269        2502.294445801098
1.15955                  1                        1                        1                        6                        0.16666666666666666      5.385946344577089E-13    5.412781678059516E-13    0.25                     5.0E10                   2700                     4925.494504599338        2679.243619866269        2502.294445801098
1.15955                  1                        1                        1                        6.1                      0.16393442622950818      5.378708682670818E-13    5.40806063261339E-13     0.25                     5.0E10                   2700                     4925.494504599338        2679.243619866269        2502.294445801098
1.15955                  1                        1                        1                        6.2                      0.16129032258064518      5.371490069654331E-13    5.403180777298292E-13    0.25                     5.0E10                   2700                     4925.494504599338        2679.243619866269        2502.294445801098
1.15955                  1                        1                        1                        6.3                      0.15873015873015872      5.364367081520097E-13    5.398217833636922E-13    0.25                     5.0E10                   2700                     4925.494504599338        2679.243619866269        2502.294445801098
1.15955                  1                        1                        1                        6.4                      0.15625                  5.357404193262584E-13    5.39323770670109E-13     0.25                     5.0E10                   2700                     4925.494504599338        2679.243619866269        2502.294445801098
1.15955                  1                        1                        1                        6.5                      0.15384615384615383      5.3506545581197E-13      5.38829682884518E-13     0.25                     5.0E10                   2700                     4925.494504599338        2679.243619866269        2502.294445801098
1.15955                  1                        1                        1                        6.6                      0.15151515151515152      5.344160938953052E-13    5.383442706559298E-13    0.25                     5.0E10                   2700                     4925.494504599338        2679.243619866269        2502.294445801098
1.15955                  1                        1                        1                        6.7                      0.1492537313432836       5.337956719148927E-13    5.378714596372401E-13    0.25                     5.0E10                   2700                     4925.494504599338        2679.243619866269        2502.294445801098
1.15955                  1                        1                        1                        6.8                      0.14705882352941177      5.332066937140025E-13    5.374144251577093E-13    0.25                     5.0E10                   2700                     4925.494504599338        2679.243619866269        2502.294445801098
1.15955                  1                        1                        1                        6.9                      0.14492753623188404      5.326509304552375E-13    5.36975669621414E-13     0.25                     5.0E10                   2700                     4925.494504599338        2679.243619866269        2502.294445801098
1.15955                  1                        1                        1                        7                        0.14285714285714285      5.321295180546864E-13    5.365570994410051E-13    0.25                     5.0E10                   2700                     4925.494504599338        2679.243619866269        2502.294445801098
1.15955                  1                        1                        1                        7.1                      0.14084507042253522      5.316430483716918E-13    5.36160099255129E-13     0.25                     5.0E10                   2700                     4925.494504599338        2679.243619866269        2502.294445801098
1.15955                  1                        1                        1                        7.2                      0.1388888888888889       5.311916530916769E-13    5.357856019077312E-13    0.25                     5.0E10                   2700                     4925.494504599338        2679.243619866269        2502.294445801098
1.15955                  1                        1                        1                        7.3                      0.13698630136986303      5.30775079769282E-13     5.354341532815566E-13    0.25                     5.0E10                   2700                     4925.494504599338        2679.243619866269        2502.294445801098
1.15955                  1                        1                        1                        7.4                      0.13513513513513514      5.303927599692234E-13    5.351059715037342E-13    0.25                     5.0E10                   2700                     4925.494504599338        2679.243619866269        2502.294445801098
1.15955                  1                        1                        1                        7.5                      0.13333333333333333      5.300438695837674E-13    5.348010003217844E-13    0.25                     5.0E10                   2700                     4925.494504599338        2679.243619866269        2502.294445801098
1.15955                  1                        1                        1                        7.6                      0.13157894736842105      5.297278925013142E-13    5.345194625092538E-13    0.25                     5.0E10                   2700                     4925.494504599338        2679.243619866269        2502.294445801098
1.15955                  1                        1                        1                        7.7                      0.12987012987012989      5.294426526217003E-13    5.342599053806071E-13    0.25                     5.0E10                   2700                     4925.494504599338        2679.243619866269        2502.294445801098
1.15955                  1                        1                        1                        7.8                      0.12820512820512822      5.291873319706872E-13    5.340221936141489E-13    0.25                     5.0E10                   2700                     4925.494504599338        2679.243619866269        2502.294445801098
1.15955                  1                        1                        1                        7.9                      0.12658227848101267      5.289605471049157E-13    5.338055963995853E-13    0.25                     5.0E10                   2700                     4925.494504599338        2679.243619866269        2502.294445801098
1.15955                  1                        1                        1                        8                        0.125                    5.287608603461675E-13    5.336092950941788E-13    0.25                     5.0E10                   2700                     4925.494504599338        2679.243619866269        2502.294445801098
1.15955                  1                        1                        1                        8.1                      0.1234567901234568       5.285868040203712E-13    5.334324069996205E-13    0.25                     5.0E10                   2700                     4925.494504599338        2679.243619866269        2502.294445801098
1.15955                  1                        1                        1                        8.2                      0.12195121951219513      5.284369005321585E-13    5.332740055161423E-13    0.25                     5.0E10                   2700                     4925.494504599338        2679.243619866269        2502.294445801098
1.15955                  1                        1                        1                        8.3                      0.12048192771084336      5.283096789693187E-13    5.331331371814336E-13    0.25                     5.0E10                   2700                     4925.494504599338        2679.243619866269        2502.294445801098
1.15955                  1                        1                        1                        8.4                      0.11904761904761904      5.282036885671052E-13    5.330088358943863E-13    0.25                     5.0E10                   2700                     4925.494504599338        2679.243619866269        2502.294445801098
1.15955                  1                        1                        1                        8.5                      0.11764705882352941      5.281175095222773E-13    5.329001347007668E-13    0.25                     5.0E10                   2700                     4925.494504599338        2679.243619866269        2502.294445801098
1.15955                  1                        1                        1                        8.6                      0.11627906976744186      5.280497615049413E-13    5.328060754561304E-13    0.25                     5.0E10                   2700                     4925.494504599338        2679.243619866269        2502.294445801098
1.15955                  1                        1                        1                        8.7                      0.11494252873563218      5.279991101938983E-13    5.327257166299166E-13    0.25                     5.0E10                   2700                     4925.494504599338        2679.243619866269        2502.294445801098
1.15955                  1                        1                        1                        8.8                      0.11363636363636362      5.279642721534523E-13    5.32658139523933E-13     0.25                     5.0E10                   2700                     4925.494504599338        2679.243619866269        2502.294445801098
1.15955                  1                        1                        1                        8.9                      0.11235955056179775      5.279440182956596E-13    5.326024531265566E-13    0.25                     5.0E10                   2700                     4925.494504599338        2679.243619866269        2502.294445801098
1.15955                  1                        1                        1                        9                        0.11111111111111112      5.279371761885625E-13    5.325577978212305E-13    0.25                     5.0E10                   2700                     4925.494504599338        2679.243619866269        2502.294445801098
1.15955                  1                        1                        1                        9.1                      0.1098901098901099       5.27942631325232E-13     5.325233480771063E-13    0.25                     5.0E10                   2700                     4925.494504599338        2679.243619866269        2502.294445801098
1.15955                  1                        1                        1                        9.2                      0.10869565217391305      5.279593276188484E-13    5.324983143313666E-13    0.25                     5.0E10                   2700                     4925.494504599338        2679.243619866269        2502.294445801098
1.15955                  1                        1                        1                        9.3                      0.10752688172043011      5.279862672547012E-13    5.324819441884442E-13    0.25                     5.0E10                   2700                     4925.494504599338        2679.243619866269        2502.294445801098
1.15955                  1                        1                        1                        9.4                      0.10638297872340426      5.280225099296119E-13    5.324735230034742E-13    0.25                     5.0E10                   2700                     4925.494504599338        2679.243619866269        2502.294445801098
1.15955                  1                        1                        1                        9.5                      0.10526315789473685      5.280671717635058E-13    5.32472374036302E-13     0.25                     5.0E10                   2700                     4925.494504599338        2679.243619866269        2502.294445801098
1.15955                  1                        1                        1                        9.6                      0.10416666666666667      5.281194237592166E-13    5.324778581700079E-13    0.25                     5.0E10                   2700                     4925.494504599338        2679.243619866269        2502.294445801098
1.15955                  1                        1                        1                        9.700000000000001        0.1030927835051546       5.281784900987935E-13    5.324893733511045E-13    0.25                     5.0E10                   2700                     4925.494504599338        2679.243619866269        2502.294445801098
1.15955                  1                        1                        1                        9.8                      0.10204081632653059      5.282436462257174E-13    5.325063537803864E-13    0.25                     5.0E10                   2700                     4925.494504599338        2679.243619866269        2502.294445801098
1.15955                  1                        1                        1                        9.9                      0.101010101010101        5.283142167305297E-13    5.325282688716994E-13    0.25                     5.0E10                   2700                     4925.494504599338        2679.243619866269        2502.294445801098
1.15955                  1                        1                        1                        10                       0.1                      5.284518125897306E-13    5.325929349654475E-13    0.25                     5.0E10                   2700                     4925.494504599338        2679.243619866269        2502.294445801098
