1.1141                   1                        1                        1                        0.1                      10                       5.331351450856051E-13    5.331375703064071E-13    0.25                     5.0E10                   2700                     4857.1531598680585       2691.1227643976035       2502.294445801098
1.1141                   1                        1                        1                        0.2                      5                        5.334810513035531E-13    5.331468928185723E-13    0.25                     5.0E10                   2700                     4857.1531598680585       2691.1227643976035       2502.294445801098
1.1141                   1                        1                        1                        0.30000000000000004      3.3333333333333326       5.366602884018316E-13    5.363080699048281E-13    0.25                     5.0E10                   2700                     4857.1531598680585       2691.1227643976035       2502.294445801098
1.1141                   1                        1                        1                        0.4                      2.5                      5.329083233837232E-13    5.331732194772689E-13    0.25                     5.0E10                   2700                     4857.1531598680585       2691.1227643976035       2502.294445801098
1.1141                   1                        1                        1                        0.5                      2                        5.331714249067628E-13    5.331161869642492E-13    0.25                     5.0E10                   2700                     4857.1531598680585       2691.1227643976035       2502.294445801098
1.1141                   1                        1                        1                        0.6                      1.6666666666666667       5.36607887157115E-13     5.363694198663398E-13    0.25                     5.0E10                   2700                     4857.1531598680585       2691.1227643976035       2502.294445801098
1.1141                   1                        1                        1                        0.7000000000000001       1.4285714285714284       5.375958442510887E-13    5.370085361677545E-13    0.25                     5.0E10                   2700                     4857.1531598680585       2691.1227643976035       2502.294445801098
1.1141                   1                        1                        1                        0.8                      1.25                     5.347235867756514E-13    5.325837508470284E-13    0.25                     5.0E10                   2700                     4857.1531598680585       2691.1227643976035       2502.294445801098
1.1141                   1                        1                        1                        0.9                      1.1111111111111112       5.323087666414716E-13    5.328367594994706E-13    0.25                     5.0E10                   2700                     4857.1531598680585       2691.1227643976035       2502.294445801098
1.1141                   1                        1                        1                        1                        1                        5.339162815740873E-13    5.319651909616514E-13    0.25                     5.0E10                   2700                     4857.1531598680585       2691.1227643976035       2502.294445801098
1.1141                   1                        1                        1                        1.1                      0.909090909090909        5.331224907172773E-13    5.342522216475823E-13    0.25                     5.0E10                   2700                     4857.1531598680585       2691.1227643976035       2502.294445801098
1.1141                   1                        1                        1                        1.2000000000000002       0.8333333333333331       5.326449796365033E-13    5.348770635948414E-13    0.25                     5.0E10                   2700                     4857.1531598680585       2691.1227643976035       2502.294445801098
1.1141                   1                        1                        1                        1.3000000000000003       0.769230769230769        5.324284475925146E-13    5.330328353888879E-13    0.25                     5.0E10                   2700                     4857.1531598680585       2691.1227643976035       2502.294445801098
1.1141                   1                        1                        1                        1.4000000000000001       0.7142857142857142       5.325253635345245E-13    5.338833376371511E-13    0.25                     5.0E10                   2700                     4857.1531598680585       2691.1227643976035       2502.294445801098
1.1141                   1                        1                        1                        1.5000000000000002       0.6666666666666665       5.305577647780028E-13    5.345544193101929E-13    0.25                     5.0E10                   2700                     4857.1531598680585       2691.1227643976035       2502.294445801098
1.1141                   1                        1                        1                        1.6                      0.625                    5.259973618069356E-13    5.316975330135569E-13    0.25                     5.0E10                   2700                     4857.1531598680585       2691.1227643976035       2502.294445801098
1.1141                   1                        1                        1                        1.7000000000000002       0.588235294117647        5.292115404034136E-13    5.347410487800775E-13    0.25                     5.0E10                   2700                     4857.1531598680585       2691.1227643976035       2502.294445801098
1.1141                   1                        1                        1                        1.8000000000000003       0.5555555555555555       5.323963901792291E-13    5.365685784701151E-13    0.25                     5.0E10                   2700                     4857.1531598680585       2691.1227643976035       2502.294445801098
1.1141                   1                        1                        1                        1.9000000000000001       0.5263157894736842       5.314533029779084E-13    5.340977929309496E-13    0.25                     5.0E10                   2700                     4857.1531598680585       2691.1227643976035       2502.294445801098
1.1141                   1                        1                        1                        2                        0.5                      5.307196365932109E-13    5.322965114773398E-13    0.25                     5.0E10                   2700                     4857.1531598680585       2691.1227643976035       2502.294445801098
1.1141                   1                        1                        1                        2.1                      0.47619047619047616      5.323472081538277E-13    5.335722063394971E-13    0.25                     5.0E10                   2700                     4857.1531598680585       2691.1227643976035       2502.294445801098
1.1141                   1                        1                        1                        2.2                      0.4545454545454545       5.34625920643687E-13     5.361383130559334E-13    0.25                     5.0E10                   2700                     4857.1531598680585       2691.1227643976035       2502.294445801098
1.1141                   1                        1                        1                        2.3000000000000003       0.43478260869565216      5.353460017285063E-13    5.375033516080308E-13    0.25                     5.0E10                   2700                     4857.1531598680585       2691.1227643976035       2502.294445801098
1.1141                   1                        1                        1                        2.4000000000000004       0.4166666666666666       5.341325925954153E-13    5.369648010305272E-13    0.25                     5.0E10                   2700                     4857.1531598680585       2691.1227643976035       2502.294445801098
1.1141                   1                        1                        1                        2.5000000000000004       0.3999999999999999       5.321591947742397E-13    5.353955721361513E-13    0.25                     5.0E10                   2700                     4857.1531598680585       2691.1227643976035       2502.294445801098
1.1141                   1                        1                        1                        2.6                      0.3846153846153846       5.305505775274636E-13    5.33973044702456E-13     0.25                     5.0E10                   2700                     4857.1531598680585       2691.1227643976035       2502.294445801098
1.1141                   1                        1                        1                        2.7                      0.37037037037037035      5.300396007413793E-13    5.333735848840444E-13    0.25                     5.0E10                   2700                     4857.1531598680585       2691.1227643976035       2502.294445801098
1.1141                   1                        1                        1                        2.8000000000000003       0.3571428571428571       5.306303985828978E-13    5.336607693042488E-13    0.25                     5.0E10                   2700                     4857.1531598680585       2691.1227643976035       2502.294445801098
1.1141                   1                        1                        1                        2.9000000000000004       0.3448275862068965       5.319359918530697E-13    5.345169562996196E-13    0.25                     5.0E10                   2700                     4857.1531598680585       2691.1227643976035       2502.294445801098
1.1141                   1                        1                        1                        3.0000000000000004       0.33333333333333326      5.33474681596424E-13     5.355212664295386E-13    0.25                     5.0E10                   2700                     4857.1531598680585       2691.1227643976035       2502.294445801098
1.1141                   1                        1                        1                        3.1                      0.32258064516129037      5.348635214291531E-13    5.363373667606566E-13    0.25                     5.0E10                   2700                     4857.1531598680585       2691.1227643976035       2502.294445801098
1.1141                   1                        1                        1                        3.2                      0.3125                   5.358943440727129E-13    5.367903584769816E-13    0.25                     5.0E10                   2700                     4857.1531598680585       2691.1227643976035       2502.294445801098
1.1141                   1                        1                        1                        3.3000000000000003       0.30303030303030304      5.365239912677407E-13    5.368600216316789E-13    0.25                     5.0E10                   2700                     4857.1531598680585       2691.1227643976035       2502.294445801098
1.1141                   1                        1                        1                        3.4000000000000004       0.2941176470588235       5.369210973224552E-13    5.367468103537823E-13    0.25                     5.0E10                   2700                     4857.1531598680585       2691.1227643976035       2502.294445801098
1.1141                   1                        1                        1                        3.5000000000000004       0.2857142857142857       5.369990168459879E-13    5.363439406398433E-13    0.25                     5.0E10                   2700                     4857.1531598680585       2691.1227643976035       2502.294445801098
1.1141                   1                        1                        1                        3.6                      0.2777777777777778       5.369990380018966E-13    5.35916320476663E-13     0.25                     5.0E10                   2700                     4857.1531598680585       2691.1227643976035       2502.294445801098
1.1141                   1                        1                        1                        3.7                      0.2702702702702703       5.37026028785706E-13     5.355750088605237E-13    0.25                     5.0E10                   2700                     4857.1531598680585       2691.1227643976035       2502.294445801098
1.1141                   1                        1                        1                        3.8000000000000003       0.2631578947368421       5.371490958880066E-13    5.353935812511736E-13    0.25                     5.0E10                   2700                     4857.1531598680585       2691.1227643976035       2502.294445801098
1.1141                   1                        1                        1                        3.9000000000000004       0.2564102564102564       5.374008830078934E-13    5.354075975243737E-13    0.25                     5.0E10                   2700                     4857.1531598680585       2691.1227643976035       2502.294445801098
1.1141                   1                        1                        1                        4                        0.25                     5.377835895887695E-13    5.356204872987503E-13    0.25                     5.0E10                   2700                     4857.1531598680585       2691.1227643976035       2502.294445801098
1.1141                   1                        1                        1                        4.1                      0.24390243902439027      5.382773078095125E-13    5.360119585017881E-13    0.25                     5.0E10                   2700                     4857.1531598680585       2691.1227643976035       2502.294445801098
1.1141                   1                        1                        1                        4.2                      0.23809523809523808      5.388486061629308E-13    5.36546625257804E-13     0.25                     5.0E10                   2700                     4857.1531598680585       2691.1227643976035       2502.294445801098
1.1141                   1                        1                        1                        4.3                      0.23255813953488372      5.394579185890894E-13    5.371815338516408E-13    0.25                     5.0E10                   2700                     4857.1531598680585       2691.1227643976035       2502.294445801098
1.1141                   1                        1                        1                        4.3999999999999995       0.22727272727272732      5.40065253931033E-13     5.378720771252996E-13    0.25                     5.0E10                   2700                     4857.1531598680585       2691.1227643976035       2502.294445801098
1.1141                   1                        1                        1                        4.5                      0.22222222222222224      5.406341761118916E-13    5.385762281884506E-13    0.25                     5.0E10                   2700                     4857.1531598680585       2691.1227643976035       2502.294445801098
1.1141                   1                        1                        1                        4.6                      0.2173913043478261       5.41134360016742E-13     5.392573366666076E-13    0.25                     5.0E10                   2700                     4857.1531598680585       2691.1227643976035       2502.294445801098
1.1141                   1                        1                        1                        4.7                      0.2127659574468085       5.415423273095962E-13    5.398853013021777E-13    0.25                     5.0E10                   2700                     4857.1531598680585       2691.1227643976035       2502.294445801098
1.1141                   1                        1                        1                        4.8                      0.20833333333333334      5.418423471942735E-13    5.404374977851834E-13    0.25                     5.0E10                   2700                     4857.1531598680585       2691.1227643976035       2502.294445801098
1.1141                   1                        1                        1                        4.9                      0.20408163265306117      5.42025601912658E-13     5.408983373923992E-13    0.25                     5.0E10                   2700                     4857.1531598680585       2691.1227643976035       2502.294445801098
1.1141                   1                        1                        1                        5                        0.2                      5.421889031129929E-13    5.41353554527822E-13     0.25                     5.0E10                   2700                     4857.1531598680585       2691.1227643976035       2502.294445801098
1.1141                   1                        1                        1                        5.1                      0.19607843137254904      5.421261373962346E-13    5.41600355910192E-13     0.25                     5.0E10                   2700                     4857.1531598680585       2691.1227643976035       2502.294445801098
1.1141                   1                        1                        1                        5.2                      0.1923076923076923       5.419540290544664E-13    5.417451086634314E-13    0.25                     5.0E10                   2700                     4857.1531598680585       2691.1227643976035       2502.294445801098
1.1141                   1                        1                        1                        5.3                      0.18867924528301888      5.416820066293894E-13    5.417923407627935E-13    0.25                     5.0E10                   2700                     4857.1531598680585       2691.1227643976035       2502.294445801098
1.1141                   1                        1                        1                        5.4                      0.18518518518518517      5.413214685695771E-13    5.417491694393662E-13    0.25                     5.0E10                   2700                     4857.1531598680585       2691.1227643976035       2502.294445801098
1.1141                   1                        1                        1                        5.5                      0.18181818181818182      5.408849419191091E-13    5.416244652227842E-13    0.25                     5.0E10                   2700                     4857.1531598680585       2691.1227643976035       2502.294445801098
1.1141                   1                        1                        1                        5.6                      0.17857142857142858      5.40385387916501E-13     5.41428140294814E-13     0.25                     5.0E10                   2700                     4857.1531598680585       2691.1227643976035       2502.294445801098
1.1141                   1                        1                        1                        5.7                      0.17543859649122806      5.398358311638045E-13    5.41170755189344E-13     0.25                     5.0E10                   2700                     4857.1531598680585       2691.1227643976035       2502.294445801098
1.1141                   1                        1                        1                        5.8                      0.1724137931034483       5.392482445540837E-13    5.408623160434055E-13    0.25                     5.0E10                   2700                     4857.1531598680585       2691.1227643976035       2502.294445801098
1.1141                   1                        1                        1                        5.9                      0.1694915254237288       5.386343036832945E-13    5.405130363670297E-13    0.25                     5.0E10                   2700                     4857.1531598680585       2691.1227643976035       2502.294445801098
1.1141                   1                        1                        1                        6                        0.16666666666666666      5.380045031439005E-13    5.401323627934123E-13    0.25                     5.0E10                   2700                     4857.1531598680585       2691.1227643976035       2502.294445801098
1.1141                   1                        1                        1                        6.1                      0.16393442622950818      5.373682209954539E-13    5.397289925604329E-13    0.25                     5.0E10                   2700                     4857.1531598680585       2691.1227643976035       2502.294445801098
1.1141                   1                        1                        1                        6.2                      0.16129032258064518      5.367336762406246E-13    5.393107778467019E-13    0.25                     5.0E10                   2700                     4857.1531598680585       2691.1227643976035       2502.294445801098
1.1141                   1                        1                        1                        6.3                      0.15873015873015872      5.361079355578807E-13    5.38884682663636E-13     0.25                     5.0E10                   2700                     4857.1531598680585       2691.1227643976035       2502.294445801098
1.1141                   1                        1                        1                        6.4                      0.15625                  5.354969558844328E-13    5.384567796888281E-13    0.25                     5.0E10                   2700                     4857.1531598680585       2691.1227643976035       2502.294445801098
1.1141                   1                        1                        1                        6.5                      0.15384615384615383      5.349056515283483E-13    5.380322762150422E-13    0.25                     5.0E10                   2700                     4857.1531598680585       2691.1227643976035       2502.294445801098
1.1141                   1                        1                        1                        6.6                      0.15151515151515152      5.343379767596082E-13    5.376155603171763E-13    0.25                     5.0E10                   2700                     4857.1531598680585       2691.1227643976035       2502.294445801098
1.1141                   1                        1                        1                        6.7                      0.1492537313432836       5.337970168933951E-13    5.372102601325211E-13    0.25                     5.0E10                   2700                     4857.1531598680585       2691.1227643976035       2502.294445801098
1.1141                   1                        1                        1                        6.8                      0.14705882352941177      5.332850824488298E-13    5.368193106381287E-13    0.25                     5.0E10                   2700                     4857.1531598680585       2691.1227643976035       2502.294445801098
1.1141                   1                        1                        1                        6.9                      0.14492753623188404      5.328038024772406E-13    5.364450236987668E-13    0.25                     5.0E10                   2700                     4857.1531598680585       2691.1227643976035       2502.294445801098
1.1141                   1                        1                        1                        7                        0.14285714285714285      5.323542143552479E-13    5.360891582681078E-13    0.25                     5.0E10                   2700                     4857.1531598680585       2691.1227643976035       2502.294445801098
1.1141                   1                        1                        1                        7.1                      0.14084507042253522      5.31936848170989E-13     5.357529885175958E-13    0.25                     5.0E10                   2700                     4857.1531598680585       2691.1227643976035       2502.294445801098
1.1141                   1                        1                        1                        7.2                      0.1388888888888889       5.315518046111691E-13    5.354373683709452E-13    0.25                     5.0E10                   2700                     4857.1531598680585       2691.1227643976035       2502.294445801098
1.1141                   1                        1                        1                        7.3                      0.13698630136986303      5.31198825761795E-13     5.351427915118581E-13    0.25                     5.0E10                   2700                     4857.1531598680585       2691.1227643976035       2502.294445801098
1.1141                   1                        1                        1                        7.4                      0.13513513513513514      5.308773586998916E-13    5.348694463455685E-13    0.25                     5.0E10                   2700                     4857.1531598680585       2691.1227643976035       2502.294445801098
1.1141                   1                        1                        1                        7.5                      0.13333333333333333      5.305866118915111E-13    5.346172656683687E-13    0.25                     5.0E10                   2700                     4857.1531598680585       2691.1227643976035       2502.294445801098
1.1141                   1                        1                        1                        7.6                      0.13157894736842105      5.303261116485254E-13    5.343864742312403E-13    0.25                     5.0E10                   2700                     4857.1531598680585       2691.1227643976035       2502.294445801098
1.1141                   1                        1                        1                        7.7                      0.12987012987012989      5.300937466880271E-13    5.341756420347969E-13    0.25                     5.0E10                   2700                     4857.1531598680585       2691.1227643976035       2502.294445801098
1.1141                   1                        1                        1                        7.8                      0.12820512820512822      5.298887607029062E-13    5.339846588292123E-13    0.25                     5.0E10                   2700                     4857.1531598680585       2691.1227643976035       2502.294445801098
1.1141                   1                        1                        1                        7.9                      0.12658227848101267      5.297098421317637E-13    5.338128298962519E-13    0.25                     5.0E10                   2700                     4857.1531598680585       2691.1227643976035       2502.294445801098
1.1141                   1                        1                        1                        8                        0.125                    5.295556298209406E-13    5.336593792798051E-13    0.25                     5.0E10                   2700                     4857.1531598680585       2691.1227643976035       2502.294445801098
1.1141                   1                        1                        1                        8.1                      0.1234567901234568       5.294247358310512E-13    5.335234720859032E-13    0.25                     5.0E10                   2700                     4857.1531598680585       2691.1227643976035       2502.294445801098
1.1141                   1                        1                        1                        8.2                      0.12195121951219513      5.293157643169185E-13    5.334042333845637E-13    0.25                     5.0E10                   2700                     4857.1531598680585       2691.1227643976035       2502.294445801098
1.1141                   1                        1                        1                        8.3                      0.12048192771084336      5.292273271508321E-13    5.333007641989519E-13    0.25                     5.0E10                   2700                     4857.1531598680585       2691.1227643976035       2502.294445801098
1.1141                   1                        1                        1                        8.4                      0.11904761904761904      5.291580565821391E-13    5.33212154848569E-13     0.25                     5.0E10                   2700                     4857.1531598680585       2691.1227643976035       2502.294445801098
1.1141                   1                        1                        1                        8.5                      0.11764705882352941      5.291066153939726E-13    5.331374959985932E-13    0.25                     5.0E10                   2700                     4857.1531598680585       2691.1227643976035       2502.294445801098
1.1141                   1                        1                        1                        8.6                      0.11627906976744186      5.290717048830323E-13    5.330758877124737E-13    0.25                     5.0E10                   2700                     4857.1531598680585       2691.1227643976035       2502.294445801098
1.1141                   1                        1                        1                        8.7                      0.11494252873563218      5.290520709839923E-13    5.330264467579001E-13    0.25                     5.0E10                   2700                     4857.1531598680585       2691.1227643976035       2502.294445801098
1.1141                   1                        1                        1                        8.8                      0.11363636363636362      5.290465088045485E-13    5.329883124089857E-13    0.25                     5.0E10                   2700                     4857.1531598680585       2691.1227643976035       2502.294445801098
1.1141                   1                        1                        1                        8.9                      0.11235955056179775      5.290538658375151E-13    5.329606509693745E-13    0.25                     5.0E10                   2700                     4857.1531598680585       2691.1227643976035       2502.294445801098
1.1141                   1                        1                        1                        9                        0.11111111111111112      5.290730440745749E-13    5.3294265921022E-13      0.25                     5.0E10                   2700                     4857.1531598680585       2691.1227643976035       2502.294445801098
1.1141                   1                        1                        1                        9.1                      0.1098901098901099       5.2910300113861E-13      5.329335668509284E-13    0.25                     5.0E10                   2700                     4857.1531598680585       2691.1227643976035       2502.294445801098
1.1141                   1                        1                        1                        9.2                      0.10869565217391305      5.291427506793898E-13    5.329326382727599E-13    0.25                     5.0E10                   2700                     4857.1531598680585       2691.1227643976035       2502.294445801098
1.1141                   1                        1                        1                        9.3                      0.10752688172043011      5.29191362166488E-13     5.329391735913708E-13    0.25                     5.0E10                   2700                     4857.1531598680585       2691.1227643976035       2502.294445801098
1.1141                   1                        1                        1                        9.4                      0.10638297872340426      5.292479600981895E-13    5.329525091475159E-13    0.25                     5.0E10                   2700                     4857.1531598680585       2691.1227643976035       2502.294445801098
1.1141                   1                        1                        1                        9.5                      0.10526315789473685      5.293117229074621E-13    5.329720175943758E-13    0.25                     5.0E10                   2700                     4857.1531598680585       2691.1227643976035       2502.294445801098
1.1141                   1                        1                        1                        9.6                      0.10416666666666667      5.293818814334222E-13    5.329971075725347E-13    0.25                     5.0E10                   2700                     4857.1531598680585       2691.1227643976035       2502.294445801098
1.1141                   1                        1                        1                        9.700000000000001        0.1030927835051546       5.294577172468546E-13    5.330272231256707E-13    0.25                     5.0E10                   2700                     4857.1531598680585       2691.1227643976035       2502.294445801098
1.1141                   1                        1                        1                        9.8                      0.10204081632653059      5.295385607754337E-13    5.330618428837992E-13    0.25                     5.0E10                   2700                     4857.1531598680585       2691.1227643976035       2502.294445801098
1.1141                   1                        1                        1                        9.9                      0.101010101010101        5.296237892386875E-13    5.331004790256365E-13    0.25                     5.0E10                   2700                     4857.1531598680585       2691.1227643976035       2502.294445801098
1.1141                   1                        1                        1                        10                       0.1                      5.297770309319174E-13    5.331826730601693E-13    0.25                     5.0E10                   2700                     4857.1531598680585       2691.1227643976035       2502.294445801098
