1.06861                  1                        1                        1                        0.1                      10                       5.331347767694239E-13    5.331372925029792E-13    0.25                     5.0E10                   2700                     4795.6192574418565       2703.171997512057        2502.294445801098
1.06861                  1                        1                        1                        0.2                      5                        5.334817641508752E-13    5.331473318219532E-13    0.25                     5.0E10                   2700                     4795.6192574418565       2703.171997512057        2502.294445801098
1.06861                  1                        1                        1                        0.30000000000000004      3.3333333333333326       5.366596318916378E-13    5.363079849105944E-13    0.25                     5.0E10                   2700                     4795.6192574418565       2703.171997512057        2502.294445801098
1.06861                  1                        1                        1                        0.4                      2.5                      5.329139172206865E-13    5.33178158631426E-13     0.25                     5.0E10                   2700                     4795.6192574418565       2703.171997512057        2502.294445801098
1.06861                  1                        1                        1                        0.5                      2                        5.331650536837877E-13    5.331361044585494E-13    0.25                     5.0E10                   2700                     4795.6192574418565       2703.171997512057        2502.294445801098
1.06861                  1                        1                        1                        0.6                      1.6666666666666667       5.365866939993267E-13    5.364386672618419E-13    0.25                     5.0E10                   2700                     4795.6192574418565       2703.171997512057        2502.294445801098
1.06861                  1                        1                        1                        0.7000000000000001       1.4285714285714284       5.375063946875782E-13    5.371510252388282E-13    0.25                     5.0E10                   2700                     4795.6192574418565       2703.171997512057        2502.294445801098
1.06861                  1                        1                        1                        0.8                      1.25                     5.346658118266205E-13    5.328643886617527E-13    0.25                     5.0E10                   2700                     4795.6192574418565       2703.171997512057        2502.294445801098
1.06861                  1                        1                        1                        0.9                      1.1111111111111112       5.323491147414108E-13    5.331914558912765E-13    0.25                     5.0E10                   2700                     4795.6192574418565       2703.171997512057        2502.294445801098
1.06861                  1                        1                        1                        1                        1                        5.342676068561382E-13    5.324396193347984E-13    0.25                     5.0E10                   2700                     4795.6192574418565       2703.171997512057        2502.294445801098
1.06861                  1                        1                        1                        1.1                      0.909090909090909        5.339344663421539E-13    5.349217201282647E-13    0.25                     5.0E10                   2700                     4795.6192574418565       2703.171997512057        2502.294445801098
1.06861                  1                        1                        1                        1.2000000000000002       0.8333333333333331       5.337968310814205E-13    5.355664784281624E-13    0.25                     5.0E10                   2700                     4795.6192574418565       2703.171997512057        2502.294445801098
1.06861                  1                        1                        1                        1.3000000000000003       0.769230769230769        5.339023929897805E-13    5.336751680241301E-13    0.25                     5.0E10                   2700                     4795.6192574418565       2703.171997512057        2502.294445801098
1.06861                  1                        1                        1                        1.4000000000000001       0.7142857142857142       5.345782747793435E-13    5.347643711430659E-13    0.25                     5.0E10                   2700                     4795.6192574418565       2703.171997512057        2502.294445801098
1.06861                  1                        1                        1                        1.5000000000000002       0.6666666666666665       5.329031992705497E-13    5.355118036767442E-13    0.25                     5.0E10                   2700                     4795.6192574418565       2703.171997512057        2502.294445801098
1.06861                  1                        1                        1                        1.6                      0.625                    5.282928561045772E-13    5.32487705880274E-13     0.25                     5.0E10                   2700                     4795.6192574418565       2703.171997512057        2502.294445801098
1.06861                  1                        1                        1                        1.7000000000000002       0.588235294117647        5.314251573836757E-13    5.353639538513813E-13    0.25                     5.0E10                   2700                     4795.6192574418565       2703.171997512057        2502.294445801098
1.06861                  1                        1                        1                        1.8000000000000003       0.5555555555555555       5.345852103753956E-13    5.371326383932283E-13    0.25                     5.0E10                   2700                     4795.6192574418565       2703.171997512057        2502.294445801098
1.06861                  1                        1                        1                        1.9000000000000001       0.5263157894736842       5.336316015600356E-13    5.346893097441295E-13    0.25                     5.0E10                   2700                     4795.6192574418565       2703.171997512057        2502.294445801098
1.06861                  1                        1                        1                        2                        0.5                      5.328179297296345E-13    5.329053170892323E-13    0.25                     5.0E10                   2700                     4795.6192574418565       2703.171997512057        2502.294445801098
1.06861                  1                        1                        1                        2.1                      0.47619047619047616      5.342399935795565E-13    5.34114587979225E-13     0.25                     5.0E10                   2700                     4795.6192574418565       2703.171997512057        2502.294445801098
1.06861                  1                        1                        1                        2.2                      0.4545454545454545       5.362038153273164E-13    5.365311868213511E-13    0.25                     5.0E10                   2700                     4795.6192574418565       2703.171997512057        2502.294445801098
1.06861                  1                        1                        1                        2.3000000000000003       0.43478260869565216      5.365769687441817E-13    5.37722957459903E-13     0.25                     5.0E10                   2700                     4795.6192574418565       2703.171997512057        2502.294445801098
1.06861                  1                        1                        1                        2.4000000000000004       0.4166666666666666       5.350714357605325E-13    5.37056650521112E-13     0.25                     5.0E10                   2700                     4795.6192574418565       2703.171997512057        2502.294445801098
1.06861                  1                        1                        1                        2.5000000000000004       0.3999999999999999       5.329102592819216E-13    5.354429263814868E-13    0.25                     5.0E10                   2700                     4795.6192574418565       2703.171997512057        2502.294445801098
1.06861                  1                        1                        1                        2.6                      0.3846153846153846       5.312153122303052E-13    5.340541456545181E-13    0.25                     5.0E10                   2700                     4795.6192574418565       2703.171997512057        2502.294445801098
1.06861                  1                        1                        1                        2.7                      0.37037037037037035      5.306934456026564E-13    5.335416884482825E-13    0.25                     5.0E10                   2700                     4795.6192574418565       2703.171997512057        2502.294445801098
1.06861                  1                        1                        1                        2.8000000000000003       0.3571428571428571       5.313129808350353E-13    5.339371112351386E-13    0.25                     5.0E10                   2700                     4795.6192574418565       2703.171997512057        2502.294445801098
1.06861                  1                        1                        1                        2.9000000000000004       0.3448275862068965       5.326540441840777E-13    5.348938556035525E-13    0.25                     5.0E10                   2700                     4795.6192574418565       2703.171997512057        2502.294445801098
1.06861                  1                        1                        1                        3.0000000000000004       0.33333333333333326      5.342098953436857E-13    5.35969299408389E-13     0.25                     5.0E10                   2700                     4795.6192574418565       2703.171997512057        2502.294445801098
1.06861                  1                        1                        1                        3.1                      0.32258064516129037      5.35581928100355E-13     5.368138580375067E-13    0.25                     5.0E10                   2700                     4795.6192574418565       2703.171997512057        2502.294445801098
1.06861                  1                        1                        1                        3.2                      0.3125                   5.36555290730385E-13     5.37247548983221E-13     0.25                     5.0E10                   2700                     4795.6192574418565       2703.171997512057        2502.294445801098
1.06861                  1                        1                        1                        3.3000000000000003       0.30303030303030304      5.370874306084657E-13    5.372517452176894E-13    0.25                     5.0E10                   2700                     4795.6192574418565       2703.171997512057        2502.294445801098
1.06861                  1                        1                        1                        3.4000000000000004       0.2941176470588235       5.373507213645849E-13    5.370311169705466E-13    0.25                     5.0E10                   2700                     4795.6192574418565       2703.171997512057        2502.294445801098
1.06861                  1                        1                        1                        3.5000000000000004       0.2857142857142857       5.372701400371338E-13    5.36491035618341E-13     0.25                     5.0E10                   2700                     4795.6192574418565       2703.171997512057        2502.294445801098
1.06861                  1                        1                        1                        3.6                      0.2777777777777778       5.370946616746557E-13    5.359041623275874E-13    0.25                     5.0E10                   2700                     4795.6192574418565       2703.171997512057        2502.294445801098
1.06861                  1                        1                        1                        3.7                      0.2702702702702703       5.369378068719757E-13    5.353903447860349E-13    0.25                     5.0E10                   2700                     4795.6192574418565       2703.171997512057        2502.294445801098
1.06861                  1                        1                        1                        3.8000000000000003       0.2631578947368421       5.368763042258922E-13    5.350309132398302E-13    0.25                     5.0E10                   2700                     4795.6192574418565       2703.171997512057        2502.294445801098
1.06861                  1                        1                        1                        3.9000000000000004       0.2564102564102564       5.369491476346608E-13    5.348679342636229E-13    0.25                     5.0E10                   2700                     4795.6192574418565       2703.171997512057        2502.294445801098
1.06861                  1                        1                        1                        4                        0.25                     5.371635925757927E-13    5.349100949890745E-13    0.25                     5.0E10                   2700                     4795.6192574418565       2703.171997512057        2502.294445801098
1.06861                  1                        1                        1                        4.1                      0.24390243902439027      5.375035921820382E-13    5.351412159196716E-13    0.25                     5.0E10                   2700                     4795.6192574418565       2703.171997512057        2502.294445801098
1.06861                  1                        1                        1                        4.2                      0.23809523809523808      5.379385109070984E-13    5.35529010978287E-13     0.25                     5.0E10                   2700                     4795.6192574418565       2703.171997512057        2502.294445801098
1.06861                  1                        1                        1                        4.3                      0.23255813953488372      5.384306477351851E-13    5.360327436148511E-13    0.25                     5.0E10                   2700                     4795.6192574418565       2703.171997512057        2502.294445801098
1.06861                  1                        1                        1                        4.3999999999999995       0.22727272727272732      5.389410707772421E-13    5.366092582647188E-13    0.25                     5.0E10                   2700                     4795.6192574418565       2703.171997512057        2502.294445801098
1.06861                  1                        1                        1                        4.5                      0.22222222222222224      5.39433712761988E-13     5.372173183559656E-13    0.25                     5.0E10                   2700                     4795.6192574418565       2703.171997512057        2502.294445801098
1.06861                  1                        1                        1                        4.6                      0.2173913043478261       5.398780334551993E-13    5.378204974676592E-13    0.25                     5.0E10                   2700                     4795.6192574418565       2703.171997512057        2502.294445801098
1.06861                  1                        1                        1                        4.7                      0.2127659574468085       5.402498648478311E-13    5.383884438705708E-13    0.25                     5.0E10                   2700                     4795.6192574418565       2703.171997512057        2502.294445801098
1.06861                  1                        1                        1                        4.8                      0.20833333333333334      5.405324021364991E-13    5.388978925051546E-13    0.25                     5.0E10                   2700                     4795.6192574418565       2703.171997512057        2502.294445801098
1.06861                  1                        1                        1                        4.9                      0.20408163265306117      5.407154691579318E-13    5.393323083278035E-13    0.25                     5.0E10                   2700                     4795.6192574418565       2703.171997512057        2502.294445801098
1.06861                  1                        1                        1                        5                        0.2                      5.408942994682403E-13    5.397761405319228E-13    0.25                     5.0E10                   2700                     4795.6192574418565       2703.171997512057        2502.294445801098
1.06861                  1                        1                        1                        5.1                      0.19607843137254904      5.40861546453794E-13     5.40025907073037E-13     0.25                     5.0E10                   2700                     4795.6192574418565       2703.171997512057        2502.294445801098
1.06861                  1                        1                        1                        5.2                      0.1923076923076923       5.407317237652804E-13    5.401859644137052E-13    0.25                     5.0E10                   2700                     4795.6192574418565       2703.171997512057        2502.294445801098
1.06861                  1                        1                        1                        5.3                      0.18867924528301888      5.40512544905888E-13     5.402593916531854E-13    0.25                     5.0E10                   2700                     4795.6192574418565       2703.171997512057        2502.294445801098
1.06861                  1                        1                        1                        5.4                      0.18518518518518517      5.402137464422072E-13    5.402518687121532E-13    0.25                     5.0E10                   2700                     4795.6192574418565       2703.171997512057        2502.294445801098
1.06861                  1                        1                        1                        5.5                      0.18181818181818182      5.398462809108777E-13    5.401708760545743E-13    0.25                     5.0E10                   2700                     4795.6192574418565       2703.171997512057        2502.294445801098
1.06861                  1                        1                        1                        5.6                      0.17857142857142858      5.394216464438245E-13    5.40025009635992E-13     0.25                     5.0E10                   2700                     4795.6192574418565       2703.171997512057        2502.294445801098
1.06861                  1                        1                        1                        5.7                      0.17543859649122806      5.389515278245763E-13    5.398236036266106E-13    0.25                     5.0E10                   2700                     4795.6192574418565       2703.171997512057        2502.294445801098
1.06861                  1                        1                        1                        5.8                      0.1724137931034483       5.384467018795462E-13    5.395755485230695E-13    0.25                     5.0E10                   2700                     4795.6192574418565       2703.171997512057        2502.294445801098
1.06861                  1                        1                        1                        5.9                      0.1694915254237288       5.379177744300913E-13    5.392900443924177E-13    0.25                     5.0E10                   2700                     4795.6192574418565       2703.171997512057        2502.294445801098
1.06861                  1                        1                        1                        6                        0.16666666666666666      5.373743063620235E-13    5.389756368495726E-13    0.25                     5.0E10                   2700                     4795.6192574418565       2703.171997512057        2502.294445801098
1.06861                  1                        1                        1                        6.1                      0.16393442622950818      5.368248687421075E-13    5.386402297016058E-13    0.25                     5.0E10                   2700                     4795.6192574418565       2703.171997512057        2502.294445801098
1.06861                  1                        1                        1                        6.2                      0.16129032258064518      5.362769918639944E-13    5.38290984231659E-13     0.25                     5.0E10                   2700                     4795.6192574418565       2703.171997512057        2502.294445801098
1.06861                  1                        1                        1                        6.3                      0.15873015873015872      5.357371622091705E-13    5.379342693618402E-13    0.25                     5.0E10                   2700                     4795.6192574418565       2703.171997512057        2502.294445801098
1.06861                  1                        1                        1                        6.4                      0.15625                  5.352108546198422E-13    5.375756507581784E-13    0.25                     5.0E10                   2700                     4795.6192574418565       2703.171997512057        2502.294445801098
1.06861                  1                        1                        1                        6.5                      0.15384615384615383      5.347025888825207E-13    5.37219908575289E-13     0.25                     5.0E10                   2700                     4795.6192574418565       2703.171997512057        2502.294445801098
1.06861                  1                        1                        1                        6.6                      0.15151515151515152      5.342160020594351E-13    5.368710753422717E-13    0.25                     5.0E10                   2700                     4795.6192574418565       2703.171997512057        2502.294445801098
1.06861                  1                        1                        1                        6.7                      0.1492537313432836       5.337539298372061E-13    5.365324871712826E-13    0.25                     5.0E10                   2700                     4795.6192574418565       2703.171997512057        2502.294445801098
1.06861                  1                        1                        1                        6.8                      0.14705882352941177      5.333184916439001E-13    5.362068428676647E-13    0.25                     5.0E10                   2700                     4795.6192574418565       2703.171997512057        2502.294445801098
1.06861                  1                        1                        1                        6.9                      0.14492753623188404      5.329111757155823E-13    5.358962668385492E-13    0.25                     5.0E10                   2700                     4795.6192574418565       2703.171997512057        2502.294445801098
1.06861                  1                        1                        1                        7                        0.14285714285714285      5.325329214426917E-13    5.356023727496263E-13    0.25                     5.0E10                   2700                     4795.6192574418565       2703.171997512057        2502.294445801098
1.06861                  1                        1                        1                        7.1                      0.14084507042253522      5.321841971223233E-13    5.353263257338813E-13    0.25                     5.0E10                   2700                     4795.6192574418565       2703.171997512057        2502.294445801098
1.06861                  1                        1                        1                        7.2                      0.1388888888888889       5.318650719887707E-13    5.350689016264521E-13    0.25                     5.0E10                   2700                     4795.6192574418565       2703.171997512057        2502.294445801098
1.06861                  1                        1                        1                        7.3                      0.13698630136986303      5.315752818893121E-13    5.348305422697189E-13    0.25                     5.0E10                   2700                     4795.6192574418565       2703.171997512057        2502.294445801098
1.06861                  1                        1                        1                        7.4                      0.13513513513513514      5.313142884225374E-13    5.346114063359082E-13    0.25                     5.0E10                   2700                     4795.6192574418565       2703.171997512057        2502.294445801098
1.06861                  1                        1                        1                        7.5                      0.13333333333333333      5.310813314913947E-13    5.3441141537644E-13      0.25                     5.0E10                   2700                     4795.6192574418565       2703.171997512057        2502.294445801098
1.06861                  1                        1                        1                        7.6                      0.13157894736842105      5.308759791279315E-13    5.342307958745192E-13    0.25                     5.0E10                   2700                     4795.6192574418565       2703.171997512057        2502.294445801098
1.06861                  1                        1                        1                        7.7                      0.12987012987012989      5.306961825883029E-13    5.34068139350912E-13     0.25                     5.0E10                   2700                     4795.6192574418565       2703.171997512057        2502.294445801098
1.06861                  1                        1                        1                        7.8                      0.12820512820512822      5.305412464716398E-13    5.339233601156554E-13    0.25                     5.0E10                   2700                     4795.6192574418565       2703.171997512057        2502.294445801098
1.06861                  1                        1                        1                        7.9                      0.12658227848101267      5.304099298591044E-13    5.337957987113878E-13    0.25                     5.0E10                   2700                     4795.6192574418565       2703.171997512057        2502.294445801098
1.06861                  1                        1                        1                        8                        0.125                    5.303009469260868E-13    5.336847209992655E-13    0.25                     5.0E10                   2700                     4795.6192574418565       2703.171997512057        2502.294445801098
1.06861                  1                        1                        1                        8.1                      0.1234567901234568       5.302129883244803E-13    5.335893390017149E-13    0.25                     5.0E10                   2700                     4795.6192574418565       2703.171997512057        2502.294445801098
1.06861                  1                        1                        1                        8.2                      0.12195121951219513      5.301447388820409E-13    5.335088285730264E-13    0.25                     5.0E10                   2700                     4795.6192574418565       2703.171997512057        2502.294445801098
1.06861                  1                        1                        1                        8.3                      0.12048192771084336      5.300948922459502E-13    5.334423443492587E-13    0.25                     5.0E10                   2700                     4795.6192574418565       2703.171997512057        2502.294445801098
1.06861                  1                        1                        1                        8.4                      0.11904761904761904      5.30062162736737E-13     5.333890322186362E-13    0.25                     5.0E10                   2700                     4795.6192574418565       2703.171997512057        2502.294445801098
1.06861                  1                        1                        1                        8.5                      0.11764705882352941      5.300452948504235E-13    5.333480396436759E-13    0.25                     5.0E10                   2700                     4795.6192574418565       2703.171997512057        2502.294445801098
1.06861                  1                        1                        1                        8.6                      0.11627906976744186      5.30043070709746E-13     5.333185241083251E-13    0.25                     5.0E10                   2700                     4795.6192574418565       2703.171997512057        2502.294445801098
1.06861                  1                        1                        1                        8.7                      0.11494252873563218      5.300543157588009E-13    5.332996599223869E-13    0.25                     5.0E10                   2700                     4795.6192574418565       2703.171997512057        2502.294445801098
1.06861                  1                        1                        1                        8.8                      0.11363636363636362      5.300779029692312E-13    5.332906436155285E-13    0.25                     5.0E10                   2700                     4795.6192574418565       2703.171997512057        2502.294445801098
1.06861                  1                        1                        1                        8.9                      0.11235955056179775      5.301127557894987E-13    5.332906981248027E-13    0.25                     5.0E10                   2700                     4795.6192574418565       2703.171997512057        2502.294445801098
1.06861                  1                        1                        1                        9                        0.11111111111111112      5.301578500641442E-13    5.332990759654407E-13    0.25                     5.0E10                   2700                     4795.6192574418565       2703.171997512057        2502.294445801098
1.06861                  1                        1                        1                        9.1                      0.1098901098901099       5.302122150183419E-13    5.333150614944498E-13    0.25                     5.0E10                   2700                     4795.6192574418565       2703.171997512057        2502.294445801098
1.06861                  1                        1                        1                        9.2                      0.10869565217391305      5.302749335587064E-13    5.3333797246098E-13      0.25                     5.0E10                   2700                     4795.6192574418565       2703.171997512057        2502.294445801098
1.06861                  1                        1                        1                        9.3                      0.10752688172043011      5.303451419956375E-13    5.333671609453197E-13    0.25                     5.0E10                   2700                     4795.6192574418565       2703.171997512057        2502.294445801098
1.06861                  1                        1                        1                        9.4                      0.10638297872340426      5.304220292225349E-13    5.334020137577437E-13    0.25                     5.0E10                   2700                     4795.6192574418565       2703.171997512057        2502.294445801098
1.06861                  1                        1                        1                        9.5                      0.10526315789473685      5.305048356093682E-13    5.334419524557434E-13    0.25                     5.0E10                   2700                     4795.6192574418565       2703.171997512057        2502.294445801098
1.06861                  1                        1                        1                        9.6                      0.10416666666666667      5.305928514845711E-13    5.334864329745762E-13    0.25                     5.0E10                   2700                     4795.6192574418565       2703.171997512057        2502.294445801098
1.06861                  1                        1                        1                        9.700000000000001        0.1030927835051546       5.306854154867524E-13    5.335349450167782E-13    0.25                     5.0E10                   2700                     4795.6192574418565       2703.171997512057        2502.294445801098
1.06861                  1                        1                        1                        9.8                      0.10204081632653059      5.307819127267708E-13    5.335870112242093E-13    0.25                     5.0E10                   2700                     4795.6192574418565       2703.171997512057        2502.294445801098
1.06861                  1                        1                        1                        9.9                      0.101010101010101        5.308817727747461E-13    5.336421861448885E-13    0.25                     5.0E10                   2700                     4795.6192574418565       2703.171997512057        2502.294445801098
1.06861                  1                        1                        1                        10                       0.1                      5.310505517228886E-13    5.337416833557697E-13    0.25                     5.0E10                   2700                     4795.6192574418565       2703.171997512057        2502.294445801098
