0.868032                 1                        1                        1                        0.1                      10                       5.33136218566435E-13     5.331380766387274E-13    0.25                     5.0E10                   2700                     4588.101203061633        2758.2994048595083       2502.294445801098
0.868032                 1                        1                        1                        0.2                      5                        5.334855389506975E-13    5.33149763085775E-13     0.25                     5.0E10                   2700                     4588.101203061633        2758.2994048595083       2502.294445801098
0.868032                 1                        1                        1                        0.30000000000000004      3.3333333333333326       5.366556034748553E-13    5.363068745785414E-13    0.25                     5.0E10                   2700                     4588.101203061633        2758.2994048595083       2502.294445801098
0.868032                 1                        1                        1                        0.4                      2.5                      5.329387488829958E-13    5.33201678151829E-13     0.25                     5.0E10                   2700                     4588.101203061633        2758.2994048595083       2502.294445801098
0.868032                 1                        1                        1                        0.5                      2                        5.331327188706743E-13    5.332227972263315E-13    0.25                     5.0E10                   2700                     4588.101203061633        2758.2994048595083       2502.294445801098
0.868032                 1                        1                        1                        0.6                      1.6666666666666667       5.364913563401381E-13    5.367523934721794E-13    0.25                     5.0E10                   2700                     4588.101203061633        2758.2994048595083       2502.294445801098
0.868032                 1                        1                        1                        0.7000000000000001       1.4285714285714284       5.370901517391107E-13    5.377832468326429E-13    0.25                     5.0E10                   2700                     4588.101203061633        2758.2994048595083       2502.294445801098
0.868032                 1                        1                        1                        0.8                      1.25                     5.343953400066177E-13    5.341033151092464E-13    0.25                     5.0E10                   2700                     4588.101203061633        2758.2994048595083       2502.294445801098
0.868032                 1                        1                        1                        0.9                      1.1111111111111112       5.325888772789113E-13    5.347872544522491E-13    0.25                     5.0E10                   2700                     4588.101203061633        2758.2994048595083       2502.294445801098
0.868032                 1                        1                        1                        1                        1                        5.359033104840728E-13    5.345137110194998E-13    0.25                     5.0E10                   2700                     4588.101203061633        2758.2994048595083       2502.294445801098
0.868032                 1                        1                        1                        1.1                      0.909090909090909        5.37707966777427E-13     5.379176935675193E-13    0.25                     5.0E10                   2700                     4588.101203061633        2758.2994048595083       2502.294445801098
0.868032                 1                        1                        1                        1.2000000000000002       0.8333333333333331       5.390819840008185E-13    5.385758944624887E-13    0.25                     5.0E10                   2700                     4588.101203061633        2758.2994048595083       2502.294445801098
0.868032                 1                        1                        1                        1.3000000000000003       0.769230769230769        5.406961594724683E-13    5.364956254349933E-13    0.25                     5.0E10                   2700                     4588.101203061633        2758.2994048595083       2502.294445801098
0.868032                 1                        1                        1                        1.4000000000000001       0.7142857142857142       5.439467796438124E-13    5.386727125488495E-13    0.25                     5.0E10                   2700                     4588.101203061633        2758.2994048595083       2502.294445801098
0.868032                 1                        1                        1                        1.5000000000000002       0.6666666666666665       5.434879248246379E-13    5.397477961010728E-13    0.25                     5.0E10                   2700                     4588.101203061633        2758.2994048595083       2502.294445801098
0.868032                 1                        1                        1                        1.6                      0.625                    5.386240904218543E-13    5.360097911116689E-13    0.25                     5.0E10                   2700                     4588.101203061633        2758.2994048595083       2502.294445801098
0.868032                 1                        1                        1                        1.7000000000000002       0.588235294117647        5.414006672970473E-13    5.381772377179635E-13    0.25                     5.0E10                   2700                     4588.101203061633        2758.2994048595083       2502.294445801098
0.868032                 1                        1                        1                        1.8000000000000003       0.5555555555555555       5.444403459853268E-13    5.396809892253225E-13    0.25                     5.0E10                   2700                     4588.101203061633        2758.2994048595083       2502.294445801098
0.868032                 1                        1                        1                        1.9000000000000001       0.5263157894736842       5.434123310761237E-13    5.373362074153512E-13    0.25                     5.0E10                   2700                     4588.101203061633        2758.2994048595083       2502.294445801098
0.868032                 1                        1                        1                        2                        0.5                      5.422077069908319E-13    5.356067747632503E-13    0.25                     5.0E10                   2700                     4588.101203061633        2758.2994048595083       2502.294445801098
0.868032                 1                        1                        1                        2.1                      0.47619047619047616      5.426686220845545E-13    5.364989844041546E-13    0.25                     5.0E10                   2700                     4588.101203061633        2758.2994048595083       2502.294445801098
0.868032                 1                        1                        1                        2.2                      0.4545454545454545       5.431738994367342E-13    5.38226786566155E-13     0.25                     5.0E10                   2700                     4588.101203061633        2758.2994048595083       2502.294445801098
0.868032                 1                        1                        1                        2.3000000000000003       0.43478260869565216      5.41948171426141E-13     5.386277430715566E-13    0.25                     5.0E10                   2700                     4588.101203061633        2758.2994048595083       2502.294445801098
0.868032                 1                        1                        1                        2.4000000000000004       0.4166666666666666       5.391012221749516E-13    5.373834772580083E-13    0.25                     5.0E10                   2700                     4588.101203061633        2758.2994048595083       2502.294445801098
0.868032                 1                        1                        1                        2.5000000000000004       0.3999999999999999       5.360781246301904E-13    5.355736623997218E-13    0.25                     5.0E10                   2700                     4588.101203061633        2758.2994048595083       2502.294445801098
0.868032                 1                        1                        1                        2.6                      0.3846153846153846       5.339819882931444E-13    5.34343712843362E-13     0.25                     5.0E10                   2700                     4588.101203061633        2758.2994048595083       2502.294445801098
0.868032                 1                        1                        1                        2.7                      0.37037037037037035      5.333967280081493E-13    5.342281908803247E-13    0.25                     5.0E10                   2700                     4588.101203061633        2758.2994048595083       2502.294445801098
0.868032                 1                        1                        1                        2.8000000000000003       0.3571428571428571       5.34124888308448E-13     5.351102963033231E-13    0.25                     5.0E10                   2700                     4588.101203061633        2758.2994048595083       2502.294445801098
0.868032                 1                        1                        1                        2.9000000000000004       0.3448275862068965       5.35595914964435E-13     5.365102218985877E-13    0.25                     5.0E10                   2700                     4588.101203061633        2758.2994048595083       2502.294445801098
0.868032                 1                        1                        1                        3.0000000000000004       0.33333333333333326      5.371900867229846E-13    5.378863401036731E-13    0.25                     5.0E10                   2700                     4588.101203061633        2758.2994048595083       2502.294445801098
0.868032                 1                        1                        1                        3.1                      0.32258064516129037      5.384404510960592E-13    5.388306666964188E-13    0.25                     5.0E10                   2700                     4588.101203061633        2758.2994048595083       2502.294445801098
0.868032                 1                        1                        1                        3.2                      0.3125                   5.391060869262427E-13    5.391436814015649E-13    0.25                     5.0E10                   2700                     4588.101203061633        2758.2994048595083       2502.294445801098
0.868032                 1                        1                        1                        3.3000000000000003       0.30303030303030304      5.391520409656889E-13    5.38818453694897E-13     0.25                     5.0E10                   2700                     4588.101203061633        2758.2994048595083       2502.294445801098
0.868032                 1                        1                        1                        3.4000000000000004       0.2941176470588235       5.387717142517065E-13    5.380829105774292E-13    0.25                     5.0E10                   2700                     4588.101203061633        2758.2994048595083       2502.294445801098
0.868032                 1                        1                        1                        3.5000000000000004       0.2857142857142857       5.37946837230572E-13     5.369015995015228E-13    0.25                     5.0E10                   2700                     4588.101203061633        2758.2994048595083       2502.294445801098
0.868032                 1                        1                        1                        3.6                      0.2777777777777778       5.369624495214629E-13    5.35584071361099E-13     0.25                     5.0E10                   2700                     4588.101203061633        2758.2994048595083       2502.294445801098
0.868032                 1                        1                        1                        3.7                      0.2702702702702703       5.359714952990301E-13    5.342907041776781E-13    0.25                     5.0E10                   2700                     4588.101203061633        2758.2994048595083       2502.294445801098
0.868032                 1                        1                        1                        3.8000000000000003       0.2631578947368421       5.350842560938582E-13    5.331374826924476E-13    0.25                     5.0E10                   2700                     4588.101203061633        2758.2994048595083       2502.294445801098
0.868032                 1                        1                        1                        3.9000000000000004       0.2564102564102564       5.343666848801705E-13    5.321946016326772E-13    0.25                     5.0E10                   2700                     4588.101203061633        2758.2994048595083       2502.294445801098
0.868032                 1                        1                        1                        4                        0.25                     5.338466626016185E-13    5.314926740600239E-13    0.25                     5.0E10                   2700                     4588.101203061633        2758.2994048595083       2502.294445801098
0.868032                 1                        1                        1                        4.1                      0.24390243902439027      5.335231836556799E-13    5.310320036647509E-13    0.25                     5.0E10                   2700                     4588.101203061633        2758.2994048595083       2502.294445801098
0.868032                 1                        1                        1                        4.2                      0.23809523809523808      5.333758879446408E-13    5.307921688646622E-13    0.25                     5.0E10                   2700                     4588.101203061633        2758.2994048595083       2502.294445801098
0.868032                 1                        1                        1                        4.3                      0.23255813953488372      5.333733507928258E-13    5.307404322419009E-13    0.25                     5.0E10                   2700                     4588.101203061633        2758.2994048595083       2502.294445801098
0.868032                 1                        1                        1                        4.3999999999999995       0.22727272727272732      5.334795840010481E-13    5.308384114800114E-13    0.25                     5.0E10                   2700                     4588.101203061633        2758.2994048595083       2502.294445801098
0.868032                 1                        1                        1                        4.5                      0.22222222222222224      5.336587049482186E-13    5.310469537359947E-13    0.25                     5.0E10                   2700                     4588.101203061633        2758.2994048595083       2502.294445801098
0.868032                 1                        1                        1                        4.6                      0.2173913043478261       5.33878096374764E-13     5.313294846058628E-13    0.25                     5.0E10                   2700                     4588.101203061633        2758.2994048595083       2502.294445801098
0.868032                 1                        1                        1                        4.7                      0.2127659574468085       5.341097262199682E-13    5.316536864214374E-13    0.25                     5.0E10                   2700                     4588.101203061633        2758.2994048595083       2502.294445801098
0.868032                 1                        1                        1                        4.8                      0.20833333333333334      5.343315202039577E-13    5.319928719526518E-13    0.25                     5.0E10                   2700                     4588.101203061633        2758.2994048595083       2502.294445801098
0.868032                 1                        1                        1                        4.9                      0.20408163265306117      5.345270269792055E-13    5.323259739446171E-13    0.25                     5.0E10                   2700                     4588.101203061633        2758.2994048595083       2502.294445801098
0.868032                 1                        1                        1                        5                        0.2                      5.3478445505707E-13      5.32731734294612E-13     0.25                     5.0E10                   2700                     4588.101203061633        2758.2994048595083       2502.294445801098
0.868032                 1                        1                        1                        5.1                      0.19607843137254904      5.348910039008115E-13    5.33003320305824E-13     0.25                     5.0E10                   2700                     4588.101203061633        2758.2994048595083       2502.294445801098
0.868032                 1                        1                        1                        5.2                      0.1923076923076923       5.349517322551187E-13    5.332365704891924E-13    0.25                     5.0E10                   2700                     4588.101203061633        2758.2994048595083       2502.294445801098
0.868032                 1                        1                        1                        5.3                      0.18867924528301888      5.349670696397172E-13    5.334283987310677E-13    0.25                     5.0E10                   2700                     4588.101203061633        2758.2994048595083       2502.294445801098
0.868032                 1                        1                        1                        5.4                      0.18518518518518517      5.349397474341607E-13    5.335784274484514E-13    0.25                     5.0E10                   2700                     4588.101203061633        2758.2994048595083       2502.294445801098
0.868032                 1                        1                        1                        5.5                      0.18181818181818182      5.348741161438819E-13    5.336883183382717E-13    0.25                     5.0E10                   2700                     4588.101203061633        2758.2994048595083       2502.294445801098
0.868032                 1                        1                        1                        5.6                      0.17857142857142858      5.347755607296751E-13    5.337611837291814E-13    0.25                     5.0E10                   2700                     4588.101203061633        2758.2994048595083       2502.294445801098
0.868032                 1                        1                        1                        5.7                      0.17543859649122806      5.346501823618583E-13    5.338012657230168E-13    0.25                     5.0E10                   2700                     4588.101203061633        2758.2994048595083       2502.294445801098
0.868032                 1                        1                        1                        5.8                      0.1724137931034483       5.345037735325067E-13    5.338128294766192E-13    0.25                     5.0E10                   2700                     4588.101203061633        2758.2994048595083       2502.294445801098
0.868032                 1                        1                        1                        5.9                      0.1694915254237288       5.343424887320522E-13    5.338008801675218E-13    0.25                     5.0E10                   2700                     4588.101203061633        2758.2994048595083       2502.294445801098
0.868032                 1                        1                        1                        6                        0.16666666666666666      5.341720005663667E-13    5.337702344575703E-13    0.25                     5.0E10                   2700                     4588.101203061633        2758.2994048595083       2502.294445801098
0.868032                 1                        1                        1                        6.1                      0.16393442622950818      5.339975161947325E-13    5.337255115712805E-13    0.25                     5.0E10                   2700                     4588.101203061633        2758.2994048595083       2502.294445801098
0.868032                 1                        1                        1                        6.2                      0.16129032258064518      5.33823690742937E-13     5.336710104620592E-13    0.25                     5.0E10                   2700                     4588.101203061633        2758.2994048595083       2502.294445801098
0.868032                 1                        1                        1                        6.3                      0.15873015873015872      5.336545837589055E-13    5.336106316940296E-13    0.25                     5.0E10                   2700                     4588.101203061633        2758.2994048595083       2502.294445801098
0.868032                 1                        1                        1                        6.4                      0.15625                  5.334936486206621E-13    5.33547834626346E-13     0.25                     5.0E10                   2700                     4588.101203061633        2758.2994048595083       2502.294445801098
0.868032                 1                        1                        1                        6.5                      0.15384615384615383      5.333437460933119E-13    5.334856215849239E-13    0.25                     5.0E10                   2700                     4588.101203061633        2758.2994048595083       2502.294445801098
0.868032                 1                        1                        1                        6.6                      0.15151515151515152      5.332071748078244E-13    5.334265420144049E-13    0.25                     5.0E10                   2700                     4588.101203061633        2758.2994048595083       2502.294445801098
0.868032                 1                        1                        1                        6.7                      0.1492537313432836       5.330857129201132E-13    5.333727108716078E-13    0.25                     5.0E10                   2700                     4588.101203061633        2758.2994048595083       2502.294445801098
0.868032                 1                        1                        1                        6.8                      0.14705882352941177      5.329806663253835E-13    5.333258365803041E-13    0.25                     5.0E10                   2700                     4588.101203061633        2758.2994048595083       2502.294445801098
0.868032                 1                        1                        1                        6.9                      0.14492753623188404      5.32892919955181E-13     5.3328725491207E-13      0.25                     5.0E10                   2700                     4588.101203061633        2758.2994048595083       2502.294445801098
0.868032                 1                        1                        1                        7                        0.14285714285714285      5.328229896176172E-13    5.33257966001502E-13     0.25                     5.0E10                   2700                     4588.101203061633        2758.2994048595083       2502.294445801098
0.868032                 1                        1                        1                        7.1                      0.14084507042253522      5.327710724923858E-13    5.332386724041864E-13    0.25                     5.0E10                   2700                     4588.101203061633        2758.2994048595083       2502.294445801098
0.868032                 1                        1                        1                        7.2                      0.1388888888888889       5.327370950281827E-13    5.332298166598581E-13    0.25                     5.0E10                   2700                     4588.101203061633        2758.2994048595083       2502.294445801098
0.868032                 1                        1                        1                        7.3                      0.13698630136986303      5.327207574242887E-13    5.332316173217482E-13    0.25                     5.0E10                   2700                     4588.101203061633        2758.2994048595083       2502.294445801098
0.868032                 1                        1                        1                        7.4                      0.13513513513513514      5.327215742816652E-13    5.332441027566329E-13    0.25                     5.0E10                   2700                     4588.101203061633        2758.2994048595083       2502.294445801098
0.868032                 1                        1                        1                        7.5                      0.13333333333333333      5.327389111343619E-13    5.332671422623702E-13    0.25                     5.0E10                   2700                     4588.101203061633        2758.2994048595083       2502.294445801098
0.868032                 1                        1                        1                        7.6                      0.13157894736842105      5.327725109648732E-13    5.333009673476843E-13    0.25                     5.0E10                   2700                     4588.101203061633        2758.2994048595083       2502.294445801098
0.868032                 1                        1                        1                        7.7                      0.12987012987012989      5.32820575710857E-13     5.33344251928907E-13     0.25                     5.0E10                   2700                     4588.101203061633        2758.2994048595083       2502.294445801098
0.868032                 1                        1                        1                        7.8                      0.12820512820512822      5.328826685324599E-13    5.333970126376273E-13    0.25                     5.0E10                   2700                     4588.101203061633        2758.2994048595083       2502.294445801098
0.868032                 1                        1                        1                        7.9                      0.12658227848101267      5.329578451076658E-13    5.33458736009099E-13     0.25                     5.0E10                   2700                     4588.101203061633        2758.2994048595083       2502.294445801098
0.868032                 1                        1                        1                        8                        0.125                    5.3304513725301E-13      5.335288622488763E-13    0.25                     5.0E10                   2700                     4588.101203061633        2758.2994048595083       2502.294445801098
0.868032                 1                        1                        1                        8.1                      0.1234567901234568       5.331435682129377E-13    5.336067999339208E-13    0.25                     5.0E10                   2700                     4588.101203061633        2758.2994048595083       2502.294445801098
0.868032                 1                        1                        1                        8.2                      0.12195121951219513      5.3325216525187E-13      5.336919384593154E-13    0.25                     5.0E10                   2700                     4588.101203061633        2758.2994048595083       2502.294445801098
0.868032                 1                        1                        1                        8.3                      0.12048192771084336      5.333699700553484E-13    5.33783658569656E-13     0.25                     5.0E10                   2700                     4588.101203061633        2758.2994048595083       2502.294445801098
0.868032                 1                        1                        1                        8.4                      0.11904761904761904      5.334960470714889E-13    5.3388134110166E-13      0.25                     5.0E10                   2700                     4588.101203061633        2758.2994048595083       2502.294445801098
0.868032                 1                        1                        1                        8.5                      0.11764705882352941      5.336294901281654E-13    5.33984374177566E-13     0.25                     5.0E10                   2700                     4588.101203061633        2758.2994048595083       2502.294445801098
0.868032                 1                        1                        1                        8.6                      0.11627906976744186      5.337694275320996E-13    5.340921590401649E-13    0.25                     5.0E10                   2700                     4588.101203061633        2758.2994048595083       2502.294445801098
0.868032                 1                        1                        1                        8.7                      0.11494252873563218      5.33915025871822E-13     5.342041146882099E-13    0.25                     5.0E10                   2700                     4588.101203061633        2758.2994048595083       2502.294445801098
0.868032                 1                        1                        1                        8.8                      0.11363636363636362      5.340654927091518E-13    5.34319681479935E-13     0.25                     5.0E10                   2700                     4588.101203061633        2758.2994048595083       2502.294445801098
0.868032                 1                        1                        1                        8.9                      0.11235955056179775      5.342200783422955E-13    5.344383238549025E-13    0.25                     5.0E10                   2700                     4588.101203061633        2758.2994048595083       2502.294445801098
0.868032                 1                        1                        1                        9                        0.11111111111111112      5.343780768137813E-13    5.345595323159342E-13    0.25                     5.0E10                   2700                     4588.101203061633        2758.2994048595083       2502.294445801098
0.868032                 1                        1                        1                        9.1                      0.1098901098901099       5.345388262130236E-13    5.346828247402034E-13    0.25                     5.0E10                   2700                     4588.101203061633        2758.2994048595083       2502.294445801098
0.868032                 1                        1                        1                        9.2                      0.10869565217391305      5.347017084853213E-13    5.3480774717422E-13      0.25                     5.0E10                   2700                     4588.101203061633        2758.2994048595083       2502.294445801098
0.868032                 1                        1                        1                        9.3                      0.10752688172043011      5.348661488258693E-13    5.349338741901354E-13    0.25                     5.0E10                   2700                     4588.101203061633        2758.2994048595083       2502.294445801098
0.868032                 1                        1                        1                        9.4                      0.10638297872340426      5.350316146611307E-13    5.350608088413905E-13    0.25                     5.0E10                   2700                     4588.101203061633        2758.2994048595083       2502.294445801098
0.868032                 1                        1                        1                        9.5                      0.10526315789473685      5.351976144589591E-13    5.351881823614192E-13    0.25                     5.0E10                   2700                     4588.101203061633        2758.2994048595083       2502.294445801098
0.868032                 1                        1                        1                        9.6                      0.10416666666666667      5.353636962109305E-13    5.353156535713082E-13    0.25                     5.0E10                   2700                     4588.101203061633        2758.2994048595083       2502.294445801098
0.868032                 1                        1                        1                        9.700000000000001        0.1030927835051546       5.355294458635581E-13    5.354429081354008E-13    0.25                     5.0E10                   2700                     4588.101203061633        2758.2994048595083       2502.294445801098
0.868032                 1                        1                        1                        9.8                      0.10204081632653059      5.356944856175001E-13    5.355696576675127E-13    0.25                     5.0E10                   2700                     4588.101203061633        2758.2994048595083       2502.294445801098
0.868032                 1                        1                        1                        9.9                      0.101010101010101        5.358584720988545E-13    5.356956386901874E-13    0.25                     5.0E10                   2700                     4588.101203061633        2758.2994048595083       2502.294445801098
0.868032                 1                        1                        1                        10                       0.1                      5.36094556800679E-13     5.358688954127436E-13    0.25                     5.0E10                   2700                     4588.101203061633        2758.2994048595083       2502.294445801098
