1.1979                   1                        1                        1                        0.1                      10                       5.33135979489438E-13     5.33138094881799E-13     0.25                     5.0E10                   2700                     4989.209203222066        2669.341619520721        2502.294445801098
1.1979                   1                        1                        1                        0.2                      5                        5.334803051935144E-13    5.331466233099707E-13    0.25                     5.0E10                   2700                     4989.209203222066        2669.341619520721        2502.294445801098
1.1979                   1                        1                        1                        0.30000000000000004      3.3333333333333326       5.36660794356233E-13     5.36307903673988E-13     0.25                     5.0E10                   2700                     4989.209203222066        2669.341619520721        2502.294445801098
1.1979                   1                        1                        1                        0.4                      2.5                      5.32898172191219E-13     5.33164595685137E-13     0.25                     5.0E10                   2700                     4989.209203222066        2669.341619520721        2502.294445801098
1.1979                   1                        1                        1                        0.5                      2                        5.331820957102358E-13    5.330790463157736E-13    0.25                     5.0E10                   2700                     4989.209203222066        2669.341619520721        2502.294445801098
1.1979                   1                        1                        1                        0.6                      1.6666666666666667       5.366474668495242E-13    5.36244421209652E-13     0.25                     5.0E10                   2700                     4989.209203222066        2669.341619520721        2502.294445801098
1.1979                   1                        1                        1                        0.7000000000000001       1.4285714285714284       5.37756755574411E-13     5.367474881640399E-13    0.25                     5.0E10                   2700                     4989.209203222066        2669.341619520721        2502.294445801098
1.1979                   1                        1                        1                        0.8                      1.25                     5.348244010813504E-13    5.320679056047086E-13    0.25                     5.0E10                   2700                     4989.209203222066        2669.341619520721        2502.294445801098
1.1979                   1                        1                        1                        0.9                      1.1111111111111112       5.322448882941655E-13    5.321910283248812E-13    0.25                     5.0E10                   2700                     4989.209203222066        2669.341619520721        2502.294445801098
1.1979                   1                        1                        1                        1                        1                        5.332875793312808E-13    5.310880437123212E-13    0.25                     5.0E10                   2700                     4989.209203222066        2669.341619520721        2502.294445801098
1.1979                   1                        1                        1                        1.1                      0.909090909090909        5.316754690197958E-13    5.330312622859014E-13    0.25                     5.0E10                   2700                     4989.209203222066        2669.341619520721        2502.294445801098
1.1979                   1                        1                        1                        1.2000000000000002       0.8333333333333331       5.305733822632792E-13    5.336005579392217E-13    0.25                     5.0E10                   2700                     4989.209203222066        2669.341619520721        2502.294445801098
1.1979                   1                        1                        1                        1.3000000000000003       0.769230769230769        5.297784710164798E-13    5.318472267131089E-13    0.25                     5.0E10                   2700                     4989.209203222066        2669.341619520721        2502.294445801098
1.1979                   1                        1                        1                        1.4000000000000001       0.7142857142857142       5.288102955460931E-13    5.322674653518285E-13    0.25                     5.0E10                   2700                     4989.209203222066        2669.341619520721        2502.294445801098
1.1979                   1                        1                        1                        1.5000000000000002       0.6666666666666665       5.262844858534066E-13    5.32795077527706E-13     0.25                     5.0E10                   2700                     4989.209203222066        2669.341619520721        2502.294445801098
1.1979                   1                        1                        1                        1.6                      0.625                    5.218075059163928E-13    5.30250407362775E-13     0.25                     5.0E10                   2700                     4989.209203222066        2669.341619520721        2502.294445801098
1.1979                   1                        1                        1                        1.7000000000000002       0.588235294117647        5.251746241843428E-13    5.336087802179703E-13    0.25                     5.0E10                   2700                     4989.209203222066        2669.341619520721        2502.294445801098
1.1979                   1                        1                        1                        1.8000000000000003       0.5555555555555555       5.284041363378715E-13    5.35544099619026E-13     0.25                     5.0E10                   2700                     4989.209203222066        2669.341619520721        2502.294445801098
1.1979                   1                        1                        1                        1.9000000000000001       0.5263157894736842       5.274749500346331E-13    5.330176664401632E-13    0.25                     5.0E10                   2700                     4989.209203222066        2669.341619520721        2502.294445801098
1.1979                   1                        1                        1                        2                        0.5                      5.268804437881097E-13    5.311792437205646E-13    0.25                     5.0E10                   2700                     4989.209203222066        2669.341619520721        2502.294445801098
1.1979                   1                        1                        1                        2.1                      0.47619047619047616      5.288748126112193E-13    5.325717104482811E-13    0.25                     5.0E10                   2700                     4989.209203222066        2669.341619520721        2502.294445801098
1.1979                   1                        1                        1                        2.2                      0.4545454545454545       5.317187496576872E-13    5.354069292928622E-13    0.25                     5.0E10                   2700                     4989.209203222066        2669.341619520721        2502.294445801098
1.1979                   1                        1                        1                        2.3000000000000003       0.43478260869565216      5.330631574041202E-13    5.370856759811709E-13    0.25                     5.0E10                   2700                     4989.209203222066        2669.341619520721        2502.294445801098
1.1979                   1                        1                        1                        2.4000000000000004       0.4166666666666666       5.323761813828334E-13    5.367795720603136E-13    0.25                     5.0E10                   2700                     4989.209203222066        2669.341619520721        2502.294445801098
1.1979                   1                        1                        1                        2.5000000000000004       0.3999999999999999       5.307408424977983E-13    5.352924115937226E-13    0.25                     5.0E10                   2700                     4989.209203222066        2669.341619520721        2502.294445801098
1.1979                   1                        1                        1                        2.6                      0.3846153846153846       5.292861043914465E-13    5.338097877323866E-13    0.25                     5.0E10                   2700                     4989.209203222066        2669.341619520721        2502.294445801098
1.1979                   1                        1                        1                        2.7                      0.37037037037037035      5.287911183646022E-13    5.330527400496623E-13    0.25                     5.0E10                   2700                     4989.209203222066        2669.341619520721        2502.294445801098
1.1979                   1                        1                        1                        2.8000000000000003       0.3571428571428571       5.293244239702625E-13    5.33142380917802E-13     0.25                     5.0E10                   2700                     4989.209203222066        2669.341619520721        2502.294445801098
1.1979                   1                        1                        1                        2.9000000000000004       0.3448275862068965       5.305585011633991E-13    5.338131800682198E-13    0.25                     5.0E10                   2700                     4989.209203222066        2669.341619520721        2502.294445801098
1.1979                   1                        1                        1                        3.0000000000000004       0.33333333333333326      5.320572441253553E-13    5.346836747768999E-13    0.25                     5.0E10                   2700                     4989.209203222066        2669.341619520721        2502.294445801098
1.1979                   1                        1                        1                        3.1                      0.32258064516129037      5.334666611164064E-13    5.354419348634913E-13    0.25                     5.0E10                   2700                     4989.209203222066        2669.341619520721        2502.294445801098
1.1979                   1                        1                        1                        3.2                      0.3125                   5.345915464374308E-13    5.359229865035616E-13    0.25                     5.0E10                   2700                     4989.209203222066        2669.341619520721        2502.294445801098
1.1979                   1                        1                        1                        3.3000000000000003       0.30303030303030304      5.353885939244676E-13    5.361046052912322E-13    0.25                     5.0E10                   2700                     4989.209203222066        2669.341619520721        2502.294445801098
1.1979                   1                        1                        1                        3.4000000000000004       0.2941176470588235       5.360204528047383E-13    5.361804214998186E-13    0.25                     5.0E10                   2700                     4989.209203222066        2669.341619520721        2502.294445801098
1.1979                   1                        1                        1                        3.5000000000000004       0.2857142857142857       5.363802251310976E-13    5.36022424440559E-13     0.25                     5.0E10                   2700                     4989.209203222066        2669.341619520721        2502.294445801098
1.1979                   1                        1                        1                        3.6                      0.2777777777777778       5.366955126991047E-13    5.358818279674584E-13    0.25                     5.0E10                   2700                     4989.209203222066        2669.341619520721        2502.294445801098
1.1979                   1                        1                        1                        3.7                      0.2702702702702703       5.370555539344411E-13    5.358539135340553E-13    0.25                     5.0E10                   2700                     4989.209203222066        2669.341619520721        2502.294445801098
1.1979                   1                        1                        1                        3.8000000000000003       0.2631578947368421       5.375154524623561E-13    5.359981135271638E-13    0.25                     5.0E10                   2700                     4989.209203222066        2669.341619520721        2502.294445801098
1.1979                   1                        1                        1                        3.9000000000000004       0.2564102564102564       5.380959790981618E-13    5.363379248364551E-13    0.25                     5.0E10                   2700                     4989.209203222066        2669.341619520721        2502.294445801098
1.1979                   1                        1                        1                        4                        0.25                     5.3878970030989E-13      5.368668583796119E-13    0.25                     5.0E10                   2700                     4989.209203222066        2669.341619520721        2502.294445801098
1.1979                   1                        1                        1                        4.1                      0.24390243902439027      5.395691955083198E-13    5.375567156569243E-13    0.25                     5.0E10                   2700                     4989.209203222066        2669.341619520721        2502.294445801098
1.1979                   1                        1                        1                        4.2                      0.23809523809523808      5.403954530827068E-13    5.383660241569394E-13    0.25                     5.0E10                   2700                     4989.209203222066        2669.341619520721        2502.294445801098
1.1979                   1                        1                        1                        4.3                      0.23255813953488372      5.412250521431284E-13    5.392473636127456E-13    0.25                     5.0E10                   2700                     4989.209203222066        2669.341619520721        2502.294445801098
1.1979                   1                        1                        1                        4.3999999999999995       0.22727272727272732      5.42015669320247E-13     5.401530940842892E-13    0.25                     5.0E10                   2700                     4989.209203222066        2669.341619520721        2502.294445801098
1.1979                   1                        1                        1                        4.5                      0.22222222222222224      5.427298640192165E-13    5.410394171917392E-13    0.25                     5.0E10                   2700                     4989.209203222066        2669.341619520721        2502.294445801098
1.1979                   1                        1                        1                        4.6                      0.2173913043478261       5.43337447223431E-13     5.418690090164787E-13    0.25                     5.0E10                   2700                     4989.209203222066        2669.341619520721        2502.294445801098
1.1979                   1                        1                        1                        4.7                      0.2127659574468085       5.438160166403186E-13    5.426120276518569E-13    0.25                     5.0E10                   2700                     4989.209203222066        2669.341619520721        2502.294445801098
1.1979                   1                        1                        1                        4.8                      0.20833333333333334      5.441516897379961E-13    5.432468857817561E-13    0.25                     5.0E10                   2700                     4989.209203222066        2669.341619520721        2502.294445801098
1.1979                   1                        1                        1                        4.9                      0.20408163265306117      5.443380772572795E-13    5.437596485078334E-13    0.25                     5.0E10                   2700                     4989.209203222066        2669.341619520721        2502.294445801098
1.1979                   1                        1                        1                        5                        0.2                      5.444748675970495E-13    5.442383970046583E-13    0.25                     5.0E10                   2700                     4989.209203222066        2669.341619520721        2502.294445801098
1.1979                   1                        1                        1                        5.1                      0.19607843137254904      5.4435822312977E-13      5.444815394739792E-13    0.25                     5.0E10                   2700                     4989.209203222066        2669.341619520721        2502.294445801098
1.1979                   1                        1                        1                        5.2                      0.1923076923076923       5.44108993898532E-13     5.445992171717067E-13    0.25                     5.0E10                   2700                     4989.209203222066        2669.341619520721        2502.294445801098
1.1979                   1                        1                        1                        5.3                      0.18867924528301888      5.437398269900866E-13    5.445986752172026E-13    0.25                     5.0E10                   2700                     4989.209203222066        2669.341619520721        2502.294445801098
1.1979                   1                        1                        1                        5.4                      0.18518518518518517      5.432652527217402E-13    5.444897407273837E-13    0.25                     5.0E10                   2700                     4989.209203222066        2669.341619520721        2502.294445801098
1.1979                   1                        1                        1                        5.5                      0.18181818181818182      5.427007740204567E-13    5.442839148984174E-13    0.25                     5.0E10                   2700                     4989.209203222066        2669.341619520721        2502.294445801098
1.1979                   1                        1                        1                        5.6                      0.17857142857142858      5.420621229246626E-13    5.43993607369988E-13     0.25                     5.0E10                   2700                     4989.209203222066        2669.341619520721        2502.294445801098
1.1979                   1                        1                        1                        5.7                      0.17543859649122806      5.413648650412088E-13    5.436317099439758E-13    0.25                     5.0E10                   2700                     4989.209203222066        2669.341619520721        2502.294445801098
1.1979                   1                        1                        1                        5.8                      0.1724137931034483       5.406232417118861E-13    5.432103513969117E-13    0.25                     5.0E10                   2700                     4989.209203222066        2669.341619520721        2502.294445801098
1.1979                   1                        1                        1                        5.9                      0.1694915254237288       5.398509592424731E-13    5.427416751139639E-13    0.25                     5.0E10                   2700                     4989.209203222066        2669.341619520721        2502.294445801098
1.1979                   1                        1                        1                        6                        0.16666666666666666      5.390602839110903E-13    5.422368437182529E-13    0.25                     5.0E10                   2700                     4989.209203222066        2669.341619520721        2502.294445801098
1.1979                   1                        1                        1                        6.1                      0.16393442622950818      5.382621242564045E-13    5.417060653470158E-13    0.25                     5.0E10                   2700                     4989.209203222066        2669.341619520721        2502.294445801098
1.1979                   1                        1                        1                        6.2                      0.16129032258064518      5.374660044053931E-13    5.411585072978593E-13    0.25                     5.0E10                   2700                     4989.209203222066        2669.341619520721        2502.294445801098
1.1979                   1                        1                        1                        6.3                      0.15873015873015872      5.366800893765671E-13    5.40602265616605E-13     0.25                     5.0E10                   2700                     4989.209203222066        2669.341619520721        2502.294445801098
1.1979                   1                        1                        1                        6.4                      0.15625                  5.35911247558783E-13     5.400443766635556E-13    0.25                     5.0E10                   2700                     4989.209203222066        2669.341619520721        2502.294445801098
1.1979                   1                        1                        1                        6.5                      0.15384615384615383      5.351651379913991E-13    5.394908587756841E-13    0.25                     5.0E10                   2700                     4989.209203222066        2669.341619520721        2502.294445801098
1.1979                   1                        1                        1                        6.6                      0.15151515151515152      5.344463126348185E-13    5.389467743345202E-13    0.25                     5.0E10                   2700                     4989.209203222066        2669.341619520721        2502.294445801098
1.1979                   1                        1                        1                        6.7                      0.1492537313432836       5.337583261275738E-13    5.384163045640499E-13    0.25                     5.0E10                   2700                     4989.209203222066        2669.341619520721        2502.294445801098
1.1979                   1                        1                        1                        6.8                      0.14705882352941177      5.331038472859564E-13    5.379028310520515E-13    0.25                     5.0E10                   2700                     4989.209203222066        2669.341619520721        2502.294445801098
1.1979                   1                        1                        1                        6.9                      0.14492753623188404      5.324847682614581E-13    5.374090195230978E-13    0.25                     5.0E10                   2700                     4989.209203222066        2669.341619520721        2502.294445801098
1.1979                   1                        1                        1                        7                        0.14285714285714285      5.319023085838318E-13    5.369369026098042E-13    0.25                     5.0E10                   2700                     4989.209203222066        2669.341619520721        2502.294445801098
1.1979                   1                        1                        1                        7.1                      0.14084507042253522      5.313571122269263E-13    5.364879593439151E-13    0.25                     5.0E10                   2700                     4989.209203222066        2669.341619520721        2502.294445801098
1.1979                   1                        1                        1                        7.2                      0.1388888888888889       5.308493366679224E-13    5.360631898502555E-13    0.25                     5.0E10                   2700                     4989.209203222066        2669.341619520721        2502.294445801098
1.1979                   1                        1                        1                        7.3                      0.13698630136986303      5.303787334479985E-13    5.356631843529885E-13    0.25                     5.0E10                   2700                     4989.209203222066        2669.341619520721        2502.294445801098
1.1979                   1                        1                        1                        7.4                      0.13513513513513514      5.299447202294339E-13    5.352881860482776E-13    0.25                     5.0E10                   2700                     4989.209203222066        2669.341619520721        2502.294445801098
1.1979                   1                        1                        1                        7.5                      0.13333333333333333      5.295464444841779E-13    5.349381476796143E-13    0.25                     5.0E10                   2700                     4989.209203222066        2669.341619520721        2502.294445801098
1.1979                   1                        1                        1                        7.6                      0.13157894736842105      5.29183353736814E-13     5.346132901505851E-13    0.25                     5.0E10                   2700                     4989.209203222066        2669.341619520721        2502.294445801098
1.1979                   1                        1                        1                        7.7                      0.12987012987012989      5.288532152864061E-13    5.34312140656135E-13     0.25                     5.0E10                   2700                     4989.209203222066        2669.341619520721        2502.294445801098
1.1979                   1                        1                        1                        7.8                      0.12820512820512822      5.285551584993299E-13    5.340345422885205E-13    0.25                     5.0E10                   2700                     4989.209203222066        2669.341619520721        2502.294445801098
1.1979                   1                        1                        1                        7.9                      0.12658227848101267      5.282877382499547E-13    5.337797330913743E-13    0.25                     5.0E10                   2700                     4989.209203222066        2669.341619520721        2502.294445801098
1.1979                   1                        1                        1                        8                        0.125                    5.2804945128811E-13      5.335468576712336E-13    0.25                     5.0E10                   2700                     4989.209203222066        2669.341619520721        2502.294445801098
1.1979                   1                        1                        1                        8.1                      0.1234567901234568       5.278387617043468E-13    5.333349922477983E-13    0.25                     5.0E10                   2700                     4989.209203222066        2669.341619520721        2502.294445801098
1.1979                   1                        1                        1                        8.2                      0.12195121951219513      5.276541220146767E-13    5.33143165874728E-13     0.25                     5.0E10                   2700                     4989.209203222066        2669.341619520721        2502.294445801098
1.1979                   1                        1                        1                        8.3                      0.12048192771084336      5.274939905997465E-13    5.329703783773491E-13    0.25                     5.0E10                   2700                     4989.209203222066        2669.341619520721        2502.294445801098
1.1979                   1                        1                        1                        8.4                      0.11904761904761904      5.273568458501092E-13    5.328156153271174E-13    0.25                     5.0E10                   2700                     4989.209203222066        2669.341619520721        2502.294445801098
1.1979                   1                        1                        1                        8.5                      0.11764705882352941      5.272411975343205E-13    5.326778604529803E-13    0.25                     5.0E10                   2700                     4989.209203222066        2669.341619520721        2502.294445801098
1.1979                   1                        1                        1                        8.6                      0.11627906976744186      5.271455957531051E-13    5.32556105822134E-13     0.25                     5.0E10                   2700                     4989.209203222066        2669.341619520721        2502.294445801098
1.1979                   1                        1                        1                        8.7                      0.11494252873563218      5.270686378321257E-13    5.324493600700527E-13    0.25                     5.0E10                   2700                     4989.209203222066        2669.341619520721        2502.294445801098
1.1979                   1                        1                        1                        8.8                      0.11363636363636362      5.270089734709259E-13    5.323566549672269E-13    0.25                     5.0E10                   2700                     4989.209203222066        2669.341619520721        2502.294445801098
1.1979                   1                        1                        1                        8.9                      0.11235955056179775      5.269653084204013E-13    5.322770505558183E-13    0.25                     5.0E10                   2700                     4989.209203222066        2669.341619520721        2502.294445801098
1.1979                   1                        1                        1                        9                        0.11111111111111112      5.269364069484566E-13    5.322096390833545E-13    0.25                     5.0E10                   2700                     4989.209203222066        2669.341619520721        2502.294445801098
1.1979                   1                        1                        1                        9.1                      0.1098901098901099       5.269210932249474E-13    5.321535478733137E-13    0.25                     5.0E10                   2700                     4989.209203222066        2669.341619520721        2502.294445801098
1.1979                   1                        1                        1                        9.2                      0.10869565217391305      5.269182518937292E-13    5.321079413465461E-13    0.25                     5.0E10                   2700                     4989.209203222066        2669.341619520721        2502.294445801098
1.1979                   1                        1                        1                        9.3                      0.10752688172043011      5.26926827972268E-13     5.3207202232464E-13      0.25                     5.0E10                   2700                     4989.209203222066        2669.341619520721        2502.294445801098
1.1979                   1                        1                        1                        9.4                      0.10638297872340426      5.269458261132489E-13    5.320450326926704E-13    0.25                     5.0E10                   2700                     4989.209203222066        2669.341619520721        2502.294445801098
1.1979                   1                        1                        1                        9.5                      0.10526315789473685      5.269743095205619E-13    5.320262536076408E-13    0.25                     5.0E10                   2700                     4989.209203222066        2669.341619520721        2502.294445801098
1.1979                   1                        1                        1                        9.6                      0.10416666666666667      5.27011398393415E-13     5.320150052513779E-13    0.25                     5.0E10                   2700                     4989.209203222066        2669.341619520721        2502.294445801098
1.1979                   1                        1                        1                        9.700000000000001        0.1030927835051546       5.270562681963367E-13    5.320106462899591E-13    0.25                     5.0E10                   2700                     4989.209203222066        2669.341619520721        2502.294445801098
1.1979                   1                        1                        1                        9.8                      0.10204081632653059      5.271081477039057E-13    5.320125730700159E-13    0.25                     5.0E10                   2700                     4989.209203222066        2669.341619520721        2502.294445801098
1.1979                   1                        1                        1                        9.9                      0.101010101010101        5.271663168419835E-13    5.320202185735878E-13    0.25                     5.0E10                   2700                     4989.209203222066        2669.341619520721        2502.294445801098
1.1979                   1                        1                        1                        10                       0.1                      5.272906071609159E-13    5.320698972706018E-13    0.25                     5.0E10                   2700                     4989.209203222066        2669.341619520721        2502.294445801098
