0.853664                 1                        1                        1                        0.1                      10                       5.331364288468422E-13    5.33138201867998E-13     0.25                     5.0E10                   2700                     4576.461863794303        2762.378999131099        2502.294445801098
0.853664                 1                        1                        1                        0.2                      5                        5.334858207650549E-13    5.331499521051138E-13    0.25                     5.0E10                   2700                     4576.461863794303        2762.378999131099        2502.294445801098
0.853664                 1                        1                        1                        0.30000000000000004      3.3333333333333326       5.366553257508505E-13    5.36306791581586E-13     0.25                     5.0E10                   2700                     4576.461863794303        2762.378999131099        2502.294445801098
0.853664                 1                        1                        1                        0.4                      2.5                      5.329405200270855E-13    5.332034508296137E-13    0.25                     5.0E10                   2700                     4576.461863794303        2762.378999131099        2502.294445801098
0.853664                 1                        1                        1                        0.5                      2                        5.331301828675018E-13    5.332289876894233E-13    0.25                     5.0E10                   2700                     4576.461863794303        2762.378999131099        2502.294445801098
0.853664                 1                        1                        1                        0.6                      1.6666666666666667       5.364841728304194E-13    5.367752309466079E-13    0.25                     5.0E10                   2700                     4576.461863794303        2762.378999131099        2502.294445801098
0.853664                 1                        1                        1                        0.7000000000000001       1.4285714285714284       5.370588063292125E-13    5.378286700962112E-13    0.25                     5.0E10                   2700                     4576.461863794303        2762.378999131099        2502.294445801098
0.853664                 1                        1                        1                        0.8                      1.25                     5.343753918899548E-13    5.34192005002462E-13     0.25                     5.0E10                   2700                     4576.461863794303        2762.378999131099        2502.294445801098
0.853664                 1                        1                        1                        0.9                      1.1111111111111112       5.326106134902531E-13    5.349033416298236E-13    0.25                     5.0E10                   2700                     4576.461863794303        2762.378999131099        2502.294445801098
0.853664                 1                        1                        1                        1                        1                        5.360263951242366E-13    5.346610782218034E-13    0.25                     5.0E10                   2700                     4576.461863794303        2762.378999131099        2502.294445801098
0.853664                 1                        1                        1                        1.1                      0.909090909090909        5.379894799670456E-13    5.381344528573107E-13    0.25                     5.0E10                   2700                     4576.461863794303        2762.378999131099        2502.294445801098
0.853664                 1                        1                        1                        1.2000000000000002       0.8333333333333331       5.394725148699501E-13    5.387894578786539E-13    0.25                     5.0E10                   2700                     4576.461863794303        2762.378999131099        2502.294445801098
0.853664                 1                        1                        1                        1.3000000000000003       0.769230769230769        5.412009726416595E-13    5.366968878225169E-13    0.25                     5.0E10                   2700                     4576.461863794303        2762.378999131099        2502.294445801098
0.853664                 1                        1                        1                        1.4000000000000001       0.7142857142857142       5.446379865939611E-13    5.389537515151481E-13    0.25                     5.0E10                   2700                     4576.461863794303        2762.378999131099        2502.294445801098
0.853664                 1                        1                        1                        1.5000000000000002       0.6666666666666665       5.442623454501927E-13    5.400519407236678E-13    0.25                     5.0E10                   2700                     4576.461863794303        2762.378999131099        2502.294445801098
0.853664                 1                        1                        1                        1.6                      0.625                    5.393785961979399E-13    5.362644588493975E-13    0.25                     5.0E10                   2700                     4576.461863794303        2762.378999131099        2502.294445801098
0.853664                 1                        1                        1                        1.7000000000000002       0.588235294117647        5.421298547528634E-13    5.383828089334519E-13    0.25                     5.0E10                   2700                     4576.461863794303        2762.378999131099        2502.294445801098
0.853664                 1                        1                        1                        1.8000000000000003       0.5555555555555555       5.451599532178903E-13    5.398670994515921E-13    0.25                     5.0E10                   2700                     4576.461863794303        2762.378999131099        2502.294445801098
0.853664                 1                        1                        1                        1.9000000000000001       0.5263157894736842       5.441247533408959E-13    5.375280075086124E-13    0.25                     5.0E10                   2700                     4576.461863794303        2762.378999131099        2502.294445801098
0.853664                 1                        1                        1                        2                        0.5                      5.428897245009624E-13    5.358012595294032E-13    0.25                     5.0E10                   2700                     4576.461863794303        2762.378999131099        2502.294445801098
0.853664                 1                        1                        1                        2.1                      0.47619047619047616      5.432782723023191E-13    5.366693069607801E-13    0.25                     5.0E10                   2700                     4576.461863794303        2762.378999131099        2502.294445801098
0.853664                 1                        1                        1                        2.2                      0.4545454545454545       5.436745300562762E-13    5.383458655862886E-13    0.25                     5.0E10                   2700                     4576.461863794303        2762.378999131099        2502.294445801098
0.853664                 1                        1                        1                        2.3000000000000003       0.43478260869565216      5.423298121146276E-13    5.38688394077402E-13     0.25                     5.0E10                   2700                     4576.461863794303        2762.378999131099        2502.294445801098
0.853664                 1                        1                        1                        2.4000000000000004       0.4166666666666666       5.393834098898718E-13    5.374017386316846E-13    0.25                     5.0E10                   2700                     4576.461863794303        2762.378999131099        2502.294445801098
0.853664                 1                        1                        1                        2.5000000000000004       0.3999999999999999       5.362965282054177E-13    5.355778693755641E-13    0.25                     5.0E10                   2700                     4576.461863794303        2762.378999131099        2502.294445801098
0.853664                 1                        1                        1                        2.6                      0.3846153846153846       5.341705139864863E-13    5.343599599214053E-13    0.25                     5.0E10                   2700                     4576.461863794303        2762.378999131099        2502.294445801098
0.853664                 1                        1                        1                        2.7                      0.37037037037037035      5.335799120873231E-13    5.342737627737999E-13    0.25                     5.0E10                   2700                     4576.461863794303        2762.378999131099        2502.294445801098
0.853664                 1                        1                        1                        2.8000000000000003       0.3571428571428571       5.343148605221564E-13    5.351913728530297E-13    0.25                     5.0E10                   2700                     4576.461863794303        2762.378999131099        2502.294445801098
0.853664                 1                        1                        1                        2.9000000000000004       0.3448275862068965       5.357936339987921E-13    5.366230546578949E-13    0.25                     5.0E10                   2700                     4576.461863794303        2762.378999131099        2502.294445801098
0.853664                 1                        1                        1                        3.0000000000000004       0.33333333333333326      5.373882506580037E-13    5.380198810750754E-13    0.25                     5.0E10                   2700                     4576.461863794303        2762.378999131099        2502.294445801098
0.853664                 1                        1                        1                        3.1                      0.32258064516129037      5.386269168905736E-13    5.389696910236375E-13    0.25                     5.0E10                   2700                     4576.461863794303        2762.378999131099        2502.294445801098
0.853664                 1                        1                        1                        3.2                      0.3125                   5.392670801854363E-13    5.392717622777571E-13    0.25                     5.0E10                   2700                     4576.461863794303        2762.378999131099        2502.294445801098
0.853664                 1                        1                        1                        3.3000000000000003       0.30303030303030304      5.392746663574342E-13    5.389203173129075E-13    0.25                     5.0E10                   2700                     4576.461863794303        2762.378999131099        2502.294445801098
0.853664                 1                        1                        1                        3.4000000000000004       0.2941176470588235       5.388448876936699E-13    5.38145259963974E-13     0.25                     5.0E10                   2700                     4576.461863794303        2762.378999131099        2502.294445801098
0.853664                 1                        1                        1                        3.5000000000000004       0.2857142857142857       5.379638955106011E-13    5.369157386847082E-13    0.25                     5.0E10                   2700                     4576.461863794303        2762.378999131099        2502.294445801098
0.853664                 1                        1                        1                        3.6                      0.2777777777777778       5.369194481636418E-13    5.355441163303338E-13    0.25                     5.0E10                   2700                     4576.461863794303        2762.378999131099        2502.294445801098
0.853664                 1                        1                        1                        3.7                      0.2702702702702703       5.358673855643371E-13    5.341937794836709E-13    0.25                     5.0E10                   2700                     4576.461863794303        2762.378999131099        2502.294445801098
0.853664                 1                        1                        1                        3.8000000000000003       0.2631578947368421       5.349203775715138E-13    5.329832140593815E-13    0.25                     5.0E10                   2700                     4576.461863794303        2762.378999131099        2502.294445801098
0.853664                 1                        1                        1                        3.9000000000000004       0.2564102564102564       5.341462309603981E-13    5.319845835580249E-13    0.25                     5.0E10                   2700                     4576.461863794303        2762.378999131099        2502.294445801098
0.853664                 1                        1                        1                        4                        0.25                     5.335741893867692E-13    5.312299834739547E-13    0.25                     5.0E10                   2700                     4576.461863794303        2762.378999131099        2502.294445801098
0.853664                 1                        1                        1                        4.1                      0.24390243902439027      5.332041932766427E-13    5.307207879623761E-13    0.25                     5.0E10                   2700                     4576.461863794303        2762.378999131099        2502.294445801098
0.853664                 1                        1                        1                        4.2                      0.23809523809523808      5.330164860300549E-13    5.304373083940646E-13    0.25                     5.0E10                   2700                     4576.461863794303        2762.378999131099        2502.294445801098
0.853664                 1                        1                        1                        4.3                      0.23255813953488372      5.329799694644596E-13    5.303472677236105E-13    0.25                     5.0E10                   2700                     4576.461863794303        2762.378999131099        2502.294445801098
0.853664                 1                        1                        1                        4.3999999999999995       0.22727272727272732      5.330587591077291E-13    5.304125243729773E-13    0.25                     5.0E10                   2700                     4576.461863794303        2762.378999131099        2502.294445801098
0.853664                 1                        1                        1                        4.5                      0.22222222222222224      5.332168977076947E-13    5.305939891274606E-13    0.25                     5.0E10                   2700                     4576.461863794303        2762.378999131099        2502.294445801098
0.853664                 1                        1                        1                        4.6                      0.2173913043478261       5.334215516682837E-13    5.30855008705882E-13     0.25                     5.0E10                   2700                     4576.461863794303        2762.378999131099        2502.294445801098
0.853664                 1                        1                        1                        4.7                      0.2127659574468085       5.33644363866623E-13     5.311630736743019E-13    0.25                     5.0E10                   2700                     4576.461863794303        2762.378999131099        2502.294445801098
0.853664                 1                        1                        1                        4.8                      0.20833333333333334      5.338628521409924E-13    5.314912170957905E-13    0.25                     5.0E10                   2700                     4576.461863794303        2762.378999131099        2502.294445801098
0.853664                 1                        1                        1                        4.9                      0.20408163265306117      5.340601002892741E-13    5.318180269039688E-13    0.25                     5.0E10                   2700                     4576.461863794303        2762.378999131099        2502.294445801098
0.853664                 1                        1                        1                        5                        0.2                      5.34323812649101E-13     5.322218361049286E-13    0.25                     5.0E10                   2700                     4576.461863794303        2762.378999131099        2502.294445801098
0.853664                 1                        1                        1                        5.1                      0.19607843137254904      5.344407958005785E-13    5.324955523589615E-13    0.25                     5.0E10                   2700                     4576.461863794303        2762.378999131099        2502.294445801098
0.853664                 1                        1                        1                        5.2                      0.1923076923076923       5.345154516105793E-13    5.327344269616976E-13    0.25                     5.0E10                   2700                     4576.461863794303        2762.378999131099        2502.294445801098
0.853664                 1                        1                        1                        5.3                      0.18867924528301888      5.345477056239382E-13    5.32934946361879E-13     0.25                     5.0E10                   2700                     4576.461863794303        2762.378999131099        2502.294445801098
0.853664                 1                        1                        1                        5.4                      0.18518518518518517      5.345398076622049E-13    5.330963164553557E-13    0.25                     5.0E10                   2700                     4576.461863794303        2762.378999131099        2502.294445801098
0.853664                 1                        1                        1                        5.5                      0.18181818181818182      5.344956564450969E-13    5.332198011788235E-13    0.25                     5.0E10                   2700                     4576.461863794303        2762.378999131099        2502.294445801098
0.853664                 1                        1                        1                        5.6                      0.17857142857142858      5.344202198792167E-13    5.333081395511556E-13    0.25                     5.0E10                   2700                     4576.461863794303        2762.378999131099        2502.294445801098
0.853664                 1                        1                        1                        5.7                      0.17543859649122806      5.343192190509506E-13    5.333652280396024E-13    0.25                     5.0E10                   2700                     4576.461863794303        2762.378999131099        2502.294445801098
0.853664                 1                        1                        1                        5.8                      0.1724137931034483       5.341981071559018E-13    5.333950182375311E-13    0.25                     5.0E10                   2700                     4576.461863794303        2762.378999131099        2502.294445801098
0.853664                 1                        1                        1                        5.9                      0.1694915254237288       5.340627360559228E-13    5.334022313489876E-13    0.25                     5.0E10                   2700                     4576.461863794303        2762.378999131099        2502.294445801098
0.853664                 1                        1                        1                        6                        0.16666666666666666      5.339185138044936E-13    5.333914316239362E-13    0.25                     5.0E10                   2700                     4576.461863794303        2762.378999131099        2502.294445801098
0.853664                 1                        1                        1                        6.1                      0.16393442622950818      5.337704184747495E-13    5.333670158925695E-13    0.25                     5.0E10                   2700                     4576.461863794303        2762.378999131099        2502.294445801098
0.853664                 1                        1                        1                        6.2                      0.16129032258064518      5.336229091199589E-13    5.333330891643589E-13    0.25                     5.0E10                   2700                     4576.461863794303        2762.378999131099        2502.294445801098
0.853664                 1                        1                        1                        6.3                      0.15873015873015872      5.334798794866646E-13    5.332933845709691E-13    0.25                     5.0E10                   2700                     4576.461863794303        2762.378999131099        2502.294445801098
0.853664                 1                        1                        1                        6.4                      0.15625                  5.333446445515815E-13    5.332512183960435E-13    0.25                     5.0E10                   2700                     4576.461863794303        2762.378999131099        2502.294445801098
0.853664                 1                        1                        1                        6.5                      0.15384615384615383      5.332199512019566E-13    5.332094719984338E-13    0.25                     5.0E10                   2700                     4576.461863794303        2762.378999131099        2502.294445801098
0.853664                 1                        1                        1                        6.6                      0.15151515151515152      5.331080059203559E-13    5.331705937137307E-13    0.25                     5.0E10                   2700                     4576.461863794303        2762.378999131099        2502.294445801098
0.853664                 1                        1                        1                        6.7                      0.1492537313432836       5.330105137960569E-13    5.331366150632425E-13    0.25                     5.0E10                   2700                     4576.461863794303        2762.378999131099        2502.294445801098
0.853664                 1                        1                        1                        6.8                      0.14705882352941177      5.329287242750222E-13    5.331091766352908E-13    0.25                     5.0E10                   2700                     4576.461863794303        2762.378999131099        2502.294445801098
0.853664                 1                        1                        1                        6.9                      0.14492753623188404      5.328634801979225E-13    5.330895600326598E-13    0.25                     5.0E10                   2700                     4576.461863794303        2762.378999131099        2502.294445801098
0.853664                 1                        1                        1                        7                        0.14285714285714285      5.328152675961444E-13    5.330787231114314E-13    0.25                     5.0E10                   2700                     4576.461863794303        2762.378999131099        2502.294445801098
0.853664                 1                        1                        1                        7.1                      0.14084507042253522      5.327842643547757E-13    5.330773364260653E-13    0.25                     5.0E10                   2700                     4576.461863794303        2762.378999131099        2502.294445801098
0.853664                 1                        1                        1                        7.2                      0.1388888888888889       5.327703864841886E-13    5.33085819341602E-13     0.25                     5.0E10                   2700                     4576.461863794303        2762.378999131099        2502.294445801098
0.853664                 1                        1                        1                        7.3                      0.13698630136986303      5.327733311686414E-13    5.331043747690632E-13    0.25                     5.0E10                   2700                     4576.461863794303        2762.378999131099        2502.294445801098
0.853664                 1                        1                        1                        7.4                      0.13513513513513514      5.327926161630607E-13    5.331330218203779E-13    0.25                     5.0E10                   2700                     4576.461863794303        2762.378999131099        2502.294445801098
0.853664                 1                        1                        1                        7.5                      0.13333333333333333      5.328276152340234E-13    5.331716259180703E-13    0.25                     5.0E10                   2700                     4576.461863794303        2762.378999131099        2502.294445801098
0.853664                 1                        1                        1                        7.6                      0.13157894736842105      5.32878083325845E-13     5.332204187843815E-13    0.25                     5.0E10                   2700                     4576.461863794303        2762.378999131099        2502.294445801098
0.853664                 1                        1                        1                        7.7                      0.12987012987012989      5.329422389000307E-13    5.332780795366225E-13    0.25                     5.0E10                   2700                     4576.461863794303        2762.378999131099        2502.294445801098
0.853664                 1                        1                        1                        7.8                      0.12820512820512822      5.330196630027156E-13    5.333446317837575E-13    0.25                     5.0E10                   2700                     4576.461863794303        2762.378999131099        2502.294445801098
0.853664                 1                        1                        1                        7.9                      0.12658227848101267      5.331094316588608E-13    5.334195719660918E-13    0.25                     5.0E10                   2700                     4576.461863794303        2762.378999131099        2502.294445801098
0.853664                 1                        1                        1                        8                        0.125                    5.332105985609081E-13    5.335023521899886E-13    0.25                     5.0E10                   2700                     4576.461863794303        2762.378999131099        2502.294445801098
0.853664                 1                        1                        1                        8.1                      0.1234567901234568       5.333222099309595E-13    5.335923945047159E-13    0.25                     5.0E10                   2700                     4576.461863794303        2762.378999131099        2502.294445801098
0.853664                 1                        1                        1                        8.2                      0.12195121951219513      5.334433167563786E-13    5.336891029902757E-13    0.25                     5.0E10                   2700                     4576.461863794303        2762.378999131099        2502.294445801098
0.853664                 1                        1                        1                        8.3                      0.12048192771084336      5.335729848906936E-13    5.337918739803775E-13    0.25                     5.0E10                   2700                     4576.461863794303        2762.378999131099        2502.294445801098
0.853664                 1                        1                        1                        8.4                      0.11904761904761904      5.337103031452239E-13    5.339001045450572E-13    0.25                     5.0E10                   2700                     4576.461863794303        2762.378999131099        2502.294445801098
0.853664                 1                        1                        1                        8.5                      0.11764705882352941      5.338543897014384E-13    5.340131994668E-13       0.25                     5.0E10                   2700                     4576.461863794303        2762.378999131099        2502.294445801098
0.853664                 1                        1                        1                        8.6                      0.11627906976744186      5.340043970407984E-13    5.341305768908623E-13    0.25                     5.0E10                   2700                     4576.461863794303        2762.378999131099        2502.294445801098
0.853664                 1                        1                        1                        8.7                      0.11494252873563218      5.341595156107558E-13    5.342516728074115E-13    0.25                     5.0E10                   2700                     4576.461863794303        2762.378999131099        2502.294445801098
0.853664                 1                        1                        1                        8.8                      0.11363636363636362      5.343189764054271E-13    5.343759445288433E-13    0.25                     5.0E10                   2700                     4576.461863794303        2762.378999131099        2502.294445801098
0.853664                 1                        1                        1                        8.9                      0.11235955056179775      5.344820526422129E-13    5.345028733067308E-13    0.25                     5.0E10                   2700                     4576.461863794303        2762.378999131099        2502.294445801098
0.853664                 1                        1                        1                        9                        0.11111111111111112      5.346480607010867E-13    5.34631966228714E-13     0.25                     5.0E10                   2700                     4576.461863794303        2762.378999131099        2502.294445801098
0.853664                 1                        1                        1                        9.1                      0.1098901098901099       5.348163603755606E-13    5.347627574601439E-13    0.25                     5.0E10                   2700                     4576.461863794303        2762.378999131099        2502.294445801098
0.853664                 1                        1                        1                        9.2                      0.10869565217391305      5.349863546439978E-13    5.348948089855135E-13    0.25                     5.0E10                   2700                     4576.461863794303        2762.378999131099        2502.294445801098
0.853664                 1                        1                        1                        9.3                      0.10752688172043011      5.351574890368639E-13    5.35027710920496E-13     0.25                     5.0E10                   2700                     4576.461863794303        2762.378999131099        2502.294445801098
0.853664                 1                        1                        1                        9.4                      0.10638297872340426      5.353292506024001E-13    5.351610814362102E-13    0.25                     5.0E10                   2700                     4576.461863794303        2762.378999131099        2502.294445801098
0.853664                 1                        1                        1                        9.5                      0.10526315789473685      5.355011667065896E-13    5.352945664324122E-13    0.25                     5.0E10                   2700                     4576.461863794303        2762.378999131099        2502.294445801098
0.853664                 1                        1                        1                        9.6                      0.10416666666666667      5.356728035139647E-13    5.354278389291015E-13    0.25                     5.0E10                   2700                     4576.461863794303        2762.378999131099        2502.294445801098
0.853664                 1                        1                        1                        9.700000000000001        0.1030927835051546       5.358437644229882E-13    5.355605983109E-13       0.25                     5.0E10                   2700                     4576.461863794303        2762.378999131099        2502.294445801098
0.853664                 1                        1                        1                        9.8                      0.10204081632653059      5.360136883724902E-13    5.356925694276537E-13    0.25                     5.0E10                   2700                     4576.461863794303        2762.378999131099        2502.294445801098
0.853664                 1                        1                        1                        9.9                      0.101010101010101        5.36182248023173E-13     5.358235015509381E-13    0.25                     5.0E10                   2700                     4576.461863794303        2762.378999131099        2502.294445801098
0.853664                 1                        1                        1                        10                       0.1                      5.364230911316123E-13    5.360018994886879E-13    0.25                     5.0E10                   2700                     4576.461863794303        2762.378999131099        2502.294445801098
