1.07708                  1                        1                        1                        0.1                      10                       5.331348220321493E-13    5.331373265367784E-13    0.25                     5.0E10                   2700                     4806.595221290644        2700.9162300254393       2502.294445801098
1.07708                  1                        1                        1                        0.2                      5                        5.334816219318675E-13    5.331472421205939E-13    0.25                     5.0E10                   2700                     4806.595221290644        2700.9162300254393       2502.294445801098
1.07708                  1                        1                        1                        0.30000000000000004      3.3333333333333326       5.366597701677652E-13    5.363080093635007E-13    0.25                     5.0E10                   2700                     4806.595221290644        2700.9162300254393       2502.294445801098
1.07708                  1                        1                        1                        0.4                      2.5                      5.329128724739045E-13    5.331772260138499E-13    0.25                     5.0E10                   2700                     4806.595221290644        2700.9162300254393       2502.294445801098
1.07708                  1                        1                        1                        0.5                      2                        5.331662701666124E-13    5.331324072000008E-13    0.25                     5.0E10                   2700                     4806.595221290644        2700.9162300254393       2502.294445801098
1.07708                  1                        1                        1                        0.6                      1.6666666666666667       5.365906330347796E-13    5.364257070466411E-13    0.25                     5.0E10                   2700                     4806.595221290644        2700.9162300254393       2502.294445801098
1.07708                  1                        1                        1                        0.7000000000000001       1.4285714285714284       5.375231725399356E-13    5.3712445942047E-13      0.25                     5.0E10                   2700                     4806.595221290644        2700.9162300254393       2502.294445801098
1.07708                  1                        1                        1                        0.8                      1.25                     5.346767069749562E-13    5.328121119370728E-13    0.25                     5.0E10                   2700                     4806.595221290644        2700.9162300254393       2502.294445801098
1.07708                  1                        1                        1                        0.9                      1.1111111111111112       5.323412669257326E-13    5.331251963621817E-13    0.25                     5.0E10                   2700                     4806.595221290644        2700.9162300254393       2502.294445801098
1.07708                  1                        1                        1                        1                        1                        5.342016656978368E-13    5.323513854604769E-13    0.25                     5.0E10                   2700                     4806.595221290644        2700.9162300254393       2502.294445801098
1.07708                  1                        1                        1                        1.1                      0.909090909090909        5.3378195285674E-13      5.347967336740134E-13    0.25                     5.0E10                   2700                     4806.595221290644        2700.9162300254393       2502.294445801098
1.07708                  1                        1                        1                        1.2000000000000002       0.8333333333333331       5.335809623818282E-13    5.354383006560593E-13    0.25                     5.0E10                   2700                     4806.595221290644        2700.9162300254393       2502.294445801098
1.07708                  1                        1                        1                        1.3000000000000003       0.769230769230769        5.336260628417185E-13    5.335556397769218E-13    0.25                     5.0E10                   2700                     4806.595221290644        2700.9162300254393       2502.294445801098
1.07708                  1                        1                        1                        1.4000000000000001       0.7142857142857142       5.341940618697741E-13    5.346001424657452E-13    0.25                     5.0E10                   2700                     4806.595221290644        2700.9162300254393       2502.294445801098
1.07708                  1                        1                        1                        1.5000000000000002       0.6666666666666665       5.324650455786184E-13    5.353334317358726E-13    0.25                     5.0E10                   2700                     4806.595221290644        2700.9162300254393       2502.294445801098
1.07708                  1                        1                        1                        1.6                      0.625                    5.278642371961601E-13    5.323403363355105E-13    0.25                     5.0E10                   2700                     4806.595221290644        2700.9162300254393       2502.294445801098
1.07708                  1                        1                        1                        1.7000000000000002       0.588235294117647        5.31011734177137E-13     5.352475377520913E-13    0.25                     5.0E10                   2700                     4806.595221290644        2700.9162300254393       2502.294445801098
1.07708                  1                        1                        1                        1.8000000000000003       0.5555555555555555       5.341764502167757E-13    5.37027202656685E-13     0.25                     5.0E10                   2700                     4806.595221290644        2700.9162300254393       2502.294445801098
1.07708                  1                        1                        1                        1.9000000000000001       0.5263157894736842       5.332249677567401E-13    5.345789073711019E-13    0.25                     5.0E10                   2700                     4806.595221290644        2700.9162300254393       2502.294445801098
1.07708                  1                        1                        1                        2                        0.5                      5.324264330477419E-13    5.3279184350478E-13      0.25                     5.0E10                   2700                     4806.595221290644        2700.9162300254393       2502.294445801098
1.07708                  1                        1                        1                        2.1                      0.47619047619047616      5.338871052387946E-13    5.34013641024915E-13     0.25                     5.0E10                   2700                     4806.595221290644        2700.9162300254393       2502.294445801098
1.07708                  1                        1                        1                        2.2                      0.4545454545454545       5.359099926551114E-13    5.364582616599097E-13    0.25                     5.0E10                   2700                     4806.595221290644        2700.9162300254393       2502.294445801098
1.07708                  1                        1                        1                        2.3000000000000003       0.43478260869565216      5.363481730683838E-13    5.376824565747136E-13    0.25                     5.0E10                   2700                     4806.595221290644        2700.9162300254393       2502.294445801098
1.07708                  1                        1                        1                        2.4000000000000004       0.4166666666666666       5.3489737023041E-13      5.370400244500721E-13    0.25                     5.0E10                   2700                     4806.595221290644        2700.9162300254393       2502.294445801098
1.07708                  1                        1                        1                        2.5000000000000004       0.3999999999999999       5.327713800547238E-13    5.354345831009469E-13    0.25                     5.0E10                   2700                     4806.595221290644        2700.9162300254393       2502.294445801098
1.07708                  1                        1                        1                        2.6                      0.3846153846153846       5.310926494989319E-13    5.340394577296117E-13    0.25                     5.0E10                   2700                     4806.595221290644        2700.9162300254393       2502.294445801098
1.07708                  1                        1                        1                        2.7                      0.37037037037037035      5.305729211030831E-13    5.335107209732478E-13    0.25                     5.0E10                   2700                     4806.595221290644        2700.9162300254393       2502.294445801098
1.07708                  1                        1                        1                        2.8000000000000003       0.3571428571428571       5.311872314120304E-13    5.338859345488584E-13    0.25                     5.0E10                   2700                     4806.595221290644        2700.9162300254393       2502.294445801098
1.07708                  1                        1                        1                        2.9000000000000004       0.3448275862068965       5.325218654063567E-13    5.348239587930955E-13    0.25                     5.0E10                   2700                     4806.595221290644        2700.9162300254393       2502.294445801098
1.07708                  1                        1                        1                        3.0000000000000004       0.33333333333333326      5.340747611427272E-13    5.358862389233374E-13    0.25                     5.0E10                   2700                     4806.595221290644        2700.9162300254393       2502.294445801098
1.07708                  1                        1                        1                        3.1                      0.32258064516129037      5.354502245949818E-13    5.367256578406283E-13    0.25                     5.0E10                   2700                     4806.595221290644        2700.9162300254393       2502.294445801098
1.07708                  1                        1                        1                        3.2                      0.3125                   5.364346288640109E-13    5.371631626639532E-13    0.25                     5.0E10                   2700                     4806.595221290644        2700.9162300254393       2502.294445801098
1.07708                  1                        1                        1                        3.3000000000000003       0.30303030303030304      5.369852793570034E-13    5.371798018759401E-13    0.25                     5.0E10                   2700                     4806.595221290644        2700.9162300254393       2502.294445801098
1.07708                  1                        1                        1                        3.4000000000000004       0.2941176470588235       5.372738263295579E-13    5.369794325524427E-13    0.25                     5.0E10                   2700                     4806.595221290644        2700.9162300254393       2502.294445801098
1.07708                  1                        1                        1                        3.5000000000000004       0.2857142857142857       5.372230487200403E-13    5.364651284310812E-13    0.25                     5.0E10                   2700                     4806.595221290644        2700.9162300254393       2502.294445801098
1.07708                  1                        1                        1                        3.6                      0.2777777777777778       5.370804765447764E-13    5.359080899678546E-13    0.25                     5.0E10                   2700                     4806.595221290644        2700.9162300254393       2502.294445801098
1.07708                  1                        1                        1                        3.7                      0.2702702702702703       5.369580106586375E-13    5.354265167075705E-13    0.25                     5.0E10                   2700                     4806.595221290644        2700.9162300254393       2502.294445801098
1.07708                  1                        1                        1                        3.8000000000000003       0.2631578947368421       5.369309599168239E-13    5.351002912845384E-13    0.25                     5.0E10                   2700                     4806.595221290644        2700.9162300254393       2502.294445801098
1.07708                  1                        1                        1                        3.9000000000000004       0.2564102564102564       5.37037141466401E-13     5.349702714578256E-13    0.25                     5.0E10                   2700                     4806.595221290644        2700.9162300254393       2502.294445801098
1.07708                  1                        1                        1                        4                        0.25                     5.372828791158503E-13    5.350441726393877E-13    0.25                     5.0E10                   2700                     4806.595221290644        2700.9162300254393       2502.294445801098
1.07708                  1                        1                        1                        4.1                      0.24390243902439027      5.376514190780068E-13    5.353050594968415E-13    0.25                     5.0E10                   2700                     4806.595221290644        2700.9162300254393       2502.294445801098
1.07708                  1                        1                        1                        4.2                      0.23809523809523808      5.381116178830879E-13    5.357200798914932E-13    0.25                     5.0E10                   2700                     4806.595221290644        2700.9162300254393       2502.294445801098
1.07708                  1                        1                        1                        4.3                      0.23255813953488372      5.386254394907602E-13    5.362480956039264E-13    0.25                     5.0E10                   2700                     4806.595221290644        2700.9162300254393       2502.294445801098
1.07708                  1                        1                        1                        4.3999999999999995       0.22727272727272732      5.391537658012399E-13    5.368456911636248E-13    0.25                     5.0E10                   2700                     4806.595221290644        2700.9162300254393       2502.294445801098
1.07708                  1                        1                        1                        4.5                      0.22222222222222224      5.396604702004308E-13    5.37471491900669E-13     0.25                     5.0E10                   2700                     4806.595221290644        2700.9162300254393       2502.294445801098
1.07708                  1                        1                        1                        4.6                      0.2173913043478261       5.401150599150476E-13    5.380890371271052E-13    0.25                     5.0E10                   2700                     4806.595221290644        2700.9162300254393       2502.294445801098
1.07708                  1                        1                        1                        4.7                      0.2127659574468085       5.404935008354309E-13    5.386680274628829E-13    0.25                     5.0E10                   2700                     4806.595221290644        2700.9162300254393       2502.294445801098
1.07708                  1                        1                        1                        4.8                      0.20833333333333334      5.407791917651558E-13    5.391853211715227E-13    0.25                     5.0E10                   2700                     4806.595221290644        2700.9162300254393       2502.294445801098
1.07708                  1                        1                        1                        4.9                      0.20408163265306117      5.409622114893654E-13    5.396245618863823E-13    0.25                     5.0E10                   2700                     4806.595221290644        2700.9162300254393       2502.294445801098
1.07708                  1                        1                        1                        5                        0.2                      5.411380880996093E-13    5.400704385693665E-13    0.25                     5.0E10                   2700                     4806.595221290644        2700.9162300254393       2502.294445801098
1.07708                  1                        1                        1                        5.1                      0.19607843137254904      5.410997045817079E-13    5.4031959939613E-13      0.25                     5.0E10                   2700                     4806.595221290644        2700.9162300254393       2502.294445801098
1.07708                  1                        1                        1                        5.2                      0.1923076923076923       5.409619845265269E-13    5.404767731023998E-13    0.25                     5.0E10                   2700                     4806.595221290644        2700.9162300254393       2502.294445801098
1.07708                  1                        1                        1                        5.3                      0.18867924528301888      5.407329590355573E-13    5.405453071597799E-13    0.25                     5.0E10                   2700                     4806.595221290644        2700.9162300254393       2502.294445801098
1.07708                  1                        1                        1                        5.4                      0.18518518518518517      5.404226720663228E-13    5.405311473183551E-13    0.25                     5.0E10                   2700                     4806.595221290644        2700.9162300254393       2502.294445801098
1.07708                  1                        1                        1                        5.5                      0.18181818181818182      5.400423671458527E-13    5.40442030861403E-13     0.25                     5.0E10                   2700                     4806.595221290644        2700.9162300254393       2502.294445801098
1.07708                  1                        1                        1                        5.6                      0.17857142857142858      5.396038126567276E-13    5.402867967411379E-13    0.25                     5.0E10                   2700                     4806.595221290644        2700.9162300254393       2502.294445801098
1.07708                  1                        1                        1                        5.7                      0.17543859649122806      5.391189407589864E-13    5.400750054153428E-13    0.25                     5.0E10                   2700                     4806.595221290644        2700.9162300254393       2502.294445801098
1.07708                  1                        1                        1                        5.8                      0.1724137931034483       5.385987491131287E-13    5.3981575318781E-13      0.25                     5.0E10                   2700                     4806.595221290644        2700.9162300254393       2502.294445801098
1.07708                  1                        1                        1                        5.9                      0.1694915254237288       5.380540410078151E-13    5.395184270331834E-13    0.25                     5.0E10                   2700                     4806.595221290644        2700.9162300254393       2502.294445801098
1.07708                  1                        1                        1                        6                        0.16666666666666666      5.374945497005766E-13    5.391917387347761E-13    0.25                     5.0E10                   2700                     4806.595221290644        2700.9162300254393       2502.294445801098
1.07708                  1                        1                        1                        6.1                      0.16393442622950818      5.369289952590237E-13    5.38843738431925E-13     0.25                     5.0E10                   2700                     4806.595221290644        2700.9162300254393       2502.294445801098
1.07708                  1                        1                        1                        6.2                      0.16129032258064518      5.363650351663288E-13    5.384817148439951E-13    0.25                     5.0E10                   2700                     4806.595221290644        2700.9162300254393       2502.294445801098
1.07708                  1                        1                        1                        6.3                      0.15873015873015872      5.358092630866391E-13    5.381121466781053E-13    0.25                     5.0E10                   2700                     4806.595221290644        2700.9162300254393       2502.294445801098
1.07708                  1                        1                        1                        6.4                      0.15625                  5.352672429543435E-13    5.377406931584294E-13    0.25                     5.0E10                   2700                     4806.595221290644        2700.9162300254393       2502.294445801098
1.07708                  1                        1                        1                        6.5                      0.15384615384615383      5.347435674964457E-13    5.373722132813293E-13    0.25                     5.0E10                   2700                     4806.595221290644        2700.9162300254393       2502.294445801098
1.07708                  1                        1                        1                        6.6                      0.15151515151515152      5.342419324522634E-13    5.370108052254624E-13    0.25                     5.0E10                   2700                     4806.595221290644        2700.9162300254393       2502.294445801098
1.07708                  1                        1                        1                        6.7                      0.1492537313432836       5.337652197136607E-13    5.366598590444707E-13    0.25                     5.0E10                   2700                     4806.595221290644        2700.9162300254393       2502.294445801098
1.07708                  1                        1                        1                        6.8                      0.14705882352941177      5.333155841056678E-13    5.363221171872561E-13    0.25                     5.0E10                   2700                     4806.595221290644        2700.9162300254393       2502.294445801098
1.07708                  1                        1                        1                        6.9                      0.14492753623188404      5.328945399742692E-13    5.359997387197753E-13    0.25                     5.0E10                   2700                     4806.595221290644        2700.9162300254393       2502.294445801098
1.07708                  1                        1                        1                        7                        0.14285714285714285      5.325030449042686E-13    5.356943641857651E-13    0.25                     5.0E10                   2700                     4806.595221290644        2700.9162300254393       2502.294445801098
1.07708                  1                        1                        1                        7.1                      0.14084507042253522      5.321415786933067E-13    5.354071789049112E-13    0.25                     5.0E10                   2700                     4806.595221290644        2700.9162300254393       2502.294445801098
1.07708                  1                        1                        1                        7.2                      0.1388888888888889       5.318102164624359E-13    5.351389731830134E-13    0.25                     5.0E10                   2700                     4806.595221290644        2700.9162300254393       2502.294445801098
1.07708                  1                        1                        1                        7.3                      0.13698630136986303      5.315086952764744E-13    5.348901984835329E-13    0.25                     5.0E10                   2700                     4806.595221290644        2700.9162300254393       2502.294445801098
1.07708                  1                        1                        1                        7.4                      0.13513513513513514      5.312364741044956E-13    5.346610190124332E-13    0.25                     5.0E10                   2700                     4806.595221290644        2700.9162300254393       2502.294445801098
1.07708                  1                        1                        1                        7.5                      0.13333333333333333      5.309927870825002E-13    5.34451358434993E-13     0.25                     5.0E10                   2700                     4806.595221290644        2700.9162300254393       2502.294445801098
1.07708                  1                        1                        1                        7.6                      0.13157894736842105      5.307771945311235E-13    5.342614429300315E-13    0.25                     5.0E10                   2700                     4806.595221290644        2700.9162300254393       2502.294445801098
1.07708                  1                        1                        1                        7.7                      0.12987012987012989      5.305876362338129E-13    5.340898600977249E-13    0.25                     5.0E10                   2700                     4806.595221290644        2700.9162300254393       2502.294445801098
1.07708                  1                        1                        1                        7.8                      0.12820512820512822      5.304234055104471E-13    5.339365197153183E-13    0.25                     5.0E10                   2700                     4806.595221290644        2700.9162300254393       2502.294445801098
1.07708                  1                        1                        1                        7.9                      0.12658227848101267      5.302832483877396E-13    5.338007558236534E-13    0.25                     5.0E10                   2700                     4806.595221290644        2700.9162300254393       2502.294445801098
1.07708                  1                        1                        1                        8                        0.125                    5.301658651094487E-13    5.336818265651213E-13    0.25                     5.0E10                   2700                     4806.595221290644        2700.9162300254393       2502.294445801098
1.07708                  1                        1                        1                        8.1                      0.1234567901234568       5.30069931784977E-13     5.335789352953212E-13    0.25                     5.0E10                   2700                     4806.595221290644        2700.9162300254393       2502.294445801098
1.07708                  1                        1                        1                        8.2                      0.12195121951219513      5.299941183074092E-13    5.334912484819748E-13    0.25                     5.0E10                   2700                     4806.595221290644        2700.9162300254393       2502.294445801098
1.07708                  1                        1                        1                        8.3                      0.12048192771084336      5.299371031792152E-13    5.334179108473497E-13    0.25                     5.0E10                   2700                     4806.595221290644        2700.9162300254393       2502.294445801098
1.07708                  1                        1                        1                        8.4                      0.11904761904761904      5.298975855164186E-13    5.333580579999185E-13    0.25                     5.0E10                   2700                     4806.595221290644        2700.9162300254393       2502.294445801098
1.07708                  1                        1                        1                        8.5                      0.11764705882352941      5.298742946706677E-13    5.333108268912872E-13    0.25                     5.0E10                   2700                     4806.595221290644        2700.9162300254393       2502.294445801098
1.07708                  1                        1                        1                        8.6                      0.11627906976744186      5.298659977824965E-13    5.332753643780459E-13    0.25                     5.0E10                   2700                     4806.595221290644        2700.9162300254393       2502.294445801098
1.07708                  1                        1                        1                        8.7                      0.11494252873563218      5.298715055519045E-13    5.33250834114379E-13     0.25                     5.0E10                   2700                     4806.595221290644        2700.9162300254393       2502.294445801098
1.07708                  1                        1                        1                        8.8                      0.11363636363636362      5.298896765092611E-13    5.332364220268885E-13    0.25                     5.0E10                   2700                     4806.595221290644        2700.9162300254393       2502.294445801098
1.07708                  1                        1                        1                        8.9                      0.11235955056179775      5.299194200128734E-13    5.332313405624543E-13    0.25                     5.0E10                   2700                     4806.595221290644        2700.9162300254393       2502.294445801098
1.07708                  1                        1                        1                        9                        0.11111111111111112      5.299596982040821E-13    5.33234831908646E-13     0.25                     5.0E10                   2700                     4806.595221290644        2700.9162300254393       2502.294445801098
1.07708                  1                        1                        1                        9.1                      0.1098901098901099       5.300095270203042E-13    5.33246170298232E-13     0.25                     5.0E10                   2700                     4806.595221290644        2700.9162300254393       2502.294445801098
1.07708                  1                        1                        1                        9.2                      0.10869565217391305      5.300679765140397E-13    5.33264663590289E-13     0.25                     5.0E10                   2700                     4806.595221290644        2700.9162300254393       2502.294445801098
1.07708                  1                        1                        1                        9.3                      0.10752688172043011      5.301341705876997E-13    5.332896542334149E-13    0.25                     5.0E10                   2700                     4806.595221290644        2700.9162300254393       2502.294445801098
1.07708                  1                        1                        1                        9.4                      0.10638297872340426      5.302072861798014E-13    5.333205196825119E-13    0.25                     5.0E10                   2700                     4806.595221290644        2700.9162300254393       2502.294445801098
1.07708                  1                        1                        1                        9.5                      0.10526315789473685      5.302865521603876E-13    5.33356672429169E-13     0.25                     5.0E10                   2700                     4806.595221290644        2700.9162300254393       2502.294445801098
1.07708                  1                        1                        1                        9.6                      0.10416666666666667      5.303712478110949E-13    5.333975596398667E-13    0.25                     5.0E10                   2700                     4806.595221290644        2700.9162300254393       2502.294445801098
1.07708                  1                        1                        1                        9.700000000000001        0.1030927835051546       5.304607011728583E-13    5.334426625514992E-13    0.25                     5.0E10                   2700                     4806.595221290644        2700.9162300254393       2502.294445801098
1.07708                  1                        1                        1                        9.8                      0.10204081632653059      5.30554287201144E-13     5.33491495645011E-13     0.25                     5.0E10                   2700                     4806.595221290644        2700.9162300254393       2502.294445801098
1.07708                  1                        1                        1                        9.9                      0.101010101010101        5.306514257426598E-13    5.335436056114585E-13    0.25                     5.0E10                   2700                     4806.595221290644        2700.9162300254393       2502.294445801098
1.07708                  1                        1                        1                        10                       0.1                      5.308173204960801E-13    5.336398986183665E-13    0.25                     5.0E10                   2700                     4806.595221290644        2700.9162300254393       2502.294445801098
