1.04567                  1                        1                        1                        0.1                      10                       5.33134706604375E-13     5.331372383628135E-13    0.25                     5.0E10                   2700                     4766.931491520171        2709.3099774861867       2502.294445801098
1.04567                  1                        1                        1                        0.2                      5                        5.334821641926198E-13    5.331475861004469E-13    0.25                     5.0E10                   2700                     4766.931491520171        2709.3099774861867       2502.294445801098
1.04567                  1                        1                        1                        0.30000000000000004      3.3333333333333326       5.366592278931989E-13    5.363079015891801E-13    0.25                     5.0E10                   2700                     4766.931491520171        2709.3099774861867       2502.294445801098
1.04567                  1                        1                        1                        0.4                      2.5                      5.32916752260073E-13     5.331807128955028E-13    0.25                     5.0E10                   2700                     4766.931491520171        2709.3099774861867       2502.294445801098
1.04567                  1                        1                        1                        0.5                      2                        5.331616914934474E-13    5.331460950271119E-13    0.25                     5.0E10                   2700                     4766.931491520171        2709.3099774861867       2502.294445801098
1.04567                  1                        1                        1                        0.6                      1.6666666666666667       5.365760282343507E-13    5.364739116951595E-13    0.25                     5.0E10                   2700                     4766.931491520171        2709.3099774861867       2502.294445801098
1.04567                  1                        1                        1                        0.7000000000000001       1.4285714285714284       5.374606582601135E-13    5.372230482086029E-13    0.25                     5.0E10                   2700                     4766.931491520171        2709.3099774861867       2502.294445801098
1.04567                  1                        1                        1                        0.8                      1.25                     5.346360179655881E-13    5.330060165960871E-13    0.25                     5.0E10                   2700                     4766.931491520171        2709.3099774861867       2502.294445801098
1.04567                  1                        1                        1                        0.9                      1.1111111111111112       5.323711837705681E-13    5.333714015589352E-13    0.25                     5.0E10                   2700                     4766.931491520171        2709.3099774861867       2502.294445801098
1.04567                  1                        1                        1                        1                        1                        5.344474152079398E-13    5.326783449649299E-13    0.25                     5.0E10                   2700                     4766.931491520171        2709.3099774861867       2502.294445801098
1.04567                  1                        1                        1                        1.1                      0.909090909090909        5.343504896133784E-13    5.352609502522823E-13    0.25                     5.0E10                   2700                     4766.931491520171        2709.3099774861867       2502.294445801098
1.04567                  1                        1                        1                        1.2000000000000002       0.8333333333333331       5.343846314325402E-13    5.35913199681832E-13     0.25                     5.0E10                   2700                     4766.931491520171        2709.3099774861867       2502.294445801098
1.04567                  1                        1                        1                        1.3000000000000003       0.769230769230769        5.346551349396493E-13    5.339987300640523E-13    0.25                     5.0E10                   2700                     4766.931491520171        2709.3099774861867       2502.294445801098
1.04567                  1                        1                        1                        1.4000000000000001       0.7142857142857142       5.356234418554933E-13    5.352095627555905E-13    0.25                     5.0E10                   2700                     4766.931491520171        2709.3099774861867       2502.294445801098
1.04567                  1                        1                        1                        1.5000000000000002       0.6666666666666665       5.340932951528057E-13    5.359951447448662E-13    0.25                     5.0E10                   2700                     4766.931491520171        2709.3099774861867       2502.294445801098
1.04567                  1                        1                        1                        1.6                      0.625                    5.294566026026433E-13    5.328873959923362E-13    0.25                     5.0E10                   2700                     4766.931491520171        2709.3099774861867       2502.294445801098
1.04567                  1                        1                        1                        1.7000000000000002       0.588235294117647        5.32547848328054E-13     5.356802434922351E-13    0.25                     5.0E10                   2700                     4766.931491520171        2709.3099774861867       2502.294445801098
1.04567                  1                        1                        1                        1.8000000000000003       0.5555555555555555       5.356951464899308E-13    5.37419126516318E-13     0.25                     5.0E10                   2700                     4766.931491520171        2709.3099774861867       2502.294445801098
1.04567                  1                        1                        1                        1.9000000000000001       0.5263157894736842       5.347353846655225E-13    5.349889162318703E-13    0.25                     5.0E10                   2700                     4766.931491520171        2709.3099774861867       2502.294445801098
1.04567                  1                        1                        1                        2                        0.5                      5.338801605965702E-13    5.332129090697485E-13    0.25                     5.0E10                   2700                     4766.931491520171        2709.3099774861867       2502.294445801098
1.04567                  1                        1                        1                        2.1                      0.47619047619047616      5.351968641301028E-13    5.343878920088453E-13    0.25                     5.0E10                   2700                     4766.931491520171        2709.3099774861867       2502.294445801098
1.04567                  1                        1                        1                        2.2                      0.4545454545454545       5.369997076020441E-13    5.367281713593977E-13    0.25                     5.0E10                   2700                     4766.931491520171        2709.3099774861867       2502.294445801098
1.04567                  1                        1                        1                        2.3000000000000003       0.43478260869565216      5.371957475093866E-13    5.378317452324545E-13    0.25                     5.0E10                   2700                     4766.931491520171        2709.3099774861867       2502.294445801098
1.04567                  1                        1                        1                        2.4000000000000004       0.4166666666666666       5.355412072857089E-13    5.371005713643206E-13    0.25                     5.0E10                   2700                     4766.931491520171        2709.3099774861867       2502.294445801098
1.04567                  1                        1                        1                        2.5000000000000004       0.3999999999999999       5.332842263286646E-13    5.354644177114212E-13    0.25                     5.0E10                   2700                     4766.931491520171        2709.3099774861867       2502.294445801098
1.04567                  1                        1                        1                        2.6                      0.3846153846153846       5.315450406331621E-13    5.340929630658755E-13    0.25                     5.0E10                   2700                     4766.931491520171        2709.3099774861867       2502.294445801098
1.04567                  1                        1                        1                        2.7                      0.37037037037037035      5.31017138235596E-13     5.336247844602934E-13    0.25                     5.0E10                   2700                     4766.931491520171        2709.3099774861867       2502.294445801098
1.04567                  1                        1                        1                        2.8000000000000003       0.3571428571428571       5.316505433864135E-13    5.340750727532485E-13    0.25                     5.0E10                   2700                     4766.931491520171        2709.3099774861867       2502.294445801098
1.04567                  1                        1                        1                        2.9000000000000004       0.3448275862068965       5.330086228272869E-13    5.350825125588383E-13    0.25                     5.0E10                   2700                     4766.931491520171        2709.3099774861867       2502.294445801098
1.04567                  1                        1                        1                        3.0000000000000004       0.33333333333333326      5.345719288095114E-13    5.361934214180021E-13    0.25                     5.0E10                   2700                     4766.931491520171        2709.3099774861867       2502.294445801098
1.04567                  1                        1                        1                        3.1                      0.32258064516129037      5.359339767047087E-13    5.370515316794852E-13    0.25                     5.0E10                   2700                     4766.931491520171        2709.3099774861867       2502.294445801098
1.04567                  1                        1                        1                        3.2                      0.3125                   5.36876644322761E-13     5.374743829267492E-13    0.25                     5.0E10                   2700                     4766.931491520171        2709.3099774861867       2502.294445801098
1.04567                  1                        1                        1                        3.3000000000000003       0.30303030303030304      5.373578322199402E-13    5.37444292391634E-13     0.25                     5.0E10                   2700                     4766.931491520171        2709.3099774861867       2502.294445801098
1.04567                  1                        1                        1                        3.4000000000000004       0.2941176470588235       5.375519368311688E-13    5.371681984134832E-13    0.25                     5.0E10                   2700                     4766.931491520171        2709.3099774861867       2502.294445801098
1.04567                  1                        1                        1                        3.5000000000000004       0.2857142857142857       5.373899674805663E-13    5.365577750612814E-13    0.25                     5.0E10                   2700                     4766.931491520171        2709.3099774861867       2502.294445801098
1.04567                  1                        1                        1                        3.6                      0.2777777777777778       5.371248446216793E-13    5.358896790542685E-13    0.25                     5.0E10                   2700                     4766.931491520171        2709.3099774861867       2502.294445801098
1.04567                  1                        1                        1                        3.7                      0.2702702702702703       5.368744952307701E-13    5.352882485568222E-13    0.25                     5.0E10                   2700                     4766.931491520171        2709.3099774861867       2502.294445801098
1.04567                  1                        1                        1                        3.8000000000000003       0.2631578947368421       5.367194937697875E-13    5.348387424690543E-13    0.25                     5.0E10                   2700                     4766.931491520171        2709.3099774861867       2502.294445801098
1.04567                  1                        1                        1                        3.9000000000000004       0.2564102564102564       5.367020075694151E-13    5.345864944602745E-13    0.25                     5.0E10                   2700                     4766.931491520171        2709.3099774861867       2502.294445801098
1.04567                  1                        1                        1                        4                        0.25                     5.368317923939663E-13    5.345428063217761E-13    0.25                     5.0E10                   2700                     4766.931491520171        2709.3099774861867       2502.294445801098
1.04567                  1                        1                        1                        4.1                      0.24390243902439027      5.370946879963152E-13    5.346935224523117E-13    0.25                     5.0E10                   2700                     4766.931491520171        2709.3099774861867       2502.294445801098
1.04567                  1                        1                        1                        4.2                      0.23809523809523808      5.374614050535272E-13    5.350078640818219E-13    0.25                     5.0E10                   2700                     4766.931491520171        2709.3099774861867       2502.294445801098
1.04567                  1                        1                        1                        4.3                      0.23255813953488372      5.378951216958331E-13    5.354461567994814E-13    0.25                     5.0E10                   2700                     4766.931491520171        2709.3099774861867       2502.294445801098
1.04567                  1                        1                        1                        4.3999999999999995       0.22727272727272732      5.383573850633933E-13    5.359659251411691E-13    0.25                     5.0E10                   2700                     4766.931491520171        2709.3099774861867       2502.294445801098
1.04567                  1                        1                        1                        4.5                      0.22222222222222224      5.388122672817538E-13    5.365262858609331E-13    0.25                     5.0E10                   2700                     4766.931491520171        2709.3099774861867       2502.294445801098
1.04567                  1                        1                        1                        4.6                      0.2173913043478261       5.392290827290815E-13    5.370908884251981E-13    0.25                     5.0E10                   2700                     4766.931491520171        2709.3099774861867       2502.294445801098
1.04567                  1                        1                        1                        4.7                      0.2127659574468085       5.395832883283002E-13    5.376292263745134E-13    0.25                     5.0E10                   2700                     4766.931491520171        2709.3099774861867       2502.294445801098
1.04567                  1                        1                        1                        4.8                      0.20833333333333334      5.398575196604307E-13    5.381176915780862E-13    0.25                     5.0E10                   2700                     4766.931491520171        2709.3099774861867       2502.294445801098
1.04567                  1                        1                        1                        4.9                      0.20408163265306117      5.400409055776826E-13    5.385392595201249E-13    0.25                     5.0E10                   2700                     4766.931491520171        2709.3099774861867       2502.294445801098
1.04567                  1                        1                        1                        5                        0.2                      5.402278805247334E-13    5.389777290975236E-13    0.25                     5.0E10                   2700                     4766.931491520171        2709.3099774861867       2502.294445801098
1.04567                  1                        1                        1                        5.1                      0.19607843137254904      5.402104759791168E-13    5.392292610153335E-13    0.25                     5.0E10                   2700                     4766.931491520171        2709.3099774861867       2502.294445801098
1.04567                  1                        1                        1                        5.2                      0.1923076923076923       5.401020993036383E-13    5.393972083923328E-13    0.25                     5.0E10                   2700                     4766.931491520171        2709.3099774861867       2502.294445801098
1.04567                  1                        1                        1                        5.3                      0.18867924528301888      5.399096078342937E-13    5.394839267057197E-13    0.25                     5.0E10                   2700                     4766.931491520171        2709.3099774861867       2502.294445801098
1.04567                  1                        1                        1                        5.4                      0.18518518518518517      5.396419103031317E-13    5.39494380012112E-13     0.25                     5.0E10                   2700                     4766.931491520171        2709.3099774861867       2502.294445801098
1.04567                  1                        1                        1                        5.5                      0.18181818181818182      5.393091761245514E-13    5.394353577911789E-13    0.25                     5.0E10                   2700                     4766.931491520171        2709.3099774861867       2502.294445801098
1.04567                  1                        1                        1                        5.6                      0.17857142857142858      5.389221764613371E-13    5.393148026093091E-13    0.25                     5.0E10                   2700                     4766.931491520171        2709.3099774861867       2502.294445801098
1.04567                  1                        1                        1                        5.7                      0.17543859649122806      5.384919308837925E-13    5.391414404440355E-13    0.25                     5.0E10                   2700                     4766.931491520171        2709.3099774861867       2502.294445801098
1.04567                  1                        1                        1                        5.8                      0.1724137931034483       5.380286223890636E-13    5.389236087586228E-13    0.25                     5.0E10                   2700                     4766.931491520171        2709.3099774861867       2502.294445801098
1.04567                  1                        1                        1                        5.9                      0.1694915254237288       5.375423259063952E-13    5.386700054754996E-13    0.25                     5.0E10                   2700                     4766.931491520171        2709.3099774861867       2502.294445801098
1.04567                  1                        1                        1                        6                        0.16666666666666666      5.370421388535672E-13    5.383887297944982E-13    0.25                     5.0E10                   2700                     4766.931491520171        2709.3099774861867       2502.294445801098
1.04567                  1                        1                        1                        6.1                      0.16393442622950818      5.365362316189903E-13    5.380872923849555E-13    0.25                     5.0E10                   2700                     4766.931491520171        2709.3099774861867       2502.294445801098
1.04567                  1                        1                        1                        6.2                      0.16129032258064518      5.360317924025673E-13    5.377725121237659E-13    0.25                     5.0E10                   2700                     4766.931491520171        2709.3099774861867       2502.294445801098
1.04567                  1                        1                        1                        6.3                      0.15873015873015872      5.355350193343174E-13    5.374504629103058E-13    0.25                     5.0E10                   2700                     4766.931491520171        2709.3099774861867       2502.294445801098
1.04567                  1                        1                        1                        6.4                      0.15625                  5.350511474961909E-13    5.371264589423128E-13    0.25                     5.0E10                   2700                     4766.931491520171        2709.3099774861867       2502.294445801098
1.04567                  1                        1                        1                        6.5                      0.15384615384615383      5.345845003083205E-13    5.368050684089176E-13    0.25                     5.0E10                   2700                     4766.931491520171        2709.3099774861867       2502.294445801098
1.04567                  1                        1                        1                        6.6                      0.15151515151515152      5.34138556796382E-13     5.364901472921046E-13    0.25                     5.0E10                   2700                     4766.931491520171        2709.3099774861867       2502.294445801098
1.04567                  1                        1                        1                        6.7                      0.1492537313432836       5.337160281374417E-13    5.361848865953709E-13    0.25                     5.0E10                   2700                     4766.931491520171        2709.3099774861867       2502.294445801098
1.04567                  1                        1                        1                        6.8                      0.14705882352941177      5.333189383129162E-13    5.358918676747811E-13    0.25                     5.0E10                   2700                     4766.931491520171        2709.3099774861867       2502.294445801098
1.04567                  1                        1                        1                        6.9                      0.14492753623188404      5.329487050960091E-13    5.356131216274583E-13    0.25                     5.0E10                   2700                     4766.931491520171        2709.3099774861867       2502.294445801098
1.04567                  1                        1                        1                        7                        0.14285714285714285      5.326062187189918E-13    5.353501897215072E-13    0.25                     5.0E10                   2700                     4766.931491520171        2709.3099774861867       2502.294445801098
1.04567                  1                        1                        1                        7.1                      0.14084507042253522      5.322919163442284E-13    5.351041826831605E-13    0.25                     5.0E10                   2700                     4766.931491520171        2709.3099774861867       2502.294445801098
1.04567                  1                        1                        1                        7.2                      0.1388888888888889       5.320058511966939E-13    5.348758373140181E-13    0.25                     5.0E10                   2700                     4766.931491520171        2709.3099774861867       2502.294445801098
1.04567                  1                        1                        1                        7.3                      0.13698630136986303      5.31747755700469E-13     5.346655694736541E-13    0.25                     5.0E10                   2700                     4766.931491520171        2709.3099774861867       2502.294445801098
1.04567                  1                        1                        1                        7.4                      0.13513513513513514      5.315170984087624E-13    5.344735228541816E-13    0.25                     5.0E10                   2700                     4766.931491520171        2709.3099774861867       2502.294445801098
1.04567                  1                        1                        1                        7.5                      0.13333333333333333      5.313131346478396E-13    5.342996132384141E-13    0.25                     5.0E10                   2700                     4766.931491520171        2709.3099774861867       2502.294445801098
1.04567                  1                        1                        1                        7.6                      0.13157894736842105      5.311354532050466E-13    5.341440678936881E-13    0.25                     5.0E10                   2700                     4766.931491520171        2709.3099774861867       2502.294445801098
1.04567                  1                        1                        1                        7.7                      0.12987012987012989      5.309820360259563E-13    5.340054887653707E-13    0.25                     5.0E10                   2700                     4766.931491520171        2709.3099774861867       2502.294445801098
1.04567                  1                        1                        1                        7.8                      0.12820512820512822      5.308522181097315E-13    5.338838023510268E-13    0.25                     5.0E10                   2700                     4766.931491520171        2709.3099774861867       2502.294445801098
1.04567                  1                        1                        1                        7.9                      0.12658227848101267      5.307447936771711E-13    5.337783666586822E-13    0.25                     5.0E10                   2700                     4766.931491520171        2709.3099774861867       2502.294445801098
1.04567                  1                        1                        1                        8                        0.125                    5.306585144185427E-13    5.33688468303085E-13     0.25                     5.0E10                   2700                     4766.931491520171        2709.3099774861867       2502.294445801098
1.04567                  1                        1                        1                        8.1                      0.1234567901234568       5.305921101650679E-13    5.336133426234421E-13    0.25                     5.0E10                   2700                     4766.931491520171        2709.3099774861867       2502.294445801098
1.04567                  1                        1                        1                        8.2                      0.12195121951219513      5.305443059968074E-13    5.335521907403766E-13    0.25                     5.0E10                   2700                     4766.931491520171        2709.3099774861867       2502.294445801098
1.04567                  1                        1                        1                        8.3                      0.12048192771084336      5.305138363919593E-13    5.335041939855878E-13    0.25                     5.0E10                   2700                     4766.931491520171        2709.3099774861867       2502.294445801098
1.04567                  1                        1                        1                        8.4                      0.11904761904761904      5.30499456679179E-13     5.33468525937603E-13     0.25                     5.0E10                   2700                     4766.931491520171        2709.3099774861867       2502.294445801098
1.04567                  1                        1                        1                        8.5                      0.11764705882352941      5.304999522069192E-13    5.334443623777563E-13    0.25                     5.0E10                   2700                     4766.931491520171        2709.3099774861867       2502.294445801098
1.04567                  1                        1                        1                        8.6                      0.11627906976744186      5.305141455258538E-13    5.334308894353677E-13    0.25                     5.0E10                   2700                     4766.931491520171        2709.3099774861867       2502.294445801098
1.04567                  1                        1                        1                        8.7                      0.11494252873563218      5.305409018728837E-13    5.334273101402321E-13    0.25                     5.0E10                   2700                     4766.931491520171        2709.3099774861867       2502.294445801098
1.04567                  1                        1                        1                        8.8                      0.11363636363636362      5.305791332030027E-13    5.334328496105596E-13    0.25                     5.0E10                   2700                     4766.931491520171        2709.3099774861867       2502.294445801098
1.04567                  1                        1                        1                        8.9                      0.11235955056179775      5.306278010084853E-13    5.33446759072442E-13     0.25                     5.0E10                   2700                     4766.931491520171        2709.3099774861867       2502.294445801098
1.04567                  1                        1                        1                        9                        0.11111111111111112      5.306859181354983E-13    5.334683188938154E-13    0.25                     5.0E10                   2700                     4766.931491520171        2709.3099774861867       2502.294445801098
1.04567                  1                        1                        1                        9.1                      0.1098901098901099       5.30752549697939E-13     5.334968407419227E-13    0.25                     5.0E10                   2700                     4766.931491520171        2709.3099774861867       2502.294445801098
1.04567                  1                        1                        1                        9.2                      0.10869565217391305      5.30826813322409E-13     5.335316690463746E-13    0.25                     5.0E10                   2700                     4766.931491520171        2709.3099774861867       2502.294445801098
1.04567                  1                        1                        1                        9.3                      0.10752688172043011      5.309078788383167E-13    5.335721818739348E-13    0.25                     5.0E10                   2700                     4766.931491520171        2709.3099774861867       2502.294445801098
1.04567                  1                        1                        1                        9.4                      0.10638297872340426      5.309949674384352E-13    5.336177912781797E-13    0.25                     5.0E10                   2700                     4766.931491520171        2709.3099774861867       2502.294445801098
1.04567                  1                        1                        1                        9.5                      0.10526315789473685      5.310873505652382E-13    5.336679432819662E-13    0.25                     5.0E10                   2700                     4766.931491520171        2709.3099774861867       2502.294445801098
1.04567                  1                        1                        1                        9.6                      0.10416666666666667      5.311843483964472E-13    5.337221174834621E-13    0.25                     5.0E10                   2700                     4766.931491520171        2709.3099774861867       2502.294445801098
1.04567                  1                        1                        1                        9.700000000000001        0.1030927835051546       5.312853282094929E-13    5.337798264331991E-13    0.25                     5.0E10                   2700                     4766.931491520171        2709.3099774861867       2502.294445801098
1.04567                  1                        1                        1                        9.8                      0.10204081632653059      5.31389702561734E-13     5.338406147997899E-13    0.25                     5.0E10                   2700                     4766.931491520171        2709.3099774861867       2502.294445801098
1.04567                  1                        1                        1                        9.9                      0.101010101010101        5.314969272994851E-13    5.339040583362595E-13    0.25                     5.0E10                   2700                     4766.931491520171        2709.3099774861867       2502.294445801098
1.04567                  1                        1                        1                        10                       0.1                      5.31673498539644E-13     5.340121945884969E-13    0.25                     5.0E10                   2700                     4766.931491520171        2709.3099774861867       2502.294445801098
