1.02245                  1                        1                        1                        0.1                      10                       5.331347076630511E-13    5.331372317457006E-13    0.25                     5.0E10                   2700                     4739.367089584721        2715.5656528077834       2502.294445801098
1.02245                  1                        1                        1                        0.2                      5                        5.334825850717636E-13    5.331478546822903E-13    0.25                     5.0E10                   2700                     4739.367089584721        2715.5656528077834       2502.294445801098
1.02245                  1                        1                        1                        0.30000000000000004      3.3333333333333326       5.366587838762329E-13    5.363077956007847E-13    0.25                     5.0E10                   2700                     4739.367089584721        2715.5656528077834       2502.294445801098
1.02245                  1                        1                        1                        0.4                      2.5                      5.329196278559035E-13    5.331833387573093E-13    0.25                     5.0E10                   2700                     4739.367089584721        2715.5656528077834       2502.294445801098
1.02245                  1                        1                        1                        0.5                      2                        5.331581906143485E-13    5.331561769547532E-13    0.25                     5.0E10                   2700                     4739.367089584721        2715.5656528077834       2502.294445801098
1.02245                  1                        1                        1                        0.6                      1.6666666666666667       5.365652192609395E-13    5.365097873039205E-13    0.25                     5.0E10                   2700                     4739.367089584721        2715.5656528077834       2502.294445801098
1.02245                  1                        1                        1                        0.7000000000000001       1.4285714285714284       5.374139087443854E-13    5.372960489606942E-13    0.25                     5.0E10                   2700                     4739.367089584721        2715.5656528077834       2502.294445801098
1.02245                  1                        1                        1                        0.8                      1.25                     5.346054709311716E-13    5.331494237449977E-13    0.25                     5.0E10                   2700                     4739.367089584721        2715.5656528077834       2502.294445801098
1.02245                  1                        1                        1                        0.9                      1.1111111111111112       5.323947853977298E-13    5.335542597907336E-13    0.25                     5.0E10                   2700                     4739.367089584721        2715.5656528077834       2502.294445801098
1.02245                  1                        1                        1                        1                        1                        5.346312406705237E-13    5.329196084765774E-13    0.25                     5.0E10                   2700                     4739.367089584721        2715.5656528077834       2502.294445801098
1.02245                  1                        1                        1                        1.1                      0.909090909090909        5.347758924264114E-13    5.356053454674028E-13    0.25                     5.0E10                   2700                     4739.367089584721        2715.5656528077834       2502.294445801098
1.02245                  1                        1                        1                        1.2000000000000002       0.8333333333333331       5.349842018853368E-13    5.36263504786883E-13     0.25                     5.0E10                   2700                     4739.367089584721        2715.5656528077834       2502.294445801098
1.02245                  1                        1                        1                        1.3000000000000003       0.769230769230769        5.354234992729501E-13    5.343259903546645E-13    0.25                     5.0E10                   2700                     4739.367089584721        2715.5656528077834       2502.294445801098
1.02245                  1                        1                        1                        1.4000000000000001       0.7142857142857142       5.366882076140441E-13    5.356607479289836E-13    0.25                     5.0E10                   2700                     4739.367089584721        2715.5656528077834       2502.294445801098
1.02245                  1                        1                        1                        1.5000000000000002       0.6666666666666665       5.353030801546478E-13    5.364847269402708E-13    0.25                     5.0E10                   2700                     4739.367089584721        2715.5656528077834       2502.294445801098
1.02245                  1                        1                        1                        1.6                      0.625                    5.306389562204849E-13    5.33292790781538E-13     0.25                     5.0E10                   2700                     4739.367089584721        2715.5656528077834       2502.294445801098
1.02245                  1                        1                        1                        1.7000000000000002       0.588235294117647        5.33688779536539E-13     5.360018573456404E-13    0.25                     5.0E10                   2700                     4739.367089584721        2715.5656528077834       2502.294445801098
1.02245                  1                        1                        1                        1.8000000000000003       0.5555555555555555       5.368229581234858E-13    5.377104724329066E-13    0.25                     5.0E10                   2700                     4739.367089584721        2715.5656528077834       2502.294445801098
1.02245                  1                        1                        1                        1.9000000000000001       0.5263157894736842       5.358563717040091E-13    5.352930471535766E-13    0.25                     5.0E10                   2700                     4739.367089584721        2715.5656528077834       2502.294445801098
1.02245                  1                        1                        1                        2                        0.5                      5.349582601739747E-13    5.335246372164244E-13    0.25                     5.0E10                   2700                     4739.367089584721        2715.5656528077834       2502.294445801098
1.02245                  1                        1                        1                        2.1                      0.47619047619047616      5.361671312409866E-13    5.346643813234834E-13    0.25                     5.0E10                   2700                     4739.367089584721        2715.5656528077834       2502.294445801098
1.02245                  1                        1                        1                        2.2                      0.4545454545454545       5.378055263788525E-13    5.369267732257119E-13    0.25                     5.0E10                   2700                     4739.367089584721        2715.5656528077834       2502.294445801098
1.02245                  1                        1                        1                        2.3000000000000003       0.43478260869565216      5.378208030047025E-13    5.379405026735665E-13    0.25                     5.0E10                   2700                     4739.367089584721        2715.5656528077834       2502.294445801098
1.02245                  1                        1                        1                        2.4000000000000004       0.4166666666666666       5.360142805796704E-13    5.371433603352643E-13    0.25                     5.0E10                   2700                     4739.367089584721        2715.5656528077834       2502.294445801098
1.02245                  1                        1                        1                        2.5000000000000004       0.3999999999999999       5.336595789222444E-13    5.354845072629567E-13    0.25                     5.0E10                   2700                     4739.367089584721        2715.5656528077834       2502.294445801098
1.02245                  1                        1                        1                        2.6                      0.3846153846153846       5.318751519284697E-13    5.341308041299634E-13    0.25                     5.0E10                   2700                     4739.367089584721        2715.5656528077834       2502.294445801098
1.02245                  1                        1                        1                        2.7                      0.37037037037037035      5.31340787642615E-13     5.337077271864206E-13    0.25                     5.0E10                   2700                     4739.367089584721        2715.5656528077834       2502.294445801098
1.02245                  1                        1                        1                        2.8000000000000003       0.3571428571428571       5.319878233802071E-13    5.342137495019021E-13    0.25                     5.0E10                   2700                     4739.367089584721        2715.5656528077834       2502.294445801098
1.02245                  1                        1                        1                        2.9000000000000004       0.3448275862068965       5.333625421343072E-13    5.352724965017835E-13    0.25                     5.0E10                   2700                     4739.367089584721        2715.5656528077834       2502.294445801098
1.02245                  1                        1                        1                        3.0000000000000004       0.33333333333333326      5.349325786487575E-13    5.364190236122142E-13    0.25                     5.0E10                   2700                     4739.367089584721        2715.5656528077834       2502.294445801098
1.02245                  1                        1                        1                        3.1                      0.32258064516129037      5.362834877412749E-13    5.372902987304613E-13    0.25                     5.0E10                   2700                     4739.367089584721        2715.5656528077834       2502.294445801098
1.02245                  1                        1                        1                        3.2                      0.3125                   5.371939081280488E-13    5.377014137866479E-13    0.25                     5.0E10                   2700                     4739.367089584721        2715.5656528077834       2502.294445801098
1.02245                  1                        1                        1                        3.3000000000000003       0.30303030303030304      5.376223031122705E-13    5.37635740682699E-13     0.25                     5.0E10                   2700                     4739.367089584721        2715.5656528077834       2502.294445801098
1.02245                  1                        1                        1                        3.4000000000000004       0.2941176470588235       5.377452128083011E-13    5.373026127412733E-13    0.25                     5.0E10                   2700                     4739.367089584721        2715.5656528077834       2502.294445801098
1.02245                  1                        1                        1                        3.5000000000000004       0.2857142857142857       5.374998707898417E-13    5.366202033367692E-13    0.25                     5.0E10                   2700                     4739.367089584721        2715.5656528077834       2502.294445801098
1.02245                  1                        1                        1                        3.6                      0.2777777777777778       5.371432382648614E-13    5.358692721870517E-13    0.25                     5.0E10                   2700                     4739.367089584721        2715.5656528077834       2502.294445801098
1.02245                  1                        1                        1                        3.7                      0.2702702702702703       5.367977308829722E-13    5.351787420481735E-13    0.25                     5.0E10                   2700                     4739.367089584721        2715.5656528077834       2502.294445801098
1.02245                  1                        1                        1                        3.8000000000000003       0.2631578947368421       5.365478160818723E-13    5.346378595977004E-13    0.25                     5.0E10                   2700                     4739.367089584721        2715.5656528077834       2502.294445801098
1.02245                  1                        1                        1                        3.9000000000000004       0.2564102564102564       5.364388521591448E-13    5.342952545340171E-13    0.25                     5.0E10                   2700                     4739.367089584721        2715.5656528077834       2502.294445801098
1.02245                  1                        1                        1                        4                        0.25                     5.364830906545932E-13    5.341648490486956E-13    0.25                     5.0E10                   2700                     4739.367089584721        2715.5656528077834       2502.294445801098
1.02245                  1                        1                        1                        4.1                      0.24390243902439027      5.366682387548446E-13    5.342345011043604E-13    0.25                     5.0E10                   2700                     4739.367089584721        2715.5656528077834       2502.294445801098
1.02245                  1                        1                        1                        4.2                      0.23809523809523808      5.369663256977988E-13    5.34474918948954E-13     0.25                     5.0E10                   2700                     4739.367089584721        2715.5656528077834       2502.294445801098
1.02245                  1                        1                        1                        4.3                      0.23255813953488372      5.373413773501231E-13    5.348474648511119E-13    0.25                     5.0E10                   2700                     4739.367089584721        2715.5656528077834       2502.294445801098
1.02245                  1                        1                        1                        4.3999999999999995       0.22727272727272732      5.377553881261507E-13    5.353103163418431E-13    0.25                     5.0E10                   2700                     4739.367089584721        2715.5656528077834       2502.294445801098
1.02245                  1                        1                        1                        4.5                      0.22222222222222224      5.381725396794485E-13    5.358229171577462E-13    0.25                     5.0E10                   2700                     4739.367089584721        2715.5656528077834       2502.294445801098
1.02245                  1                        1                        1                        4.6                      0.2173913043478261       5.385619743686817E-13    5.363489686038802E-13    0.25                     5.0E10                   2700                     4739.367089584721        2715.5656528077834       2502.294445801098
1.02245                  1                        1                        1                        4.7                      0.2127659574468085       5.388987512291659E-13    5.368577885532402E-13    0.25                     5.0E10                   2700                     4739.367089584721        2715.5656528077834       2502.294445801098
1.02245                  1                        1                        1                        4.8                      0.20833333333333334      5.391649274541753E-13    5.373254083334987E-13    0.25                     5.0E10                   2700                     4739.367089584721        2715.5656528077834       2502.294445801098
1.02245                  1                        1                        1                        4.9                      0.20408163265306117      5.393489219405975E-13    5.377342999034362E-13    0.25                     5.0E10                   2700                     4739.367089584721        2715.5656528077834       2502.294445801098
1.02245                  1                        1                        1                        5                        0.2                      5.395443584443566E-13    5.381676027632732E-13    0.25                     5.0E10                   2700                     4739.367089584721        2715.5656528077834       2502.294445801098
1.02245                  1                        1                        1                        5.1                      0.19607843137254904      5.395426387254504E-13    5.384211091955498E-13    0.25                     5.0E10                   2700                     4739.367089584721        2715.5656528077834       2502.294445801098
1.02245                  1                        1                        1                        5.2                      0.1923076923076923       5.394560564637401E-13    5.385971641392212E-13    0.25                     5.0E10                   2700                     4739.367089584721        2715.5656528077834       2502.294445801098
1.02245                  1                        1                        1                        5.3                      0.18867924528301888      5.392906083703365E-13    5.386973954400519E-13    0.25                     5.0E10                   2700                     4739.367089584721        2715.5656528077834       2502.294445801098
1.02245                  1                        1                        1                        5.4                      0.18518518518518517      5.390543722354005E-13    5.387260486478048E-13    0.25                     5.0E10                   2700                     4739.367089584721        2715.5656528077834       2502.294445801098
1.02245                  1                        1                        1                        5.5                      0.18181818181818182      5.387567322032585E-13    5.386892206076114E-13    0.25                     5.0E10                   2700                     4739.367089584721        2715.5656528077834       2502.294445801098
1.02245                  1                        1                        1                        5.6                      0.17857142857142858      5.384077309709466E-13    5.385941995302268E-13    0.25                     5.0E10                   2700                     4739.367089584721        2715.5656528077834       2502.294445801098
1.02245                  1                        1                        1                        5.7                      0.17543859649122806      5.380177218570754E-13    5.384491026945183E-13    0.25                     5.0E10                   2700                     4739.367089584721        2715.5656528077834       2502.294445801098
1.02245                  1                        1                        1                        5.8                      0.1724137931034483       5.375962931090506E-13    5.382617142321035E-13    0.25                     5.0E10                   2700                     4739.367089584721        2715.5656528077834       2502.294445801098
1.02245                  1                        1                        1                        5.9                      0.1694915254237288       5.371529880964203E-13    5.380402298045044E-13    0.25                     5.0E10                   2700                     4739.367089584721        2715.5656528077834       2502.294445801098
1.02245                  1                        1                        1                        6                        0.16666666666666666      5.366964401167917E-13    5.377923021080788E-13    0.25                     5.0E10                   2700                     4739.367089584721        2715.5656528077834       2502.294445801098
1.02245                  1                        1                        1                        6.1                      0.16393442622950818      5.362344182417995E-13    5.37525048576886E-13     0.25                     5.0E10                   2700                     4739.367089584721        2715.5656528077834       2502.294445801098
1.02245                  1                        1                        1                        6.2                      0.16129032258064518      5.357737679365287E-13    5.372449455473217E-13    0.25                     5.0E10                   2700                     4739.367089584721        2715.5656528077834       2502.294445801098
1.02245                  1                        1                        1                        6.3                      0.15873015873015872      5.353203983304431E-13    5.369577717130641E-13    0.25                     5.0E10                   2700                     4739.367089584721        2715.5656528077834       2502.294445801098
1.02245                  1                        1                        1                        6.4                      0.15625                  5.348793040960936E-13    5.366685895733972E-13    0.25                     5.0E10                   2700                     4739.367089584721        2715.5656528077834       2502.294445801098
1.02245                  1                        1                        1                        6.5                      0.15384615384615383      5.344546116481328E-13    5.363817550824195E-13    0.25                     5.0E10                   2700                     4739.367089584721        2715.5656528077834       2502.294445801098
1.02245                  1                        1                        1                        6.6                      0.15151515151515152      5.340496413597642E-13    5.361009473764975E-13    0.25                     5.0E10                   2700                     4739.367089584721        2715.5656528077834       2502.294445801098
1.02245                  1                        1                        1                        6.7                      0.1492537313432836       5.336669793164269E-13    5.358292120363895E-13    0.25                     5.0E10                   2700                     4739.367089584721        2715.5656528077834       2502.294445801098
1.02245                  1                        1                        1                        6.8                      0.14705882352941177      5.333085535178518E-13    5.355690126513197E-13    0.25                     5.0E10                   2700                     4739.367089584721        2715.5656528077834       2502.294445801098
1.02245                  1                        1                        1                        6.9                      0.14492753623188404      5.32975710793412E-13     5.353222866986816E-13    0.25                     5.0E10                   2700                     4739.367089584721        2715.5656528077834       2502.294445801098
1.02245                  1                        1                        1                        7                        0.14285714285714285      5.326692917966927E-13    5.35090502756143E-13     0.25                     5.0E10                   2700                     4739.367089584721        2715.5656528077834       2502.294445801098
1.02245                  1                        1                        1                        7.1                      0.14084507042253522      5.323897021994979E-13    5.348747168746762E-13    0.25                     5.0E10                   2700                     4739.367089584721        2715.5656528077834       2502.294445801098
1.02245                  1                        1                        1                        7.2                      0.1388888888888889       5.321369789274505E-13    5.34675626584399E-13     0.25                     5.0E10                   2700                     4739.367089584721        2715.5656528077834       2502.294445801098
1.02245                  1                        1                        1                        7.3                      0.13698630136986303      5.319108507577236E-13    5.344936215570956E-13    0.25                     5.0E10                   2700                     4739.367089584721        2715.5656528077834       2502.294445801098
1.02245                  1                        1                        1                        7.4                      0.13513513513513514      5.317107930376671E-13    5.343288303359945E-13    0.25                     5.0E10                   2700                     4739.367089584721        2715.5656528077834       2502.294445801098
1.02245                  1                        1                        1                        7.5                      0.13333333333333333      5.315360764182193E-13    5.341811628026803E-13    0.25                     5.0E10                   2700                     4739.367089584721        2715.5656528077834       2502.294445801098
1.02245                  1                        1                        1                        7.6                      0.13157894736842105      5.313863105005003E-13    5.340508469595371E-13    0.25                     5.0E10                   2700                     4739.367089584721        2715.5656528077834       2502.294445801098
1.02245                  1                        1                        1                        7.7                      0.12987012987012989      5.31259507733727E-13     5.339364950231705E-13    0.25                     5.0E10                   2700                     4739.367089584721        2715.5656528077834       2502.294445801098
1.02245                  1                        1                        1                        7.8                      0.12820512820512822      5.311550336735498E-13    5.338380456956984E-13    0.25                     5.0E10                   2700                     4739.367089584721        2715.5656528077834       2502.294445801098
1.02245                  1                        1                        1                        7.9                      0.12658227848101267      5.310717177807795E-13    5.337548744523838E-13    0.25                     5.0E10                   2700                     4739.367089584721        2715.5656528077834       2502.294445801098
1.02245                  1                        1                        1                        8                        0.125                    5.310083493999532E-13    5.336862886923888E-13    0.25                     5.0E10                   2700                     4739.367089584721        2715.5656528077834       2502.294445801098
1.02245                  1                        1                        1                        8.1                      0.1234567901234568       5.309636977165061E-13    5.336315471290842E-13    0.25                     5.0E10                   2700                     4739.367089584721        2715.5656528077834       2502.294445801098
1.02245                  1                        1                        1                        8.2                      0.12195121951219513      5.309365282606209E-13    5.335898762267597E-13    0.25                     5.0E10                   2700                     4739.367089584721        2715.5656528077834       2502.294445801098
1.02245                  1                        1                        1                        8.3                      0.12048192771084336      5.309256165669556E-13    5.335604841116563E-13    0.25                     5.0E10                   2700                     4739.367089584721        2715.5656528077834       2502.294445801098
1.02245                  1                        1                        1                        8.4                      0.11904761904761904      5.309297592146953E-13    5.335425721674278E-13    0.25                     5.0E10                   2700                     4739.367089584721        2715.5656528077834       2502.294445801098
1.02245                  1                        1                        1                        8.5                      0.11764705882352941      5.30947782662971E-13     5.335353446244389E-13    0.25                     5.0E10                   2700                     4739.367089584721        2715.5656528077834       2502.294445801098
1.02245                  1                        1                        1                        8.6                      0.11627906976744186      5.309785501631372E-13    5.335380163989593E-13    0.25                     5.0E10                   2700                     4739.367089584721        2715.5656528077834       2502.294445801098
1.02245                  1                        1                        1                        8.7                      0.11494252873563218      5.310209670220942E-13    5.335498193915352E-13    0.25                     5.0E10                   2700                     4739.367089584721        2715.5656528077834       2502.294445801098
1.02245                  1                        1                        1                        8.8                      0.11363636363636362      5.310739844634707E-13    5.335700074672137E-13    0.25                     5.0E10                   2700                     4739.367089584721        2715.5656528077834       2502.294445801098
1.02245                  1                        1                        1                        8.9                      0.11235955056179775      5.311366023110692E-13    5.335978603049735E-13    0.25                     5.0E10                   2700                     4739.367089584721        2715.5656528077834       2502.294445801098
1.02245                  1                        1                        1                        9                        0.11111111111111112      5.312078707034982E-13    5.33632686294064E-13     0.25                     5.0E10                   2700                     4739.367089584721        2715.5656528077834       2502.294445801098
1.02245                  1                        1                        1                        9.1                      0.1098901098901099       5.312868909298566E-13    5.33673824580936E-13     0.25                     5.0E10                   2700                     4739.367089584721        2715.5656528077834       2502.294445801098
1.02245                  1                        1                        1                        9.2                      0.10869565217391305      5.313728156227648E-13    5.337206464468315E-13    0.25                     5.0E10                   2700                     4739.367089584721        2715.5656528077834       2502.294445801098
1.02245                  1                        1                        1                        9.3                      0.10752688172043011      5.314648484123429E-13    5.337725561155959E-13    0.25                     5.0E10                   2700                     4739.367089584721        2715.5656528077834       2502.294445801098
1.02245                  1                        1                        1                        9.4                      0.10638297872340426      5.315622430664243E-13    5.338289910531652E-13    0.25                     5.0E10                   2700                     4739.367089584721        2715.5656528077834       2502.294445801098
1.02245                  1                        1                        1                        9.5                      0.10526315789473685      5.316643023699045E-13    5.338894219143817E-13    0.25                     5.0E10                   2700                     4739.367089584721        2715.5656528077834       2502.294445801098
1.02245                  1                        1                        1                        9.6                      0.10416666666666667      5.317703766132767E-13    5.339533521249924E-13    0.25                     5.0E10                   2700                     4739.367089584721        2715.5656528077834       2502.294445801098
1.02245                  1                        1                        1                        9.700000000000001        0.1030927835051546       5.3187986196743E-13      5.340203172436076E-13    0.25                     5.0E10                   2700                     4739.367089584721        2715.5656528077834       2502.294445801098
1.02245                  1                        1                        1                        9.8                      0.10204081632653059      5.319921986822592E-13    5.340898841212414E-13    0.25                     5.0E10                   2700                     4739.367089584721        2715.5656528077834       2502.294445801098
1.02245                  1                        1                        1                        9.9                      0.101010101010101        5.321068691196375E-13    5.341616498687718E-13    0.25                     5.0E10                   2700                     4739.367089584721        2715.5656528077834       2502.294445801098
1.02245                  1                        1                        1                        10                       0.1                      5.322913002292835E-13    5.34278473685647E-13     0.25                     5.0E10                   2700                     4739.367089584721        2715.5656528077834       2502.294445801098
