0.990122                 1                        1                        1                        0.1                      10                       5.331348194788851E-13    5.331372873607051E-13    0.25                     5.0E10                   2700                     4703.298329192434        2724.347710882003        2502.294445801098
0.990122                 1                        1                        1                        0.2                      5                        5.334831873333862E-13    5.331482389102213E-13    0.25                     5.0E10                   2700                     4703.298329192434        2724.347710882003        2502.294445801098
0.990122                 1                        1                        1                        0.30000000000000004      3.3333333333333326       5.366581269651489E-13    5.363076211865767E-13    0.25                     5.0E10                   2700                     4703.298329192434        2724.347710882003        2502.294445801098
0.990122                 1                        1                        1                        0.4                      2.5                      5.329236365494156E-13    5.331870580143095E-13    0.25                     5.0E10                   2700                     4703.298329192434        2724.347710882003        2502.294445801098
0.990122                 1                        1                        1                        0.5                      2                        5.3315316030424E-13      5.331701713562224E-13    0.25                     5.0E10                   2700                     4703.298329192434        2724.347710882003        2502.294445801098
0.990122                 1                        1                        1                        0.6                      1.6666666666666667       5.365501065877723E-13    5.365600428293682E-13    0.25                     5.0E10                   2700                     4703.298329192434        2724.347710882003        2502.294445801098
0.990122                 1                        1                        1                        0.7000000000000001       1.4285714285714284       5.373480252793669E-13    5.373978279224806E-13    0.25                     5.0E10                   2700                     4703.298329192434        2724.347710882003        2502.294445801098
0.990122                 1                        1                        1                        0.8                      1.25                     5.345623709541716E-13    5.333491372560606E-13    0.25                     5.0E10                   2700                     4703.298329192434        2724.347710882003        2502.294445801098
0.990122                 1                        1                        1                        0.9                      1.1111111111111112       5.324298861548894E-13    5.338100119864549E-13    0.25                     5.0E10                   2700                     4703.298329192434        2724.347710882003        2502.294445801098
0.990122                 1                        1                        1                        1                        1                        5.348902811904699E-13    5.332548547002899E-13    0.25                     5.0E10                   2700                     4703.298329192434        2724.347710882003        2502.294445801098
0.990122                 1                        1                        1                        1.1                      0.909090909090909        5.353751525263211E-13    5.360864374881531E-13    0.25                     5.0E10                   2700                     4703.298329192434        2724.347710882003        2502.294445801098
0.990122                 1                        1                        1                        1.2000000000000002       0.8333333333333331       5.3582645809493E-13      5.367501182917406E-13    0.25                     5.0E10                   2700                     4703.298329192434        2724.347710882003        2502.294445801098
0.990122                 1                        1                        1                        1.3000000000000003       0.769230769230769        5.365039951598517E-13    5.347811887936372E-13    0.25                     5.0E10                   2700                     4703.298329192434        2724.347710882003        2502.294445801098
0.990122                 1                        1                        1                        1.4000000000000001       0.7142857142857142       5.381821722582297E-13    5.362897725213284E-13    0.25                     5.0E10                   2700                     4703.298329192434        2724.347710882003        2502.294445801098
0.990122                 1                        1                        1                        1.5000000000000002       0.6666666666666665       5.369962601849466E-13    5.371668780451027E-13    0.25                     5.0E10                   2700                     4703.298329192434        2724.347710882003        2502.294445801098
0.990122                 1                        1                        1                        1.6                      0.625                    5.322927244216673E-13    5.33858580532721E-13     0.25                     5.0E10                   2700                     4703.298329192434        2724.347710882003        2502.294445801098
0.990122                 1                        1                        1                        1.7000000000000002       0.588235294117647        5.352850688428415E-13    5.364520531505458E-13    0.25                     5.0E10                   2700                     4703.298329192434        2724.347710882003        2502.294445801098
0.990122                 1                        1                        1                        1.8000000000000003       0.5555555555555555       5.38400579963826E-13     5.38118331994996E-13     0.25                     5.0E10                   2700                     4703.298329192434        2724.347710882003        2502.294445801098
0.990122                 1                        1                        1                        1.9000000000000001       0.5263157894736842       5.374234699539664E-13    5.357178855283018E-13    0.25                     5.0E10                   2700                     4703.298329192434        2724.347710882003        2502.294445801098
0.990122                 1                        1                        1                        2                        0.5                      5.364642568461542E-13    5.339592609821927E-13    0.25                     5.0E10                   2700                     4703.298329192434        2724.347710882003        2502.294445801098
0.990122                 1                        1                        1                        2.1                      0.47619047619047616      5.375209991613826E-13    5.350490632407816E-13    0.25                     5.0E10                   2700                     4703.298329192434        2724.347710882003        2502.294445801098
0.990122                 1                        1                        1                        2.2                      0.4545454545454545       5.389278965767618E-13    5.372019423636689E-13    0.25                     5.0E10                   2700                     4703.298329192434        2724.347710882003        2502.294445801098
0.990122                 1                        1                        1                        2.3000000000000003       0.43478260869565216      5.386889943428036E-13    5.380896125428683E-13    0.25                     5.0E10                   2700                     4703.298329192434        2724.347710882003        2502.294445801098
0.990122                 1                        1                        1                        2.4000000000000004       0.4166666666666666       5.3666893612955E-13      5.37200094245691E-13     0.25                     5.0E10                   2700                     4703.298329192434        2724.347710882003        2502.294445801098
0.990122                 1                        1                        1                        2.5000000000000004       0.3999999999999999       5.341769471950274E-13    5.35509641514611E-13     0.25                     5.0E10                   2700                     4703.298329192434        2724.347710882003        2502.294445801098
0.990122                 1                        1                        1                        2.6                      0.3846153846153846       5.323287834158559E-13    5.34181016821687E-13     0.25                     5.0E10                   2700                     4703.298329192434        2724.347710882003        2502.294445801098
0.990122                 1                        1                        1                        2.7                      0.37037037037037035      5.317848598738568E-13    5.338212156954256E-13    0.25                     5.0E10                   2700                     4703.298329192434        2724.347710882003        2502.294445801098
0.990122                 1                        1                        1                        2.8000000000000003       0.3571428571428571       5.324502116864686E-13    5.344051755761144E-13    0.25                     5.0E10                   2700                     4703.298329192434        2724.347710882003        2502.294445801098
0.990122                 1                        1                        1                        2.9000000000000004       0.3448275862068965       5.338471324556335E-13    5.35535347105969E-13     0.25                     5.0E10                   2700                     4703.298329192434        2724.347710882003        2502.294445801098
0.990122                 1                        1                        1                        3.0000000000000004       0.33333333333333326      5.354251793689086E-13    5.367309921188212E-13    0.25                     5.0E10                   2700                     4703.298329192434        2724.347710882003        2502.294445801098
0.990122                 1                        1                        1                        3.1                      0.32258064516129037      5.36758849534803E-13     5.376196616566664E-13    0.25                     5.0E10                   2700                     4703.298329192434        2724.347710882003        2502.294445801098
0.990122                 1                        1                        1                        3.2                      0.3125                   5.376223954510559E-13    5.380131441758475E-13    0.25                     5.0E10                   2700                     4703.298329192434        2724.347710882003        2502.294445801098
0.990122                 1                        1                        1                        3.3000000000000003       0.30303030303030304      5.379752427425088E-13    5.3789644945989E-13      0.25                     5.0E10                   2700                     4703.298329192434        2724.347710882003        2502.294445801098
0.990122                 1                        1                        1                        3.4000000000000004       0.2941176470588235       5.379970808848272E-13    5.374824146739844E-13    0.25                     5.0E10                   2700                     4703.298329192434        2724.347710882003        2502.294445801098
0.990122                 1                        1                        1                        3.5000000000000004       0.2857142857142857       5.376340093949253E-13    5.366984646749726E-13    0.25                     5.0E10                   2700                     4703.298329192434        2724.347710882003        2502.294445801098
0.990122                 1                        1                        1                        3.6                      0.2777777777777778       5.371486943105189E-13    5.358311700318661E-13    0.25                     5.0E10                   2700                     4703.298329192434        2724.347710882003        2502.294445801098
0.990122                 1                        1                        1                        3.7                      0.2702702702702703       5.366698471376734E-13    5.350159013024583E-13    0.25                     5.0E10                   2700                     4703.298329192434        2724.347710882003        2502.294445801098
0.990122                 1                        1                        1                        3.8000000000000003       0.2631578947368421       5.362873535859582E-13    5.343474741827133E-13    0.25                     5.0E10                   2700                     4703.298329192434        2724.347710882003        2502.294445801098
0.990122                 1                        1                        1                        3.9000000000000004       0.2564102564102564       5.360509769279251E-13    5.338790870553552E-13    0.25                     5.0E10                   2700                     4703.298329192434        2724.347710882003        2502.294445801098
0.990122                 1                        1                        1                        4                        0.25                     5.359763828991373E-13    5.33628264834333E-13     0.25                     5.0E10                   2700                     4703.298329192434        2724.347710882003        2502.294445801098
0.990122                 1                        1                        1                        4.1                      0.24390243902439027      5.360538065534201E-13    5.335856089200682E-13    0.25                     5.0E10                   2700                     4703.298329192434        2724.347710882003        2502.294445801098
0.990122                 1                        1                        1                        4.2                      0.23809523809523808      5.362570382126069E-13    5.33723832283482E-13     0.25                     5.0E10                   2700                     4703.298329192434        2724.347710882003        2502.294445801098
0.990122                 1                        1                        1                        4.3                      0.23255813953488372      5.365512131199402E-13    5.340056758446815E-13    0.25                     5.0E10                   2700                     4703.298329192434        2724.347710882003        2502.294445801098
0.990122                 1                        1                        1                        4.3999999999999995       0.22727272727272732      5.368988855056071E-13    5.343901670211795E-13    0.25                     5.0E10                   2700                     4703.298329192434        2724.347710882003        2502.294445801098
0.990122                 1                        1                        1                        4.5                      0.22222222222222224      5.372643369897992E-13    5.348371537618718E-13    0.25                     5.0E10                   2700                     4703.298329192434        2724.347710882003        2502.294445801098
0.990122                 1                        1                        1                        4.6                      0.2173913043478261       5.376164293032123E-13    5.353103681722841E-13    0.25                     5.0E10                   2700                     4703.298329192434        2724.347710882003        2502.294445801098
0.990122                 1                        1                        1                        4.7                      0.2127659574468085       5.379296375026345E-13    5.357788521504454E-13    0.25                     5.0E10                   2700                     4703.298329192434        2724.347710882003        2502.294445801098
0.990122                 1                        1                        1                        4.8                      0.20833333333333334      5.381851940532187E-13    5.362181132953675E-13    0.25                     5.0E10                   2700                     4703.298329192434        2724.347710882003        2502.294445801098
0.990122                 1                        1                        1                        4.9                      0.20408163265306117      5.383705189739201E-13    5.366099094114387E-13    0.25                     5.0E10                   2700                     4703.298329192434        2724.347710882003        2502.294445801098
0.990122                 1                        1                        1                        5                        0.2                      5.385781048876203E-13    5.370364604623705E-13    0.25                     5.0E10                   2700                     4703.298329192434        2724.347710882003        2502.294445801098
0.990122                 1                        1                        1                        5.1                      0.19607843137254904      5.385984762076086E-13    5.372930343483117E-13    0.25                     5.0E10                   2700                     4703.298329192434        2724.347710882003        2502.294445801098
0.990122                 1                        1                        1                        5.2                      0.1923076923076923       5.385423867247874E-13    5.374805850163233E-13    0.25                     5.0E10                   2700                     4703.298329192434        2724.347710882003        2502.294445801098
0.990122                 1                        1                        1                        5.3                      0.18867924528301888      5.384146450626019E-13    5.375997353881819E-13    0.25                     5.0E10                   2700                     4703.298329192434        2724.347710882003        2502.294445801098
0.990122                 1                        1                        1                        5.4                      0.18518518518518517      5.382221838681584E-13    5.376537408607303E-13    0.25                     5.0E10                   2700                     4703.298329192434        2724.347710882003        2502.294445801098
0.990122                 1                        1                        1                        5.5                      0.18181818181818182      5.379733063847931E-13    5.376477452565749E-13    0.25                     5.0E10                   2700                     4703.298329192434        2724.347710882003        2502.294445801098
0.990122                 1                        1                        1                        5.6                      0.17857142857142858      5.376770534110078E-13    5.375881374085938E-13    0.25                     5.0E10                   2700                     4703.298329192434        2724.347710882003        2502.294445801098
0.990122                 1                        1                        1                        5.7                      0.17543859649122806      5.373428624743342E-13    5.374821986136281E-13    0.25                     5.0E10                   2700                     4703.298329192434        2724.347710882003        2502.294445801098
0.990122                 1                        1                        1                        5.8                      0.1724137931034483       5.369795043205178E-13    5.37336953325194E-13     0.25                     5.0E10                   2700                     4703.298329192434        2724.347710882003        2502.294445801098
0.990122                 1                        1                        1                        5.9                      0.1694915254237288       5.365957919272003E-13    5.371599078962959E-13    0.25                     5.0E10                   2700                     4703.298329192434        2724.347710882003        2502.294445801098
0.990122                 1                        1                        1                        6                        0.16666666666666666      5.361997207479679E-13    5.369581022587228E-13    0.25                     5.0E10                   2700                     4703.298329192434        2724.347710882003        2502.294445801098
0.990122                 1                        1                        1                        6.1                      0.16393442622950818      5.35798508199063E-13     5.367381141527062E-13    0.25                     5.0E10                   2700                     4703.298329192434        2724.347710882003        2502.294445801098
0.990122                 1                        1                        1                        6.2                      0.16129032258064518      5.353985284559413E-13    5.365059497133306E-13    0.25                     5.0E10                   2700                     4703.298329192434        2724.347710882003        2502.294445801098
0.990122                 1                        1                        1                        6.3                      0.15873015873015872      5.350052930690267E-13    5.362669822983003E-13    0.25                     5.0E10                   2700                     4703.298329192434        2724.347710882003        2502.294445801098
0.990122                 1                        1                        1                        6.4                      0.15625                  5.346234657970548E-13    5.360259286864397E-13    0.25                     5.0E10                   2700                     4703.298329192434        2724.347710882003        2502.294445801098
0.990122                 1                        1                        1                        6.5                      0.15384615384615383      5.342569017067616E-13    5.35786853190603E-13     0.25                     5.0E10                   2700                     4703.298329192434        2724.347710882003        2502.294445801098
0.990122                 1                        1                        1                        6.6                      0.15151515151515152      5.339087024803096E-13    5.355531918151521E-13    0.25                     5.0E10                   2700                     4703.298329192434        2724.347710882003        2502.294445801098
0.990122                 1                        1                        1                        6.7                      0.1492537313432836       5.33581281617062E-13     5.353277900964445E-13    0.25                     5.0E10                   2700                     4703.298329192434        2724.347710882003        2502.294445801098
0.990122                 1                        1                        1                        6.8                      0.14705882352941177      5.332764345435122E-13    5.351129495185981E-13    0.25                     5.0E10                   2700                     4703.298329192434        2724.347710882003        2502.294445801098
0.990122                 1                        1                        1                        6.9                      0.14492753623188404      5.32995409958511E-13     5.349104785978714E-13    0.25                     5.0E10                   2700                     4703.298329192434        2724.347710882003        2502.294445801098
0.990122                 1                        1                        1                        7                        0.14285714285714285      5.32738979798411E-13     5.347217456949629E-13    0.25                     5.0E10                   2700                     4703.298329192434        2724.347710882003        2502.294445801098
0.990122                 1                        1                        1                        7.1                      0.14084507042253522      5.325075059409996E-13    5.345477314021234E-13    0.25                     5.0E10                   2700                     4703.298329192434        2724.347710882003        2502.294445801098
0.990122                 1                        1                        1                        7.2                      0.1388888888888889       5.323010024703371E-13    5.343890789748877E-13    0.25                     5.0E10                   2700                     4703.298329192434        2724.347710882003        2502.294445801098
0.990122                 1                        1                        1                        7.3                      0.13698630136986303      5.321191927894563E-13    5.34246141818078E-13     0.25                     5.0E10                   2700                     4703.298329192434        2724.347710882003        2502.294445801098
0.990122                 1                        1                        1                        7.4                      0.13513513513513514      5.319615613044705E-13    5.341190274130133E-13    0.25                     5.0E10                   2700                     4703.298329192434        2724.347710882003        2502.294445801098
0.990122                 1                        1                        1                        7.5                      0.13333333333333333      5.318273995288118E-13    5.340076373279324E-13    0.25                     5.0E10                   2700                     4703.298329192434        2724.347710882003        2502.294445801098
0.990122                 1                        1                        1                        7.6                      0.13157894736842105      5.317163457137669E-13    5.339122004933621E-13    0.25                     5.0E10                   2700                     4703.298329192434        2724.347710882003        2502.294445801098
0.990122                 1                        1                        1                        7.7                      0.12987012987012989      5.31626453865635E-13     5.338313429716809E-13    0.25                     5.0E10                   2700                     4703.298329192434        2724.347710882003        2502.294445801098
0.990122                 1                        1                        1                        7.8                      0.12820512820512822      5.31557131717204E-13     5.337650202391271E-13    0.25                     5.0E10                   2700                     4703.298329192434        2724.347710882003        2502.294445801098
0.990122                 1                        1                        1                        7.9                      0.12658227848101267      5.315072572517269E-13    5.337126317448905E-13    0.25                     5.0E10                   2700                     4703.298329192434        2724.347710882003        2502.294445801098
0.990122                 1                        1                        1                        8                        0.125                    5.314756717106896E-13    5.336735134601503E-13    0.25                     5.0E10                   2700                     4703.298329192434        2724.347710882003        2502.294445801098
0.990122                 1                        1                        1                        8.1                      0.1234567901234568       5.314611985589685E-13    5.336469562633168E-13    0.25                     5.0E10                   2700                     4703.298329192434        2724.347710882003        2502.294445801098
0.990122                 1                        1                        1                        8.2                      0.12195121951219513      5.314626591641963E-13    5.336322215274756E-13    0.25                     5.0E10                   2700                     4703.298329192434        2724.347710882003        2502.294445801098
0.990122                 1                        1                        1                        8.3                      0.12048192771084336      5.314788857648391E-13    5.336285543088551E-13    0.25                     5.0E10                   2700                     4703.298329192434        2724.347710882003        2502.294445801098
0.990122                 1                        1                        1                        8.4                      0.11904761904761904      5.315087319428026E-13    5.336351943357548E-13    0.25                     5.0E10                   2700                     4703.298329192434        2724.347710882003        2502.294445801098
0.990122                 1                        1                        1                        8.5                      0.11764705882352941      5.315510809958858E-13    5.336513850912381E-13    0.25                     5.0E10                   2700                     4703.298329192434        2724.347710882003        2502.294445801098
0.990122                 1                        1                        1                        8.6                      0.11627906976744186      5.316048524679738E-13    5.336763812264795E-13    0.25                     5.0E10                   2700                     4703.298329192434        2724.347710882003        2502.294445801098
0.990122                 1                        1                        1                        8.7                      0.11494252873563218      5.316690071108467E-13    5.33709454508797E-13     0.25                     5.0E10                   2700                     4703.298329192434        2724.347710882003        2502.294445801098
0.990122                 1                        1                        1                        8.8                      0.11363636363636362      5.317425505023697E-13    5.337498985126391E-13    0.25                     5.0E10                   2700                     4703.298329192434        2724.347710882003        2502.294445801098
0.990122                 1                        1                        1                        8.9                      0.11235955056179775      5.318245355395413E-13    5.337970322307458E-13    0.25                     5.0E10                   2700                     4703.298329192434        2724.347710882003        2502.294445801098
0.990122                 1                        1                        1                        9                        0.11111111111111112      5.319140640100809E-13    5.338502027810041E-13    0.25                     5.0E10                   2700                     4703.298329192434        2724.347710882003        2502.294445801098
0.990122                 1                        1                        1                        9.1                      0.1098901098901099       5.320102873192848E-13    5.339087872988782E-13    0.25                     5.0E10                   2700                     4703.298329192434        2724.347710882003        2502.294445801098
0.990122                 1                        1                        1                        9.2                      0.10869565217391305      5.321124066064162E-13    5.339721941944811E-13    0.25                     5.0E10                   2700                     4703.298329192434        2724.347710882003        2502.294445801098
0.990122                 1                        1                        1                        9.3                      0.10752688172043011      5.322196723478981E-13    5.340398638669734E-13    0.25                     5.0E10                   2700                     4703.298329192434        2724.347710882003        2502.294445801098
0.990122                 1                        1                        1                        9.4                      0.10638297872340426      5.323313834675283E-13    5.341112689337988E-13    0.25                     5.0E10                   2700                     4703.298329192434        2724.347710882003        2502.294445801098
0.990122                 1                        1                        1                        9.5                      0.10526315789473685      5.324468862049123E-13    5.341859141268246E-13    0.25                     5.0E10                   2700                     4703.298329192434        2724.347710882003        2502.294445801098
0.990122                 1                        1                        1                        9.6                      0.10416666666666667      5.325655726055248E-13    5.34263335839689E-13     0.25                     5.0E10                   2700                     4703.298329192434        2724.347710882003        2502.294445801098
0.990122                 1                        1                        1                        9.700000000000001        0.1030927835051546       5.326868789104037E-13    5.343431014690797E-13    0.25                     5.0E10                   2700                     4703.298329192434        2724.347710882003        2502.294445801098
0.990122                 1                        1                        1                        9.8                      0.10204081632653059      5.328102837780494E-13    5.344248085645641E-13    0.25                     5.0E10                   2700                     4703.298329192434        2724.347710882003        2502.294445801098
0.990122                 1                        1                        1                        9.9                      0.101010101010101        5.329353063490728E-13    5.34508083795677E-13     0.25                     5.0E10                   2700                     4703.298329192434        2724.347710882003        2502.294445801098
0.990122                 1                        1                        1                        10                       0.1                      5.331306366215349E-13    5.346369106004879E-13    0.25                     5.0E10                   2700                     4703.298329192434        2724.347710882003        2502.294445801098
