1                        1                        1                        0.183817                 0.1                      10                       5.331654913489893E-13    5.331681765107904E-13    0.25                     5.0E10                   2700                     4714.045207910317        2721.655269759087        2502.294445801098
1                        1                        1                        0.183817                 0.2                      5                        5.335551956454E-13       5.332197835808231E-13    0.25                     5.0E10                   2700                     4714.045207910317        2721.655269759087        2502.294445801098
1                        1                        1                        0.183817                 0.30000000000000004      3.3333333333333326       5.367336448051882E-13    5.363837758172858E-13    0.25                     5.0E10                   2700                     4714.045207910317        2721.655269759087        2502.294445801098
1                        1                        1                        0.183817                 0.4                      2.5                      5.329932234805335E-13    5.332583315468126E-13    0.25                     5.0E10                   2700                     4714.045207910317        2721.655269759087        2502.294445801098
1                        1                        1                        0.183817                 0.5                      2                        5.332238380337447E-13    5.332370969167192E-13    0.25                     5.0E10                   2700                     4714.045207910317        2721.655269759087        2502.294445801098
1                        1                        1                        0.183817                 0.6                      1.6666666666666667       5.3670052326819E-13      5.366985997210044E-13    0.25                     5.0E10                   2700                     4714.045207910317        2721.655269759087        2502.294445801098
1                        1                        1                        0.183817                 0.7000000000000001       1.4285714285714284       5.374347239375143E-13    5.374276155959866E-13    0.25                     5.0E10                   2700                     4714.045207910317        2721.655269759087        2502.294445801098
1                        1                        1                        0.183817                 0.8                      1.25                     5.34702318175504E-13     5.334000634821069E-13    0.25                     5.0E10                   2700                     4714.045207910317        2721.655269759087        2502.294445801098
1                        1                        1                        0.183817                 0.9                      1.1111111111111112       5.325425863173241E-13    5.338385733160865E-13    0.25                     5.0E10                   2700                     4714.045207910317        2721.655269759087        2502.294445801098
1                        1                        1                        0.183817                 1                        1                        5.348881688390237E-13    5.331986920603653E-13    0.25                     5.0E10                   2700                     4714.045207910317        2721.655269759087        2502.294445801098
1                        1                        1                        0.183817                 1.1                      0.909090909090909        5.352230637840886E-13    5.359633760520488E-13    0.25                     5.0E10                   2700                     4714.045207910317        2721.655269759087        2502.294445801098
1                        1                        1                        0.183817                 1.2000000000000002       0.8333333333333331       5.35654257091949E-13     5.36602743076104E-13     0.25                     5.0E10                   2700                     4714.045207910317        2721.655269759087        2502.294445801098
1                        1                        1                        0.183817                 1.3000000000000003       0.769230769230769        5.361483102801694E-13    5.345770485206724E-13    0.25                     5.0E10                   2700                     4714.045207910317        2721.655269759087        2502.294445801098
1                        1                        1                        0.183817                 1.4000000000000001       0.7142857142857142       5.376795734568785E-13    5.360868288762424E-13    0.25                     5.0E10                   2700                     4714.045207910317        2721.655269759087        2502.294445801098
1                        1                        1                        0.183817                 1.5000000000000002       0.6666666666666665       5.363871326298824E-13    5.369431873384675E-13    0.25                     5.0E10                   2700                     4714.045207910317        2721.655269759087        2502.294445801098
1                        1                        1                        0.183817                 1.6                      0.625                    5.317261894358712E-13    5.336715257947817E-13    0.25                     5.0E10                   2700                     4714.045207910317        2721.655269759087        2502.294445801098
1                        1                        1                        0.183817                 1.7000000000000002       0.588235294117647        5.346991085472973E-13    5.362271950345931E-13    0.25                     5.0E10                   2700                     4714.045207910317        2721.655269759087        2502.294445801098
1                        1                        1                        0.183817                 1.8000000000000003       0.5555555555555555       5.378558127927346E-13    5.379228146822855E-13    0.25                     5.0E10                   2700                     4714.045207910317        2721.655269759087        2502.294445801098
1                        1                        1                        0.183817                 1.9000000000000001       0.5263157894736842       5.369962201163893E-13    5.356315747585672E-13    0.25                     5.0E10                   2700                     4714.045207910317        2721.655269759087        2502.294445801098
1                        1                        1                        0.183817                 2                        0.5                      5.360256859092475E-13    5.338185810306652E-13    0.25                     5.0E10                   2700                     4714.045207910317        2721.655269759087        2502.294445801098
1                        1                        1                        0.183817                 2.1                      0.47619047619047616      5.371271251152832E-13    5.349267528966818E-13    0.25                     5.0E10                   2700                     4714.045207910317        2721.655269759087        2502.294445801098
1                        1                        1                        0.183817                 2.2                      0.4545454545454545       5.385983249172892E-13    5.371162321223994E-13    0.25                     5.0E10                   2700                     4714.045207910317        2721.655269759087        2502.294445801098
1                        1                        1                        0.183817                 2.3000000000000003       0.43478260869565216      5.384261710718073E-13    5.380407470882263E-13    0.25                     5.0E10                   2700                     4714.045207910317        2721.655269759087        2502.294445801098
1                        1                        1                        0.183817                 2.4000000000000004       0.4166666666666666       5.364616555872374E-13    5.37175888940908E-13     0.25                     5.0E10                   2700                     4714.045207910317        2721.655269759087        2502.294445801098
1                        1                        1                        0.183817                 2.5000000000000004       0.3999999999999999       5.33944203682707E-13     5.354928874206498E-13    0.25                     5.0E10                   2700                     4714.045207910317        2721.655269759087        2502.294445801098
1                        1                        1                        0.183817                 2.6                      0.3846153846153846       5.321236675429083E-13    5.341569419696205E-13    0.25                     5.0E10                   2700                     4714.045207910317        2721.655269759087        2502.294445801098
1                        1                        1                        0.183817                 2.7                      0.37037037037037035      5.316054907537853E-13    5.337897384329304E-13    0.25                     5.0E10                   2700                     4714.045207910317        2721.655269759087        2502.294445801098
1                        1                        1                        0.183817                 2.8000000000000003       0.3571428571428571       5.322920532901175E-13    5.343655393983531E-13    0.25                     5.0E10                   2700                     4714.045207910317        2721.655269759087        2502.294445801098
1                        1                        1                        0.183817                 2.9000000000000004       0.3448275862068965       5.337042606564305E-13    5.354862209581583E-13    0.25                     5.0E10                   2700                     4714.045207910317        2721.655269759087        2502.294445801098
1                        1                        1                        0.183817                 3.0000000000000004       0.33333333333333326      5.35292976403971E-13     5.366723363043426E-13    0.25                     5.0E10                   2700                     4714.045207910317        2721.655269759087        2502.294445801098
1                        1                        1                        0.183817                 3.1                      0.32258064516129037      5.366363628041646E-13    5.375548146365096E-13    0.25                     5.0E10                   2700                     4714.045207910317        2721.655269759087        2502.294445801098
1                        1                        1                        0.183817                 3.2                      0.3125                   5.375126211467424E-13    5.379488980593067E-13    0.25                     5.0E10                   2700                     4714.045207910317        2721.655269759087        2502.294445801098
1                        1                        1                        0.183817                 3.3000000000000003       0.30303030303030304      5.378840364416429E-13    5.378419280524807E-13    0.25                     5.0E10                   2700                     4714.045207910317        2721.655269759087        2502.294445801098
1                        1                        1                        0.183817                 3.4000000000000004       0.2941176470588235       5.378790017664758E-13    5.373582812095862E-13    0.25                     5.0E10                   2700                     4714.045207910317        2721.655269759087        2502.294445801098
1                        1                        1                        0.183817                 3.5000000000000004       0.2857142857142857       5.375491848665495E-13    5.366016099309637E-13    0.25                     5.0E10                   2700                     4714.045207910317        2721.655269759087        2502.294445801098
1                        1                        1                        0.183817                 3.6                      0.2777777777777778       5.371016633945825E-13    5.357688508692721E-13    0.25                     5.0E10                   2700                     4714.045207910317        2721.655269759087        2502.294445801098
1                        1                        1                        0.183817                 3.7                      0.2702702702702703       5.366636156713486E-13    5.349935174003622E-13    0.25                     5.0E10                   2700                     4714.045207910317        2721.655269759087        2502.294445801098
1                        1                        1                        0.183817                 3.8000000000000003       0.2631578947368421       5.363233653522156E-13    5.343684788023533E-13    0.25                     5.0E10                   2700                     4714.045207910317        2721.655269759087        2502.294445801098
1                        1                        1                        0.183817                 3.9000000000000004       0.2564102564102564       5.361288112111957E-13    5.339446746588426E-13    0.25                     5.0E10                   2700                     4714.045207910317        2721.655269759087        2502.294445801098
1                        1                        1                        0.183817                 4                        0.25                     5.360938695480087E-13    5.337375646436049E-13    0.25                     5.0E10                   2700                     4714.045207910317        2721.655269759087        2502.294445801098
1                        1                        1                        0.183817                 4.1                      0.24390243902439027      5.362074067152829E-13    5.337360830497347E-13    0.25                     5.0E10                   2700                     4714.045207910317        2721.655269759087        2502.294445801098
1                        1                        1                        0.183817                 4.2                      0.23809523809523808      5.36442261763076E-13     5.339117275938099E-13    0.25                     5.0E10                   2700                     4714.045207910317        2721.655269759087        2502.294445801098
1                        1                        1                        0.183817                 4.3                      0.23255813953488372      5.367630179548936E-13    5.342264588117248E-13    0.25                     5.0E10                   2700                     4714.045207910317        2721.655269759087        2502.294445801098
1                        1                        1                        0.183817                 4.3999999999999995       0.22727272727272732      5.37132018112108E-13     5.346388997318833E-13    0.25                     5.0E10                   2700                     4714.045207910317        2721.655269759087        2502.294445801098
1                        1                        1                        0.183817                 4.5                      0.22222222222222224      5.375135987096669E-13    5.351087942501264E-13    0.25                     5.0E10                   2700                     4714.045207910317        2721.655269759087        2502.294445801098
1                        1                        1                        0.183817                 4.6                      0.2173913043478261       5.378767559216423E-13    5.355999172416781E-13    0.25                     5.0E10                   2700                     4714.045207910317        2721.655269759087        2502.294445801098
1                        1                        1                        0.183817                 4.7                      0.2127659574468085       5.381965487746007E-13    5.360817222099588E-13    0.25                     5.0E10                   2700                     4714.045207910317        2721.655269759087        2502.294445801098
1                        1                        1                        0.183817                 4.8                      0.20833333333333334      5.384551013874987E-13    5.365305247025407E-13    0.25                     5.0E10                   2700                     4714.045207910317        2721.655269759087        2502.294445801098
1                        1                        1                        0.183817                 4.9                      0.20408163265306117      5.386392589119422E-13    5.36927548756282E-13     0.25                     5.0E10                   2700                     4714.045207910317        2721.655269759087        2502.294445801098
1                        1                        1                        0.183817                 5                        0.2                      5.387515816844089E-13    5.372614651892004E-13    0.25                     5.0E10                   2700                     4714.045207910317        2721.655269759087        2502.294445801098
1                        1                        1                        0.183817                 5.1                      0.19607843137254904      5.387669488226742E-13    5.375221121849839E-13    0.25                     5.0E10                   2700                     4714.045207910317        2721.655269759087        2502.294445801098
1                        1                        1                        0.183817                 5.2                      0.1923076923076923       5.387031295991317E-13    5.377100921747713E-13    0.25                     5.0E10                   2700                     4714.045207910317        2721.655269759087        2502.294445801098
1                        1                        1                        0.183817                 5.3                      0.18867924528301888      5.385655736895304E-13    5.378267027307815E-13    0.25                     5.0E10                   2700                     4714.045207910317        2721.655269759087        2502.294445801098
1                        1                        1                        0.183817                 5.4                      0.18518518518518517      5.383617584941573E-13    5.378757973647662E-13    0.25                     5.0E10                   2700                     4714.045207910317        2721.655269759087        2502.294445801098
1                        1                        1                        0.183817                 5.5                      0.18181818181818182      5.381004366963725E-13    5.378630353913549E-13    0.25                     5.0E10                   2700                     4714.045207910317        2721.655269759087        2502.294445801098
1                        1                        1                        0.183817                 5.6                      0.17857142857142858      5.377910099354346E-13    5.37795239434428E-13     0.25                     5.0E10                   2700                     4714.045207910317        2721.655269759087        2502.294445801098
1                        1                        1                        0.183817                 5.7                      0.17543859649122806      5.374430289771955E-13    5.376798659783191E-13    0.25                     5.0E10                   2700                     4714.045207910317        2721.655269759087        2502.294445801098
1                        1                        1                        0.183817                 5.8                      0.1724137931034483       5.370658118978805E-13    5.375245849497395E-13    0.25                     5.0E10                   2700                     4714.045207910317        2721.655269759087        2502.294445801098
1                        1                        1                        0.183817                 5.9                      0.1694915254237288       5.366681670169132E-13    5.3733695873663E-13      0.25                     5.0E10                   2700                     4714.045207910317        2721.655269759087        2502.294445801098
1                        1                        1                        0.183817                 6                        0.16666666666666666      5.362582049025114E-13    5.371242079564817E-13    0.25                     5.0E10                   2700                     4714.045207910317        2721.655269759087        2502.294445801098
1                        1                        1                        0.183817                 6.1                      0.16393442622950818      5.358432234964918E-13    5.368930503354104E-13    0.25                     5.0E10                   2700                     4714.045207910317        2721.655269759087        2502.294445801098
1                        1                        1                        0.183817                 6.2                      0.16129032258064518      5.35429651283395E-13     5.36649599247652E-13     0.25                     5.0E10                   2700                     4714.045207910317        2721.655269759087        2502.294445801098
1                        1                        1                        0.183817                 6.3                      0.15873015873015872      5.350230348966389E-13    5.363993094646624E-13    0.25                     5.0E10                   2700                     4714.045207910317        2721.655269759087        2502.294445801098
1                        1                        1                        0.183817                 6.4                      0.15625                  5.346280595599379E-13    5.36146959173497E-13     0.25                     5.0E10                   2700                     4714.045207910317        2721.655269759087        2502.294445801098
1                        1                        1                        0.183817                 6.5                      0.15384615384615383      5.342485925563126E-13    5.358966588673343E-13    0.25                     5.0E10                   2700                     4714.045207910317        2721.655269759087        2502.294445801098
1                        1                        1                        0.183817                 6.6                      0.15151515151515152      5.33887741858673E-13     5.35651879315796E-13     0.25                     5.0E10                   2700                     4714.045207910317        2721.655269759087        2502.294445801098
1                        1                        1                        0.183817                 6.7                      0.1492537313432836       5.335479237552401E-13    5.354154924196754E-13    0.25                     5.0E10                   2700                     4714.045207910317        2721.655269759087        2502.294445801098
1                        1                        1                        0.183817                 6.8                      0.14705882352941177      5.332309346794228E-13    5.351898199146519E-13    0.25                     5.0E10                   2700                     4714.045207910317        2721.655269759087        2502.294445801098
1                        1                        1                        0.183817                 6.9                      0.14492753623188404      5.329380237084264E-13    5.349766861907036E-13    0.25                     5.0E10                   2700                     4714.045207910317        2721.655269759087        2502.294445801098
1                        1                        1                        0.183817                 7                        0.14285714285714285      5.326699632606566E-13    5.347774723693127E-13    0.25                     5.0E10                   2700                     4714.045207910317        2721.655269759087        2502.294445801098
1                        1                        1                        0.183817                 7.1                      0.14084507042253522      5.324271161782473E-13    5.345931695871434E-13    0.25                     5.0E10                   2700                     4714.045207910317        2721.655269759087        2502.294445801098
1                        1                        1                        0.183817                 7.2                      0.1388888888888889       5.322114395783755E-13    5.344262606028398E-13    0.25                     5.0E10                   2700                     4714.045207910317        2721.655269759087        2502.294445801098
1                        1                        1                        0.183817                 7.3                      0.13698630136986303      5.320188411859814E-13    5.342735100775821E-13    0.25                     5.0E10                   2700                     4714.045207910317        2721.655269759087        2502.294445801098
1                        1                        1                        0.183817                 7.4                      0.13513513513513514      5.318506836550424E-13    5.341367976163334E-13    0.25                     5.0E10                   2700                     4714.045207910317        2721.655269759087        2502.294445801098
1                        1                        1                        0.183817                 7.5                      0.13333333333333333      5.317062618673354E-13    5.340160309304129E-13    0.25                     5.0E10                   2700                     4714.045207910317        2721.655269759087        2502.294445801098
1                        1                        1                        0.183817                 7.6                      0.13157894736842105      5.315847188749544E-13    5.339109472203486E-13    0.25                     5.0E10                   2700                     4714.045207910317        2721.655269759087        2502.294445801098
1                        1                        1                        0.183817                 7.7                      0.12987012987012989      5.314850813274052E-13    5.338211452617572E-13    0.25                     5.0E10                   2700                     4714.045207910317        2721.655269759087        2502.294445801098
1                        1                        1                        0.183817                 7.8                      0.12820512820512822      5.314062901328755E-13    5.337461136864533E-13    0.25                     5.0E10                   2700                     4714.045207910317        2721.655269759087        2502.294445801098
1                        1                        1                        0.183817                 7.9                      0.12658227848101267      5.313472267681095E-13    5.336852556579768E-13    0.25                     5.0E10                   2700                     4714.045207910317        2721.655269759087        2502.294445801098
1                        1                        1                        0.183817                 8                        0.125                    5.313067355649221E-13    5.336379102206105E-13    0.25                     5.0E10                   2700                     4714.045207910317        2721.655269759087        2502.294445801098
1                        1                        1                        0.183817                 8.1                      0.1234567901234568       5.312836425831684E-13    5.336033706683708E-13    0.25                     5.0E10                   2700                     4714.045207910317        2721.655269759087        2502.294445801098
1                        1                        1                        0.183817                 8.2                      0.12195121951219513      5.312767711582027E-13    5.335809001079385E-13    0.25                     5.0E10                   2700                     4714.045207910317        2721.655269759087        2502.294445801098
1                        1                        1                        0.183817                 8.3                      0.12048192771084336      5.312849548477085E-13    5.335697446579036E-13    0.25                     5.0E10                   2700                     4714.045207910317        2721.655269759087        2502.294445801098
1                        1                        1                        0.183817                 8.4                      0.11904761904761904      5.313070478170694E-13    5.335691444229941E-13    0.25                     5.0E10                   2700                     4714.045207910317        2721.655269759087        2502.294445801098
1                        1                        1                        0.183817                 8.5                      0.11764705882352941      5.313419332333348E-13    5.335783426050852E-13    0.25                     5.0E10                   2700                     4714.045207910317        2721.655269759087        2502.294445801098
1                        1                        1                        0.183817                 8.6                      0.11627906976744186      5.313885297559528E-13    5.335965929219635E-13    0.25                     5.0E10                   2700                     4714.045207910317        2721.655269759087        2502.294445801098
1                        1                        1                        0.183817                 8.7                      0.11494252873563218      5.31445796530965E-13     5.33623165586209E-13     0.25                     5.0E10                   2700                     4714.045207910317        2721.655269759087        2502.294445801098
1                        1                        1                        0.183817                 8.8                      0.11363636363636362      5.31512736816058E-13     5.336573520295335E-13    0.25                     5.0E10                   2700                     4714.045207910317        2721.655269759087        2502.294445801098
1                        1                        1                        0.183817                 8.9                      0.11235955056179775      5.315884005328995E-13    5.336984685521096E-13    0.25                     5.0E10                   2700                     4714.045207910317        2721.655269759087        2502.294445801098
1                        1                        1                        0.183817                 9                        0.11111111111111112      5.316718858409394E-13    5.337458590591819E-13    0.25                     5.0E10                   2700                     4714.045207910317        2721.655269759087        2502.294445801098
1                        1                        1                        0.183817                 9.1                      0.1098901098901099       5.317623399534022E-13    5.337988970144E-13       0.25                     5.0E10                   2700                     4714.045207910317        2721.655269759087        2502.294445801098
1                        1                        1                        0.183817                 9.2                      0.10869565217391305      5.318589592777993E-13    5.338569867255453E-13    0.25                     5.0E10                   2700                     4714.045207910317        2721.655269759087        2502.294445801098
1                        1                        1                        0.183817                 9.3                      0.10752688172043011      5.319609890649985E-13    5.339195641053301E-13    0.25                     5.0E10                   2700                     4714.045207910317        2721.655269759087        2502.294445801098
1                        1                        1                        0.183817                 9.4                      0.10638297872340426      5.320677226146075E-13    5.339860969643904E-13    0.25                     5.0E10                   2700                     4714.045207910317        2721.655269759087        2502.294445801098
1                        1                        1                        0.183817                 9.5                      0.10526315789473685      5.321785001531927E-13    5.340560849273024E-13    0.25                     5.0E10                   2700                     4714.045207910317        2721.655269759087        2502.294445801098
1                        1                        1                        0.183817                 9.6                      0.10416666666666667      5.322927073911321E-13    5.341290590337647E-13    0.25                     5.0E10                   2700                     4714.045207910317        2721.655269759087        2502.294445801098
1                        1                        1                        0.183817                 9.700000000000001        0.1030927835051546       5.324097739786313E-13    5.342045811304149E-13    0.25                     5.0E10                   2700                     4714.045207910317        2721.655269759087        2502.294445801098
1                        1                        1                        0.183817                 9.8                      0.10204081632653059      5.32529171758348E-13     5.342822430414048E-13    0.25                     5.0E10                   2700                     4714.045207910317        2721.655269759087        2502.294445801098
1                        1                        1                        0.183817                 9.9                      0.101010101010101        5.326504128811204E-13    5.343616655849422E-13    0.25                     5.0E10                   2700                     4714.045207910317        2721.655269759087        2502.294445801098
1                        1                        1                        0.183817                 10                       0.1                      5.327845526216926E-13    5.344063161693133E-13    0.25                     5.0E10                   2700                     4714.045207910317        2721.655269759087        2502.294445801098
