1                        1                        1                        0.489008                 0.1                      10                       5.331366994635891E-13    5.331392503037806E-13    0.25                     5.0E10                   2700                     4714.045207910317        2721.655269759087        2502.294445801098
1                        1                        1                        0.489008                 0.2                      5                        5.335046058010577E-13    5.331694143530826E-13    0.25                     5.0E10                   2700                     4714.045207910317        2721.655269759087        2502.294445801098
1                        1                        1                        0.489008                 0.30000000000000004      3.3333333333333326       5.366762104808789E-13    5.363253597818877E-13    0.25                     5.0E10                   2700                     4714.045207910317        2721.655269759087        2502.294445801098
1                        1                        1                        0.489008                 0.4                      2.5                      5.32975620975248E-13     5.332408525155906E-13    0.25                     5.0E10                   2700                     4714.045207910317        2721.655269759087        2502.294445801098
1                        1                        1                        0.489008                 0.5                      2                        5.331752962684788E-13    5.331874373952665E-13    0.25                     5.0E10                   2700                     4714.045207910317        2721.655269759087        2502.294445801098
1                        1                        1                        0.489008                 0.6                      1.6666666666666667       5.366231374840557E-13    5.366139096917884E-13    0.25                     5.0E10                   2700                     4714.045207910317        2721.655269759087        2502.294445801098
1                        1                        1                        0.489008                 0.7000000000000001       1.4285714285714284       5.373228715663552E-13    5.373199474153792E-13    0.25                     5.0E10                   2700                     4714.045207910317        2721.655269759087        2502.294445801098
1                        1                        1                        0.489008                 0.8                      1.25                     5.346502282720603E-13    5.333555188536144E-13    0.25                     5.0E10                   2700                     4714.045207910317        2721.655269759087        2502.294445801098
1                        1                        1                        0.489008                 0.9                      1.1111111111111112       5.324354012851913E-13    5.337444098394878E-13    0.25                     5.0E10                   2700                     4714.045207910317        2721.655269759087        2502.294445801098
1                        1                        1                        0.489008                 1                        1                        5.348430569719903E-13    5.331685702534632E-13    0.25                     5.0E10                   2700                     4714.045207910317        2721.655269759087        2502.294445801098
1                        1                        1                        0.489008                 1.1                      0.909090909090909        5.352123510024119E-13    5.359452983183762E-13    0.25                     5.0E10                   2700                     4714.045207910317        2721.655269759087        2502.294445801098
1                        1                        1                        0.489008                 1.2000000000000002       0.8333333333333331       5.35524069651536E-13     5.365320446325222E-13    0.25                     5.0E10                   2700                     4714.045207910317        2721.655269759087        2502.294445801098
1                        1                        1                        0.489008                 1.3000000000000003       0.769230769230769        5.361749372336317E-13    5.346399253085803E-13    0.25                     5.0E10                   2700                     4714.045207910317        2721.655269759087        2502.294445801098
1                        1                        1                        0.489008                 1.4000000000000001       0.7142857142857142       5.377126411225977E-13    5.360832862818747E-13    0.25                     5.0E10                   2700                     4714.045207910317        2721.655269759087        2502.294445801098
1                        1                        1                        0.489008                 1.5000000000000002       0.6666666666666665       5.364226848231665E-13    5.369636522045144E-13    0.25                     5.0E10                   2700                     4714.045207910317        2721.655269759087        2502.294445801098
1                        1                        1                        0.489008                 1.6                      0.625                    5.317513166957637E-13    5.337019695831795E-13    0.25                     5.0E10                   2700                     4714.045207910317        2721.655269759087        2502.294445801098
1                        1                        1                        0.489008                 1.7000000000000002       0.588235294117647        5.34785471312458E-13     5.363163604140903E-13    0.25                     5.0E10                   2700                     4714.045207910317        2721.655269759087        2502.294445801098
1                        1                        1                        0.489008                 1.8000000000000003       0.5555555555555555       5.379125431248121E-13    5.379961285807916E-13    0.25                     5.0E10                   2700                     4714.045207910317        2721.655269759087        2502.294445801098
1                        1                        1                        0.489008                 1.9000000000000001       0.5263157894736842       5.36945812595457E-13     5.355897749225881E-13    0.25                     5.0E10                   2700                     4714.045207910317        2721.655269759087        2502.294445801098
1                        1                        1                        0.489008                 2                        0.5                      5.35964212446091E-13     5.33775121080336E-13     0.25                     5.0E10                   2700                     4714.045207910317        2721.655269759087        2502.294445801098
1                        1                        1                        0.489008                 2.1                      0.47619047619047616      5.370758908653002E-13    5.348891717319623E-13    0.25                     5.0E10                   2700                     4714.045207910317        2721.655269759087        2502.294445801098
1                        1                        1                        0.489008                 2.2                      0.4545454545454545       5.385609932525191E-13    5.370891080609295E-13    0.25                     5.0E10                   2700                     4714.045207910317        2721.655269759087        2502.294445801098
1                        1                        1                        0.489008                 2.3000000000000003       0.43478260869565216      5.384009065866966E-13    5.380235074631498E-13    0.25                     5.0E10                   2700                     4714.045207910317        2721.655269759087        2502.294445801098
1                        1                        1                        0.489008                 2.4000000000000004       0.4166666666666666       5.364433671866187E-13    5.371645404629006E-13    0.25                     5.0E10                   2700                     4714.045207910317        2721.655269759087        2502.294445801098
1                        1                        1                        0.489008                 2.5000000000000004       0.3999999999999999       5.340284239786496E-13    5.355159449575369E-13    0.25                     5.0E10                   2700                     4714.045207910317        2721.655269759087        2502.294445801098
1                        1                        1                        0.489008                 2.6                      0.3846153846153846       5.321966552789758E-13    5.341766050757649E-13    0.25                     5.0E10                   2700                     4714.045207910317        2721.655269759087        2502.294445801098
1                        1                        1                        0.489008                 2.7                      0.37037037037037035      5.316541846123689E-13    5.337954428863602E-13    0.25                     5.0E10                   2700                     4714.045207910317        2721.655269759087        2502.294445801098
1                        1                        1                        0.489008                 2.8000000000000003       0.3571428571428571       5.323141209399437E-13    5.343549813965236E-13    0.25                     5.0E10                   2700                     4714.045207910317        2721.655269759087        2502.294445801098
1                        1                        1                        0.489008                 2.9000000000000004       0.3448275862068965       5.33705493496229E-13     5.354638080160809E-13    0.25                     5.0E10                   2700                     4714.045207910317        2721.655269759087        2502.294445801098
1                        1                        1                        0.489008                 3.0000000000000004       0.33333333333333326      5.352826430733761E-13    5.366453818038444E-13    0.25                     5.0E10                   2700                     4714.045207910317        2721.655269759087        2502.294445801098
1                        1                        1                        0.489008                 3.1                      0.32258064516129037      5.366229293387714E-13    5.375297084026257E-13    0.25                     5.0E10                   2700                     4714.045207910317        2721.655269759087        2502.294445801098
1                        1                        1                        0.489008                 3.2                      0.3125                   5.375016758077781E-13    5.37929323728576E-13     0.25                     5.0E10                   2700                     4714.045207910317        2721.655269759087        2502.294445801098
1                        1                        1                        0.489008                 3.3000000000000003       0.30303030303030304      5.37877964886091E-13     5.37828665676027E-13     0.25                     5.0E10                   2700                     4714.045207910317        2721.655269759087        2502.294445801098
1                        1                        1                        0.489008                 3.4000000000000004       0.2941176470588235       5.378497551137152E-13    5.373443718651449E-13    0.25                     5.0E10                   2700                     4714.045207910317        2721.655269759087        2502.294445801098
1                        1                        1                        0.489008                 3.5000000000000004       0.2857142857142857       5.375307273329656E-13    5.365971905722663E-13    0.25                     5.0E10                   2700                     4714.045207910317        2721.655269759087        2502.294445801098
1                        1                        1                        0.489008                 3.6                      0.2777777777777778       5.370895988221479E-13    5.357681753479565E-13    0.25                     5.0E10                   2700                     4714.045207910317        2721.655269759087        2502.294445801098
1                        1                        1                        0.489008                 3.7                      0.2702702702702703       5.366544494897203E-13    5.349920870204176E-13    0.25                     5.0E10                   2700                     4714.045207910317        2721.655269759087        2502.294445801098
1                        1                        1                        0.489008                 3.8000000000000003       0.2631578947368421       5.363144454659964E-13    5.343630320822232E-13    0.25                     5.0E10                   2700                     4714.045207910317        2721.655269759087        2502.294445801098
1                        1                        1                        0.489008                 3.9000000000000004       0.2564102564102564       5.361187096370893E-13    5.339334898049053E-13    0.25                     5.0E10                   2700                     4714.045207910317        2721.655269759087        2502.294445801098
1                        1                        1                        0.489008                 4                        0.25                     5.360822338633257E-13    5.337202587349631E-13    0.25                     5.0E10                   2700                     4714.045207910317        2721.655269759087        2502.294445801098
1                        1                        1                        0.489008                 4.1                      0.24390243902439027      5.36194667205273E-13     5.337132679704671E-13    0.25                     5.0E10                   2700                     4714.045207910317        2721.655269759087        2502.294445801098
1                        1                        1                        0.489008                 4.2                      0.23809523809523808      5.364293113991587E-13    5.338846409766645E-13    0.25                     5.0E10                   2700                     4714.045207910317        2721.655269759087        2502.294445801098
1                        1                        1                        0.489008                 4.3                      0.23255813953488372      5.367509314581544E-13    5.341966372870685E-13    0.25                     5.0E10                   2700                     4714.045207910317        2721.655269759087        2502.294445801098
1                        1                        1                        0.489008                 4.3999999999999995       0.22727272727272732      5.371220460084171E-13    5.346080828609778E-13    0.25                     5.0E10                   2700                     4714.045207910317        2721.655269759087        2502.294445801098
1                        1                        1                        0.489008                 4.5                      0.22222222222222224      5.375064292858876E-13    5.350782973461245E-13    0.25                     5.0E10                   2700                     4714.045207910317        2721.655269759087        2502.294445801098
1                        1                        1                        0.489008                 4.6                      0.2173913043478261       5.378730158273959E-13    5.355709520654315E-13    0.25                     5.0E10                   2700                     4714.045207910317        2721.655269759087        2502.294445801098
1                        1                        1                        0.489008                 4.7                      0.2127659574468085       5.381965952909666E-13    5.360552140649923E-13    0.25                     5.0E10                   2700                     4714.045207910317        2721.655269759087        2502.294445801098
1                        1                        1                        0.489008                 4.8                      0.20833333333333334      5.38458489942932E-13     5.365066086659183E-13    0.25                     5.0E10                   2700                     4714.045207910317        2721.655269759087        2502.294445801098
1                        1                        1                        0.489008                 4.9                      0.20408163265306117      5.387475333084741E-13    5.370411267262479E-13    0.25                     5.0E10                   2700                     4714.045207910317        2721.655269759087        2502.294445801098
1                        1                        1                        0.489008                 5                        0.2                      5.388522996381463E-13    5.373582540312767E-13    0.25                     5.0E10                   2700                     4714.045207910317        2721.655269759087        2502.294445801098
1                        1                        1                        0.489008                 5.1                      0.19607843137254904      5.388663980844221E-13    5.376152727556175E-13    0.25                     5.0E10                   2700                     4714.045207910317        2721.655269759087        2502.294445801098
1                        1                        1                        0.489008                 5.2                      0.1923076923076923       5.388012466414299E-13    5.378003936916874E-13    0.25                     5.0E10                   2700                     4714.045207910317        2721.655269759087        2502.294445801098
1                        1                        1                        0.489008                 5.3                      0.18867924528301888      5.386620659994985E-13    5.37914588801825E-13     0.25                     5.0E10                   2700                     4714.045207910317        2721.655269759087        2502.294445801098
1                        1                        1                        0.489008                 5.4                      0.18518518518518517      5.384561843760397E-13    5.379614588538027E-13    0.25                     5.0E10                   2700                     4714.045207910317        2721.655269759087        2502.294445801098
1                        1                        1                        0.489008                 5.5                      0.18181818181818182      5.381922756729151E-13    5.379464796584446E-13    0.25                     5.0E10                   2700                     4714.045207910317        2721.655269759087        2502.294445801098
1                        1                        1                        0.489008                 5.6                      0.17857142857142858      5.378797210619113E-13    5.37876351885729E-13     0.25                     5.0E10                   2700                     4714.045207910317        2721.655269759087        2502.294445801098
1                        1                        1                        0.489008                 5.7                      0.17543859649122806      5.375280961929245E-13    5.377584618193867E-13    0.25                     5.0E10                   2700                     4714.045207910317        2721.655269759087        2502.294445801098
1                        1                        1                        0.489008                 5.8                      0.1724137931034483       5.371472817402337E-13    5.376009414316578E-13    0.25                     5.0E10                   2700                     4714.045207910317        2721.655269759087        2502.294445801098
1                        1                        1                        0.489008                 5.9                      0.1694915254237288       5.367451932877729E-13    5.374104088050531E-13    0.25                     5.0E10                   2700                     4714.045207910317        2721.655269759087        2502.294445801098
1                        1                        1                        0.489008                 6                        0.16666666666666666      5.363305023531873E-13    5.371945668838609E-13    0.25                     5.0E10                   2700                     4714.045207910317        2721.655269759087        2502.294445801098
1                        1                        1                        0.489008                 6.1                      0.16393442622950818      5.359106025470367E-13    5.369601724676768E-13    0.25                     5.0E10                   2700                     4714.045207910317        2721.655269759087        2502.294445801098
1                        1                        1                        0.489008                 6.2                      0.16129032258064518      5.354920164497521E-13    5.367133861030039E-13    0.25                     5.0E10                   2700                     4714.045207910317        2721.655269759087        2502.294445801098
1                        1                        1                        0.489008                 6.3                      0.15873015873015872      5.35080378955127E-13     5.364597128827954E-13    0.25                     5.0E10                   2700                     4714.045207910317        2721.655269759087        2502.294445801098
1                        1                        1                        0.489008                 6.4                      0.15625                  5.34680454854773E-13     5.362039807516097E-13    0.25                     5.0E10                   2700                     4714.045207910317        2721.655269759087        2502.294445801098
1                        1                        1                        0.489008                 6.5                      0.15384615384615383      5.342961805522816E-13    5.359503467511372E-13    0.25                     5.0E10                   2700                     4714.045207910317        2721.655269759087        2502.294445801098
1                        1                        1                        0.489008                 6.6                      0.15151515151515152      5.339307219555587E-13    5.357023232940813E-13    0.25                     5.0E10                   2700                     4714.045207910317        2721.655269759087        2502.294445801098
1                        1                        1                        0.489008                 6.7                      0.1492537313432836       5.335865419898906E-13    5.354628179936657E-13    0.25                     5.0E10                   2700                     4714.045207910317        2721.655269759087        2502.294445801098
1                        1                        1                        0.489008                 6.8                      0.14705882352941177      5.332654728283215E-13    5.352341819283983E-13    0.25                     5.0E10                   2700                     4714.045207910317        2721.655269759087        2502.294445801098
1                        1                        1                        0.489008                 6.9                      0.14492753623188404      5.329687891712978E-13    5.350182624389865E-13    0.25                     5.0E10                   2700                     4714.045207910317        2721.655269759087        2502.294445801098
1                        1                        1                        0.489008                 7                        0.14285714285714285      5.326972799124257E-13    5.348164574696589E-13    0.25                     5.0E10                   2700                     4714.045207910317        2721.655269759087        2502.294445801098
1                        1                        1                        0.489008                 7.1                      0.14084507042253522      5.324513163019914E-13    5.346297693167142E-13    0.25                     5.0E10                   2700                     4714.045207910317        2721.655269759087        2502.294445801098
1                        1                        1                        0.489008                 7.2                      0.1388888888888889       5.322309155657085E-13    5.344588562954853E-13    0.25                     5.0E10                   2700                     4714.045207910317        2721.655269759087        2502.294445801098
1                        1                        1                        0.489008                 7.3                      0.13698630136986303      5.320357991081136E-13    5.34304081266103E-13     0.25                     5.0E10                   2700                     4714.045207910317        2721.655269759087        2502.294445801098
1                        1                        1                        0.489008                 7.4                      0.13513513513513514      5.318654451807623E-13    5.341655565087986E-13    0.25                     5.0E10                   2700                     4714.045207910317        2721.655269759087        2502.294445801098
1                        1                        1                        0.489008                 7.5                      0.13333333333333333      5.317191358195145E-13    5.340431845301321E-13    0.25                     5.0E10                   2700                     4714.045207910317        2721.655269759087        2502.294445801098
1                        1                        1                        0.489008                 7.6                      0.13157894736842105      5.315959983225758E-13    5.33936694801052E-13     0.25                     5.0E10                   2700                     4714.045207910317        2721.655269759087        2502.294445801098
1                        1                        1                        0.489008                 7.7                      0.12987012987012989      5.314950414587061E-13    5.338456764116326E-13    0.25                     5.0E10                   2700                     4714.045207910317        2721.655269759087        2502.294445801098
1                        1                        1                        0.489008                 7.8                      0.12820512820512822      5.314151868253335E-13    5.337696068529057E-13    0.25                     5.0E10                   2700                     4714.045207910317        2721.655269759087        2502.294445801098
1                        1                        1                        0.489008                 7.9                      0.12658227848101267      5.31355295717931E-13     5.337078771395668E-13    0.25                     5.0E10                   2700                     4714.045207910317        2721.655269759087        2502.294445801098
1                        1                        1                        0.489008                 8                        0.125                    5.313141919426641E-13    5.336598135465481E-13    0.25                     5.0E10                   2700                     4714.045207910317        2721.655269759087        2502.294445801098
1                        1                        1                        0.489008                 8.1                      0.1234567901234568       5.312906810553474E-13    5.336246962961507E-13    0.25                     5.0E10                   2700                     4714.045207910317        2721.655269759087        2502.294445801098
1                        1                        1                        0.489008                 8.2                      0.12195121951219513      5.31283566271467E-13     5.336017754008817E-13    0.25                     5.0E10                   2700                     4714.045207910317        2721.655269759087        2502.294445801098
1                        1                        1                        0.489008                 8.3                      0.12048192771084336      5.312916616350644E-13    5.335902840682254E-13    0.25                     5.0E10                   2700                     4714.045207910317        2721.655269759087        2502.294445801098
1                        1                        1                        0.489008                 8.4                      0.11904761904761904      5.313138026458834E-13    5.335894498724199E-13    0.25                     5.0E10                   2700                     4714.045207910317        2721.655269759087        2502.294445801098
1                        1                        1                        0.489008                 8.5                      0.11764705882352941      5.313488547565336E-13    5.335985039817707E-13    0.25                     5.0E10                   2700                     4714.045207910317        2721.655269759087        2502.294445801098
1                        1                        1                        0.489008                 8.6                      0.11627906976744186      5.31395719999154E-13     5.336166886956285E-13    0.25                     5.0E10                   2700                     4714.045207910317        2721.655269759087        2502.294445801098
1                        1                        1                        0.489008                 8.7                      0.11494252873563218      5.314550899097593E-13    5.336449547861263E-13    0.25                     5.0E10                   2700                     4714.045207910317        2721.655269759087        2502.294445801098
1                        1                        1                        0.489008                 8.8                      0.11363636363636362      5.315224996422962E-13    5.336792448839234E-13    0.25                     5.0E10                   2700                     4714.045207910317        2721.655269759087        2502.294445801098
1                        1                        1                        0.489008                 8.9                      0.11235955056179775      5.315986916166003E-13    5.337205134335075E-13    0.25                     5.0E10                   2700                     4714.045207910317        2721.655269759087        2502.294445801098
1                        1                        1                        0.489008                 9                        0.11111111111111112      5.316827520433217E-13    5.337680958545515E-13    0.25                     5.0E10                   2700                     4714.045207910317        2721.655269759087        2502.294445801098
1                        1                        1                        0.489008                 9.1                      0.1098901098901099       5.317738173276249E-13    5.338213578818466E-13    0.25                     5.0E10                   2700                     4714.045207910317        2721.655269759087        2502.294445801098
1                        1                        1                        0.489008                 9.2                      0.10869565217391305      5.318710741556393E-13    5.338796968300707E-13    0.25                     5.0E10                   2700                     4714.045207910317        2721.655269759087        2502.294445801098
1                        1                        1                        0.489008                 9.3                      0.10752688172043011      5.319737591180564E-13    5.33942542339385E-13     0.25                     5.0E10                   2700                     4714.045207910317        2721.655269759087        2502.294445801098
1                        1                        1                        0.489008                 9.4                      0.10638297872340426      5.320811578207696E-13    5.340093566150084E-13    0.25                     5.0E10                   2700                     4714.045207910317        2721.655269759087        2502.294445801098
1                        1                        1                        0.489008                 9.5                      0.10526315789473685      5.321926037438345E-13    5.340796343344362E-13    0.25                     5.0E10                   2700                     4714.045207910317        2721.655269759087        2502.294445801098
1                        1                        1                        0.489008                 9.6                      0.10416666666666667      5.323074767041191E-13    5.341529021868648E-13    0.25                     5.0E10                   2700                     4714.045207910317        2721.655269759087        2502.294445801098
1                        1                        1                        0.489008                 9.700000000000001        0.1030927835051546       5.324252012637608E-13    5.342287182363757E-13    0.25                     5.0E10                   2700                     4714.045207910317        2721.655269759087        2502.294445801098
1                        1                        1                        0.489008                 9.8                      0.10204081632653059      5.325452449156327E-13    5.343066710499348E-13    0.25                     5.0E10                   2700                     4714.045207910317        2721.655269759087        2502.294445801098
1                        1                        1                        0.489008                 9.9                      0.101010101010101        5.32667116127513E-13     5.343863786622584E-13    0.25                     5.0E10                   2700                     4714.045207910317        2721.655269759087        2502.294445801098
1                        1                        1                        0.489008                 10                       0.1                      5.327446819778164E-13    5.343950532018692E-13    0.25                     5.0E10                   2700                     4714.045207910317        2721.655269759087        2502.294445801098
