1                        1                        1                        0.370833                 0.1                      10                       5.331579148556262E-13    5.331604650922651E-13    0.25                     5.0E10                   2700                     4714.045207910317        2721.655269759087        2502.294445801098
1                        1                        1                        0.370833                 0.2                      5                        5.335066032371669E-13    5.331713855671224E-13    0.25                     5.0E10                   2700                     4714.045207910317        2721.655269759087        2502.294445801098
1                        1                        1                        0.370833                 0.30000000000000004      3.3333333333333326       5.366822449963404E-13    5.36331323682504E-13     0.25                     5.0E10                   2700                     4714.045207910317        2721.655269759087        2502.294445801098
1                        1                        1                        0.370833                 0.4                      2.5                      5.329863779498596E-13    5.332518688843009E-13    0.25                     5.0E10                   2700                     4714.045207910317        2721.655269759087        2502.294445801098
1                        1                        1                        0.370833                 0.5                      2                        5.332190362954507E-13    5.332316306438188E-13    0.25                     5.0E10                   2700                     4714.045207910317        2721.655269759087        2502.294445801098
1                        1                        1                        0.370833                 0.6                      1.6666666666666667       5.366399880190629E-13    5.366311888281312E-13    0.25                     5.0E10                   2700                     4714.045207910317        2721.655269759087        2502.294445801098
1                        1                        1                        0.370833                 0.7000000000000001       1.4285714285714284       5.374288170285162E-13    5.374249617494891E-13    0.25                     5.0E10                   2700                     4714.045207910317        2721.655269759087        2502.294445801098
1                        1                        1                        0.370833                 0.8                      1.25                     5.346188746839684E-13    5.333145898372281E-13    0.25                     5.0E10                   2700                     4714.045207910317        2721.655269759087        2502.294445801098
1                        1                        1                        0.370833                 0.9                      1.1111111111111112       5.324890357499855E-13    5.337935878600215E-13    0.25                     5.0E10                   2700                     4714.045207910317        2721.655269759087        2502.294445801098
1                        1                        1                        0.370833                 1                        1                        5.348873171385725E-13    5.332088312866671E-13    0.25                     5.0E10                   2700                     4714.045207910317        2721.655269759087        2502.294445801098
1                        1                        1                        0.370833                 1.1                      0.909090909090909        5.352399906205186E-13    5.359736862940397E-13    0.25                     5.0E10                   2700                     4714.045207910317        2721.655269759087        2502.294445801098
1                        1                        1                        0.370833                 1.2000000000000002       0.8333333333333331       5.355811972289496E-13    5.36569036612095E-13     0.25                     5.0E10                   2700                     4714.045207910317        2721.655269759087        2502.294445801098
1                        1                        1                        0.370833                 1.3000000000000003       0.769230769230769        5.362034618674269E-13    5.346503637269283E-13    0.25                     5.0E10                   2700                     4714.045207910317        2721.655269759087        2502.294445801098
1                        1                        1                        0.370833                 1.4000000000000001       0.7142857142857142       5.377099108880845E-13    5.360709377292966E-13    0.25                     5.0E10                   2700                     4714.045207910317        2721.655269759087        2502.294445801098
1                        1                        1                        0.370833                 1.5000000000000002       0.6666666666666665       5.364402971861383E-13    5.369658399896483E-13    0.25                     5.0E10                   2700                     4714.045207910317        2721.655269759087        2502.294445801098
1                        1                        1                        0.370833                 1.6                      0.625                    5.317562317487345E-13    5.336880199534591E-13    0.25                     5.0E10                   2700                     4714.045207910317        2721.655269759087        2502.294445801098
1                        1                        1                        0.370833                 1.7000000000000002       0.588235294117647        5.346862967830408E-13    5.362010525927058E-13    0.25                     5.0E10                   2700                     4714.045207910317        2721.655269759087        2502.294445801098
1                        1                        1                        0.370833                 1.8000000000000003       0.5555555555555555       5.378276066386721E-13    5.379014697698519E-13    0.25                     5.0E10                   2700                     4714.045207910317        2721.655269759087        2502.294445801098
1                        1                        1                        0.370833                 1.9000000000000001       0.5263157894736842       5.369905753585537E-13    5.356304075051256E-13    0.25                     5.0E10                   2700                     4714.045207910317        2721.655269759087        2502.294445801098
1                        1                        1                        0.370833                 2                        0.5                      5.360106339521779E-13    5.338159885426866E-13    0.25                     5.0E10                   2700                     4714.045207910317        2721.655269759087        2502.294445801098
1                        1                        1                        0.370833                 2.1                      0.47619047619047616      5.371143863727881E-13    5.349221073899381E-13    0.25                     5.0E10                   2700                     4714.045207910317        2721.655269759087        2502.294445801098
1                        1                        1                        0.370833                 2.2                      0.4545454545454545       5.385900618944932E-13    5.371115820483963E-13    0.25                     5.0E10                   2700                     4714.045207910317        2721.655269759087        2502.294445801098
1                        1                        1                        0.370833                 2.3000000000000003       0.43478260869565216      5.384238573746872E-13    5.380388630925403E-13    0.25                     5.0E10                   2700                     4714.045207910317        2721.655269759087        2502.294445801098
1                        1                        1                        0.370833                 2.4000000000000004       0.4166666666666666       5.364637078468908E-13    5.371769126365045E-13    0.25                     5.0E10                   2700                     4714.045207910317        2721.655269759087        2502.294445801098
1                        1                        1                        0.370833                 2.5000000000000004       0.3999999999999999       5.339343938799822E-13    5.354890842778031E-13    0.25                     5.0E10                   2700                     4714.045207910317        2721.655269759087        2502.294445801098
1                        1                        1                        0.370833                 2.6                      0.3846153846153846       5.32111186518443E-13     5.341521632886841E-13    0.25                     5.0E10                   2700                     4714.045207910317        2721.655269759087        2502.294445801098
1                        1                        1                        0.370833                 2.7                      0.37037037037037035      5.315905003853887E-13    5.33783278707168E-13     0.25                     5.0E10                   2700                     4714.045207910317        2721.655269759087        2502.294445801098
1                        1                        1                        0.370833                 2.8000000000000003       0.3571428571428571       5.322763201714204E-13    5.343583247422417E-13    0.25                     5.0E10                   2700                     4714.045207910317        2721.655269759087        2502.294445801098
1                        1                        1                        0.370833                 2.9000000000000004       0.3448275862068965       5.336897898147713E-13    5.354795501875323E-13    0.25                     5.0E10                   2700                     4714.045207910317        2721.655269759087        2502.294445801098
1                        1                        1                        0.370833                 3.0000000000000004       0.33333333333333326      5.352811098492533E-13    5.366671023718192E-13    0.25                     5.0E10                   2700                     4714.045207910317        2721.655269759087        2502.294445801098
1                        1                        1                        0.370833                 3.1                      0.32258064516129037      5.366275776151172E-13    5.375512340548656E-13    0.25                     5.0E10                   2700                     4714.045207910317        2721.655269759087        2502.294445801098
1                        1                        1                        0.370833                 3.2                      0.3125                   5.375067190600679E-13    5.379466903508224E-13    0.25                     5.0E10                   2700                     4714.045207910317        2721.655269759087        2502.294445801098
1                        1                        1                        0.370833                 3.3000000000000003       0.30303030303030304      5.378805715926449E-13    5.378406925985116E-13    0.25                     5.0E10                   2700                     4714.045207910317        2721.655269759087        2502.294445801098
1                        1                        1                        0.370833                 3.4000000000000004       0.2941176470588235       5.378555169314524E-13    5.373516659782597E-13    0.25                     5.0E10                   2700                     4714.045207910317        2721.655269759087        2502.294445801098
1                        1                        1                        0.370833                 3.5000000000000004       0.2857142857142857       5.375325614285634E-13    5.365999193277117E-13    0.25                     5.0E10                   2700                     4714.045207910317        2721.655269759087        2502.294445801098
1                        1                        1                        0.370833                 3.6                      0.2777777777777778       5.370893418295568E-13    5.35769271924127E-13     0.25                     5.0E10                   2700                     4714.045207910317        2721.655269759087        2502.294445801098
1                        1                        1                        0.370833                 3.7                      0.2702702702702703       5.366538523158927E-13    5.349941453424039E-13    0.25                     5.0E10                   2700                     4714.045207910317        2721.655269759087        2502.294445801098
1                        1                        1                        0.370833                 3.8000000000000003       0.2631578947368421       5.364024038886421E-13    5.344749873685283E-13    0.25                     5.0E10                   2700                     4714.045207910317        2721.655269759087        2502.294445801098
1                        1                        1                        0.370833                 3.9000000000000004       0.2564102564102564       5.362011403015881E-13    5.340413459799015E-13    0.25                     5.0E10                   2700                     4714.045207910317        2721.655269759087        2502.294445801098
1                        1                        1                        0.370833                 4                        0.25                     5.361596723483928E-13    5.33824076631954E-13     0.25                     5.0E10                   2700                     4714.045207910317        2721.655269759087        2502.294445801098
1                        1                        1                        0.370833                 4.1                      0.24390243902439027      5.362674741768979E-13    5.338129372443856E-13    0.25                     5.0E10                   2700                     4714.045207910317        2721.655269759087        2502.294445801098
1                        1                        1                        0.370833                 4.2                      0.23809523809523808      5.364973240014162E-13    5.339796936749548E-13    0.25                     5.0E10                   2700                     4714.045207910317        2721.655269759087        2502.294445801098
1                        1                        1                        0.370833                 4.3                      0.23255813953488372      5.368141365616014E-13    5.342867703176826E-13    0.25                     5.0E10                   2700                     4714.045207910317        2721.655269759087        2502.294445801098
1                        1                        1                        0.370833                 4.3999999999999995       0.22727272727272732      5.37180263218898E-13     5.346929375138905E-13    0.25                     5.0E10                   2700                     4714.045207910317        2721.655269759087        2502.294445801098
1                        1                        1                        0.370833                 4.5                      0.22222222222222224      5.375599318677212E-13    5.351579277648958E-13    0.25                     5.0E10                   2700                     4714.045207910317        2721.655269759087        2502.294445801098
1                        1                        1                        0.370833                 4.6                      0.2173913043478261       5.379219533481421E-13    5.35645389932081E-13     0.25                     5.0E10                   2700                     4714.045207910317        2721.655269759087        2502.294445801098
1                        1                        1                        0.370833                 4.7                      0.2127659574468085       5.382411642261605E-13    5.361245814555725E-13    0.25                     5.0E10                   2700                     4714.045207910317        2721.655269759087        2502.294445801098
1                        1                        1                        0.370833                 4.8                      0.20833333333333334      5.384989162536861E-13    5.365710923382053E-13    0.25                     5.0E10                   2700                     4714.045207910317        2721.655269759087        2502.294445801098
1                        1                        1                        0.370833                 4.9                      0.20408163265306117      5.386828968231491E-13    5.369668731789829E-13    0.25                     5.0E10                   2700                     4714.045207910317        2721.655269759087        2502.294445801098
1                        1                        1                        0.370833                 5                        0.2                      5.38793171278783E-13     5.372907572056435E-13    0.25                     5.0E10                   2700                     4714.045207910317        2721.655269759087        2502.294445801098
1                        1                        1                        0.370833                 5.1                      0.19607843137254904      5.388102154872877E-13    5.375530736855918E-13    0.25                     5.0E10                   2700                     4714.045207910317        2721.655269759087        2502.294445801098
1                        1                        1                        0.370833                 5.2                      0.1923076923076923       5.387472119608844E-13    5.377424733361102E-13    0.25                     5.0E10                   2700                     4714.045207910317        2721.655269759087        2502.294445801098
1                        1                        1                        0.370833                 5.3                      0.18867924528301888      5.3860956873911E-13      5.37860082435456E-13     0.25                     5.0E10                   2700                     4714.045207910317        2721.655269759087        2502.294445801098
1                        1                        1                        0.370833                 5.4                      0.18518518518518517      5.384047900809285E-13    5.379096603877083E-13    0.25                     5.0E10                   2700                     4714.045207910317        2721.655269759087        2502.294445801098
1                        1                        1                        0.370833                 5.5                      0.18181818181818182      5.381422422732237E-13    5.378973512925235E-13    0.25                     5.0E10                   2700                     4714.045207910317        2721.655269759087        2502.294445801098
1                        1                        1                        0.370833                 5.6                      0.17857142857142858      5.378304098539633E-13    5.378290012631246E-13    0.25                     5.0E10                   2700                     4714.045207910317        2721.655269759087        2502.294445801098
1                        1                        1                        0.370833                 5.7                      0.17543859649122806      5.374794722748941E-13    5.377125962303677E-13    0.25                     5.0E10                   2700                     4714.045207910317        2721.655269759087        2502.294445801098
1                        1                        1                        0.370833                 5.8                      0.1724137931034483       5.370988871557642E-13    5.375558780035777E-13    0.25                     5.0E10                   2700                     4714.045207910317        2721.655269759087        2502.294445801098
1                        1                        1                        0.370833                 5.9                      0.1694915254237288       5.366976004128193E-13    5.373664922039674E-13    0.25                     5.0E10                   2700                     4714.045207910317        2721.655269759087        2502.294445801098
1                        1                        1                        0.370833                 6                        0.16666666666666666      5.362838514179483E-13    5.371517461078165E-13    0.25                     5.0E10                   2700                     4714.045207910317        2721.655269759087        2502.294445801098
1                        1                        1                        0.370833                 6.1                      0.16393442622950818      5.358650535675787E-13    5.369184416498223E-13    0.25                     5.0E10                   2700                     4714.045207910317        2721.655269759087        2502.294445801098
1                        1                        1                        0.370833                 6.2                      0.16129032258064518      5.354477348258657E-13    5.366727699188545E-13    0.25                     5.0E10                   2700                     4714.045207910317        2721.655269759087        2502.294445801098
1                        1                        1                        0.370833                 6.3                      0.15873015873015872      5.35037524221347E-13     5.364202543692687E-13    0.25                     5.0E10                   2700                     4714.045207910317        2721.655269759087        2502.294445801098
1                        1                        1                        0.370833                 6.4                      0.15625                  5.346391723222345E-13    5.361657315059921E-13    0.25                     5.0E10                   2700                     4714.045207910317        2721.655269759087        2502.294445801098
1                        1                        1                        0.370833                 6.5                      0.15384615384615383      5.342565955587504E-13    5.359133593565094E-13    0.25                     5.0E10                   2700                     4714.045207910317        2721.655269759087        2502.294445801098
1                        1                        1                        0.370833                 6.6                      0.15151515151515152      5.338929362376395E-13    5.356666456941443E-13    0.25                     5.0E10                   2700                     4714.045207910317        2721.655269759087        2502.294445801098
1                        1                        1                        0.370833                 6.7                      0.1492537313432836       5.335506318741855E-13    5.35428489581392E-13     0.25                     5.0E10                   2700                     4714.045207910317        2721.655269759087        2502.294445801098
1                        1                        1                        0.370833                 6.8                      0.14705882352941177      5.332314888571942E-13    5.352012310547959E-13    0.25                     5.0E10                   2700                     4714.045207910317        2721.655269759087        2502.294445801098
1                        1                        1                        0.370833                 6.9                      0.14492753623188404      5.329367567986993E-13    5.349867050667643E-13    0.25                     5.0E10                   2700                     4714.045207910317        2721.655269759087        2502.294445801098
1                        1                        1                        0.370833                 7                        0.14285714285714285      5.326672010094486E-13    5.34786296733934E-13     0.25                     5.0E10                   2700                     4714.045207910317        2721.655269759087        2502.294445801098
1                        1                        1                        0.370833                 7.1                      0.14084507042253522      5.324231712257069E-13    5.346009957769148E-13    0.25                     5.0E10                   2700                     4714.045207910317        2721.655269759087        2502.294445801098
1                        1                        1                        0.370833                 7.2                      0.1388888888888889       5.322046655531113E-13    5.344314486764282E-13    0.25                     5.0E10                   2700                     4714.045207910317        2721.655269759087        2502.294445801098
1                        1                        1                        0.370833                 7.3                      0.13698630136986303      5.320113888654692E-13    5.342780075588911E-13    0.25                     5.0E10                   2700                     4714.045207910317        2721.655269759087        2502.294445801098
1                        1                        1                        0.370833                 7.4                      0.13513513513513514      5.318428055256746E-13    5.341407752705869E-13    0.25                     5.0E10                   2700                     4714.045207910317        2721.655269759087        2502.294445801098
1                        1                        1                        0.370833                 7.5                      0.13333333333333333      5.31698186260319E-13     5.340196463031765E-13    0.25                     5.0E10                   2700                     4714.045207910317        2721.655269759087        2502.294445801098
1                        1                        1                        0.370833                 7.6                      0.13157894736842105      5.31576649532235E-13     5.339143435685675E-13    0.25                     5.0E10                   2700                     4714.045207910317        2721.655269759087        2502.294445801098
1                        1                        1                        0.370833                 7.7                      0.12987012987012989      5.314771975695838E-13    5.338244510183618E-13    0.25                     5.0E10                   2700                     4714.045207910317        2721.655269759087        2502.294445801098
1                        1                        1                        0.370833                 7.8                      0.12820512820512822      5.313987475219439E-13    5.337494423658341E-13    0.25                     5.0E10                   2700                     4714.045207910317        2721.655269759087        2502.294445801098
1                        1                        1                        0.370833                 7.9                      0.12658227848101267      5.313401581046761E-13    5.33688706095669E-13     0.25                     5.0E10                   2700                     4714.045207910317        2721.655269759087        2502.294445801098
1                        1                        1                        0.370833                 8                        0.125                    5.313002522018004E-13    5.336415671014607E-13    0.25                     5.0E10                   2700                     4714.045207910317        2721.655269759087        2502.294445801098
1                        1                        1                        0.370833                 8.1                      0.1234567901234568       5.312778358543032E-13    5.336073052250171E-13    0.25                     5.0E10                   2700                     4714.045207910317        2721.655269759087        2502.294445801098
1                        1                        1                        0.370833                 8.2                      0.12195121951219513      5.312735800613048E-13    5.335869620035546E-13    0.25                     5.0E10                   2700                     4714.045207910317        2721.655269759087        2502.294445801098
1                        1                        1                        0.370833                 8.3                      0.12048192771084336      5.312826167268817E-13    5.335762389454708E-13    0.25                     5.0E10                   2700                     4714.045207910317        2721.655269759087        2502.294445801098
1                        1                        1                        0.370833                 8.4                      0.11904761904761904      5.313056030306902E-13    5.335761071129975E-13    0.25                     5.0E10                   2700                     4714.045207910317        2721.655269759087        2502.294445801098
1                        1                        1                        0.370833                 8.5                      0.11764705882352941      5.313414086002663E-13    5.335858000777171E-13    0.25                     5.0E10                   2700                     4714.045207910317        2721.655269759087        2502.294445801098
1                        1                        1                        0.370833                 8.6                      0.11627906976744186      5.313889401278915E-13    5.336045629421785E-13    0.25                     5.0E10                   2700                     4714.045207910317        2721.655269759087        2502.294445801098
1                        1                        1                        0.370833                 8.7                      0.11494252873563218      5.314471462723127E-13    5.336316582873894E-13    0.25                     5.0E10                   2700                     4714.045207910317        2721.655269759087        2502.294445801098
1                        1                        1                        0.370833                 8.8                      0.11363636363636362      5.31515021196362E-13     5.336663708480044E-13    0.25                     5.0E10                   2700                     4714.045207910317        2721.655269759087        2502.294445801098
1                        1                        1                        0.370833                 8.9                      0.11235955056179775      5.315916070262714E-13    5.337080111233438E-13    0.25                     5.0E10                   2700                     4714.045207910317        2721.655269759087        2502.294445801098
1                        1                        1                        0.370833                 9                        0.11111111111111112      5.316759953357481E-13    5.337559180526496E-13    0.25                     5.0E10                   2700                     4714.045207910317        2721.655269759087        2502.294445801098
1                        1                        1                        0.370833                 9.1                      0.1098901098901099       5.317673278353085E-13    5.338094608972311E-13    0.25                     5.0E10                   2700                     4714.045207910317        2721.655269759087        2502.294445801098
1                        1                        1                        0.370833                 9.2                      0.10869565217391305      5.318647964373018E-13    5.338680404755735E-13    0.25                     5.0E10                   2700                     4714.045207910317        2721.655269759087        2502.294445801098
1                        1                        1                        0.370833                 9.3                      0.10752688172043011      5.319676427951384E-13    5.339310898546183E-13    0.25                     5.0E10                   2700                     4714.045207910317        2721.655269759087        2502.294445801098
1                        1                        1                        0.370833                 9.4                      0.10638297872340426      5.320751574079475E-13    5.339980745761089E-13    0.25                     5.0E10                   2700                     4714.045207910317        2721.655269759087        2502.294445801098
1                        1                        1                        0.370833                 9.5                      0.10526315789473685      5.321866783998978E-13    5.340684925073407E-13    0.25                     5.0E10                   2700                     4714.045207910317        2721.655269759087        2502.294445801098
1                        1                        1                        0.370833                 9.6                      0.10416666666666667      5.323015900439354E-13    5.341418734087205E-13    0.25                     5.0E10                   2700                     4714.045207910317        2721.655269759087        2502.294445801098
1                        1                        1                        0.370833                 9.700000000000001        0.1030927835051546       5.324193210680403E-13    5.342177782376786E-13    0.25                     5.0E10                   2700                     4714.045207910317        2721.655269759087        2502.294445801098
1                        1                        1                        0.370833                 9.8                      0.10204081632653059      5.325393428832303E-13    5.342957982916334E-13    0.25                     5.0E10                   2700                     4714.045207910317        2721.655269759087        2502.294445801098
1                        1                        1                        0.370833                 9.9                      0.101010101010101        5.326611676133718E-13    5.343755541650009E-13    0.25                     5.0E10                   2700                     4714.045207910317        2721.655269759087        2502.294445801098
1                        1                        1                        0.370833                 10                       0.1                      5.327607567469805E-13    5.343946771764459E-13    0.25                     5.0E10                   2700                     4714.045207910317        2721.655269759087        2502.294445801098
