1                        1                        1                        0.290315                 0.1                      10                       5.331654012404212E-13    5.331679795229847E-13    0.25                     5.0E10                   2700                     4714.045207910317        2721.655269759087        2502.294445801098
1                        1                        1                        0.290315                 0.2                      5                        5.335142005628295E-13    5.331788312324155E-13    0.25                     5.0E10                   2700                     4714.045207910317        2721.655269759087        2502.294445801098
1                        1                        1                        0.290315                 0.30000000000000004      3.3333333333333326       5.366675195401466E-13    5.363163440236335E-13    0.25                     5.0E10                   2700                     4714.045207910317        2721.655269759087        2502.294445801098
1                        1                        1                        0.290315                 0.4                      2.5                      5.330011877035995E-13    5.332673347899805E-13    0.25                     5.0E10                   2700                     4714.045207910317        2721.655269759087        2502.294445801098
1                        1                        1                        0.290315                 0.5                      2                        5.331836881013287E-13    5.331969276656937E-13    0.25                     5.0E10                   2700                     4714.045207910317        2721.655269759087        2502.294445801098
1                        1                        1                        0.290315                 0.6                      1.6666666666666667       5.365691268682663E-13    5.36554869844635E-13     0.25                     5.0E10                   2700                     4714.045207910317        2721.655269759087        2502.294445801098
1                        1                        1                        0.290315                 0.7000000000000001       1.4285714285714284       5.37465580954696E-13     5.374609357181719E-13    0.25                     5.0E10                   2700                     4714.045207910317        2721.655269759087        2502.294445801098
1                        1                        1                        0.290315                 0.8                      1.25                     5.34636083390708E-13     5.333278945190891E-13    0.25                     5.0E10                   2700                     4714.045207910317        2721.655269759087        2502.294445801098
1                        1                        1                        0.290315                 0.9                      1.1111111111111112       5.324980217921206E-13    5.338004609179954E-13    0.25                     5.0E10                   2700                     4714.045207910317        2721.655269759087        2502.294445801098
1                        1                        1                        0.290315                 1                        1                        5.348576342249413E-13    5.331702474608832E-13    0.25                     5.0E10                   2700                     4714.045207910317        2721.655269759087        2502.294445801098
1                        1                        1                        0.290315                 1.1                      0.909090909090909        5.352131211356447E-13    5.359440059270461E-13    0.25                     5.0E10                   2700                     4714.045207910317        2721.655269759087        2502.294445801098
1                        1                        1                        0.290315                 1.2000000000000002       0.8333333333333331       5.355988439903937E-13    5.365668093957368E-13    0.25                     5.0E10                   2700                     4714.045207910317        2721.655269759087        2502.294445801098
1                        1                        1                        0.290315                 1.3000000000000003       0.769230769230769        5.361440913101119E-13    5.345800132263495E-13    0.25                     5.0E10                   2700                     4714.045207910317        2721.655269759087        2502.294445801098
1                        1                        1                        0.290315                 1.4000000000000001       0.7142857142857142       5.376751021040541E-13    5.360651362908156E-13    0.25                     5.0E10                   2700                     4714.045207910317        2721.655269759087        2502.294445801098
1                        1                        1                        0.290315                 1.5000000000000002       0.6666666666666665       5.366463249407687E-13    5.370064742239213E-13    0.25                     5.0E10                   2700                     4714.045207910317        2721.655269759087        2502.294445801098
1                        1                        1                        0.290315                 1.6                      0.625                    5.317867744483257E-13    5.336619074598479E-13    0.25                     5.0E10                   2700                     4714.045207910317        2721.655269759087        2502.294445801098
1                        1                        1                        0.290315                 1.7000000000000002       0.588235294117647        5.345194670116071E-13    5.360839723580828E-13    0.25                     5.0E10                   2700                     4714.045207910317        2721.655269759087        2502.294445801098
1                        1                        1                        0.290315                 1.8000000000000003       0.5555555555555555       5.377564649911633E-13    5.379061308604678E-13    0.25                     5.0E10                   2700                     4714.045207910317        2721.655269759087        2502.294445801098
1                        1                        1                        0.290315                 1.9000000000000001       0.5263157894736842       5.369089472384498E-13    5.355846962896609E-13    0.25                     5.0E10                   2700                     4714.045207910317        2721.655269759087        2502.294445801098
1                        1                        1                        0.290315                 2                        0.5                      5.3591750586927E-13      5.336900314143876E-13    0.25                     5.0E10                   2700                     4714.045207910317        2721.655269759087        2502.294445801098
1                        1                        1                        0.290315                 2.1                      0.47619047619047616      5.370088800873679E-13    5.34723307361974E-13     0.25                     5.0E10                   2700                     4714.045207910317        2721.655269759087        2502.294445801098
1                        1                        1                        0.290315                 2.2                      0.4545454545454545       5.385508970524602E-13    5.369420828362323E-13    0.25                     5.0E10                   2700                     4714.045207910317        2721.655269759087        2502.294445801098
1                        1                        1                        0.290315                 2.3000000000000003       0.43478260869565216      5.384788494253673E-13    5.379561658421748E-13    0.25                     5.0E10                   2700                     4714.045207910317        2721.655269759087        2502.294445801098
1                        1                        1                        0.290315                 2.4000000000000004       0.4166666666666666       5.365672381725052E-13    5.371596141897336E-13    0.25                     5.0E10                   2700                     4714.045207910317        2721.655269759087        2502.294445801098
1                        1                        1                        0.290315                 2.5000000000000004       0.3999999999999999       5.340223038473436E-13    5.354843205781037E-13    0.25                     5.0E10                   2700                     4714.045207910317        2721.655269759087        2502.294445801098
1                        1                        1                        0.290315                 2.6                      0.3846153846153846       5.321368193774879E-13    5.34117773225282E-13     0.25                     5.0E10                   2700                     4714.045207910317        2721.655269759087        2502.294445801098
1                        1                        1                        0.290315                 2.7                      0.37037037037037035      5.31545988177835E-13     5.337090847953159E-13    0.25                     5.0E10                   2700                     4714.045207910317        2721.655269759087        2502.294445801098
1                        1                        1                        0.290315                 2.8000000000000003       0.3571428571428571       5.321795949584124E-13    5.342571151228981E-13    0.25                     5.0E10                   2700                     4714.045207910317        2721.655269759087        2502.294445801098
1                        1                        1                        0.290315                 2.9000000000000004       0.3448275862068965       5.335687120811893E-13    5.353733097016522E-13    0.25                     5.0E10                   2700                     4714.045207910317        2721.655269759087        2502.294445801098
1                        1                        1                        0.290315                 3.0000000000000004       0.33333333333333326      5.353681408494577E-13    5.367553880835097E-13    0.25                     5.0E10                   2700                     4714.045207910317        2721.655269759087        2502.294445801098
1                        1                        1                        0.290315                 3.1                      0.32258064516129037      5.366970149566113E-13    5.376262752272065E-13    0.25                     5.0E10                   2700                     4714.045207910317        2721.655269759087        2502.294445801098
1                        1                        1                        0.290315                 3.2                      0.3125                   5.375636559408952E-13    5.380126583677722E-13    0.25                     5.0E10                   2700                     4714.045207910317        2721.655269759087        2502.294445801098
1                        1                        1                        0.290315                 3.3000000000000003       0.30303030303030304      5.379291465101891E-13    5.379007183315295E-13    0.25                     5.0E10                   2700                     4714.045207910317        2721.655269759087        2502.294445801098
1                        1                        1                        0.290315                 3.4000000000000004       0.2941176470588235       5.379050600871053E-13    5.374084338693574E-13    0.25                     5.0E10                   2700                     4714.045207910317        2721.655269759087        2502.294445801098
1                        1                        1                        0.290315                 3.5000000000000004       0.2857142857142857       5.375764081068278E-13    5.366512813839784E-13    0.25                     5.0E10                   2700                     4714.045207910317        2721.655269759087        2502.294445801098
1                        1                        1                        0.290315                 3.6                      0.2777777777777778       5.371285653094881E-13    5.358157711348075E-13    0.25                     5.0E10                   2700                     4714.045207910317        2721.655269759087        2502.294445801098
1                        1                        1                        0.290315                 3.7                      0.2702702702702703       5.366891647272201E-13    5.350360884215691E-13    0.25                     5.0E10                   2700                     4714.045207910317        2721.655269759087        2502.294445801098
1                        1                        1                        0.290315                 3.8000000000000003       0.2631578947368421       5.363467572818703E-13    5.344056087725829E-13    0.25                     5.0E10                   2700                     4714.045207910317        2721.655269759087        2502.294445801098
1                        1                        1                        0.290315                 3.9000000000000004       0.2564102564102564       5.361499993480694E-13    5.33976196065076E-13     0.25                     5.0E10                   2700                     4714.045207910317        2721.655269759087        2502.294445801098
1                        1                        1                        0.290315                 4                        0.25                     5.361129105518665E-13    5.337636852975157E-13    0.25                     5.0E10                   2700                     4714.045207910317        2721.655269759087        2502.294445801098
1                        1                        1                        0.290315                 4.1                      0.24390243902439027      5.362248602903304E-13    5.337576067920037E-13    0.25                     5.0E10                   2700                     4714.045207910317        2721.655269759087        2502.294445801098
1                        1                        1                        0.290315                 4.2                      0.23809523809523808      5.364588282291854E-13    5.339296989775064E-13    0.25                     5.0E10                   2700                     4714.045207910317        2721.655269759087        2502.294445801098
1                        1                        1                        0.290315                 4.3                      0.23255813953488372      5.367793867417874E-13    5.342419763195621E-13    0.25                     5.0E10                   2700                     4714.045207910317        2721.655269759087        2502.294445801098
1                        1                        1                        0.290315                 4.3999999999999995       0.22727272727272732      5.371487611510661E-13    5.346529774997408E-13    0.25                     5.0E10                   2700                     4714.045207910317        2721.655269759087        2502.294445801098
1                        1                        1                        0.290315                 4.5                      0.22222222222222224      5.37531110885035E-13     5.351222753624582E-13    0.25                     5.0E10                   2700                     4714.045207910317        2721.655269759087        2502.294445801098
1                        1                        1                        0.290315                 4.6                      0.2173913043478261       5.37895236006301E-13     5.356134325715673E-13    0.25                     5.0E10                   2700                     4714.045207910317        2721.655269759087        2502.294445801098
1                        1                        1                        0.290315                 4.7                      0.2127659574468085       5.382160105398263E-13    5.360956847115686E-13    0.25                     5.0E10                   2700                     4714.045207910317        2721.655269759087        2502.294445801098
1                        1                        1                        0.290315                 4.8                      0.20833333333333334      5.384748582304544E-13    5.365446500632367E-13    0.25                     5.0E10                   2700                     4714.045207910317        2721.655269759087        2502.294445801098
1                        1                        1                        0.290315                 4.9                      0.20408163265306117      5.386595586524569E-13    5.369423420927129E-13    0.25                     5.0E10                   2700                     4714.045207910317        2721.655269759087        2502.294445801098
1                        1                        1                        0.290315                 5                        0.2                      5.387709816386204E-13    5.372703081324246E-13    0.25                     5.0E10                   2700                     4714.045207910317        2721.655269759087        2502.294445801098
1                        1                        1                        0.290315                 5.1                      0.19607843137254904      5.38787227456865E-13     5.375329630286931E-13    0.25                     5.0E10                   2700                     4714.045207910317        2721.655269759087        2502.294445801098
1                        1                        1                        0.290315                 5.2                      0.1923076923076923       5.387240027762449E-13    5.377229186668564E-13    0.25                     5.0E10                   2700                     4714.045207910317        2721.655269759087        2502.294445801098
1                        1                        1                        0.290315                 5.3                      0.18867924528301888      5.385858292516534E-13    5.37840486123631E-13     0.25                     5.0E10                   2700                     4714.045207910317        2721.655269759087        2502.294445801098
1                        1                        1                        0.290315                 5.4                      0.18518518518518517      5.383807579593658E-13    5.378899893359451E-13    0.25                     5.0E10                   2700                     4714.045207910317        2721.655269759087        2502.294445801098
1                        1                        1                        0.290315                 5.5                      0.18181818181818182      5.381176606604604E-13    5.378771364976612E-13    0.25                     5.0E10                   2700                     4714.045207910317        2721.655269759087        2502.294445801098
1                        1                        1                        0.290315                 5.6                      0.17857142857142858      5.378060670520893E-13    5.37808821675975E-13     0.25                     5.0E10                   2700                     4714.045207910317        2721.655269759087        2502.294445801098
1                        1                        1                        0.290315                 5.7                      0.17543859649122806      5.374556549725064E-13    5.3769258457395E-13      0.25                     5.0E10                   2700                     4714.045207910317        2721.655269759087        2502.294445801098
1                        1                        1                        0.290315                 5.8                      0.1724137931034483       5.370758613249379E-13    5.375361816502359E-13    0.25                     5.0E10                   2700                     4714.045207910317        2721.655269759087        2502.294445801098
1                        1                        1                        0.290315                 5.9                      0.1694915254237288       5.366756002402894E-13    5.373472589292177E-13    0.25                     5.0E10                   2700                     4714.045207910317        2721.655269759087        2502.294445801098
1                        1                        1                        0.290315                 6                        0.16666666666666666      5.362630723829874E-13    5.371331135571841E-13    0.25                     5.0E10                   2700                     4714.045207910317        2721.655269759087        2502.294445801098
1                        1                        1                        0.290315                 6.1                      0.16393442622950818      5.358456490121243E-13    5.369005301320789E-13    0.25                     5.0E10                   2700                     4714.045207910317        2721.655269759087        2502.294445801098
1                        1                        1                        0.290315                 6.2                      0.16129032258064518      5.354298153187962E-13    5.366556779975623E-13    0.25                     5.0E10                   2700                     4714.045207910317        2721.655269759087        2502.294445801098
1                        1                        1                        0.290315                 6.3                      0.15873015873015872      5.350211590680148E-13    5.364040567544685E-13    0.25                     5.0E10                   2700                     4714.045207910317        2721.655269759087        2502.294445801098
1                        1                        1                        0.290315                 6.4                      0.15625                  5.346243926022014E-13    5.361504787102612E-13    0.25                     5.0E10                   2700                     4714.045207910317        2721.655269759087        2502.294445801098
1                        1                        1                        0.290315                 6.5                      0.15384615384615383      5.342433981470806E-13    5.35899078660969E-13     0.25                     5.0E10                   2700                     4714.045207910317        2721.655269759087        2502.294445801098
1                        1                        1                        0.290315                 6.6                      0.15151515151515152      5.338812884245936E-13    5.35653343032898E-13     0.25                     5.0E10                   2700                     4714.045207910317        2721.655269759087        2502.294445801098
1                        1                        1                        0.290315                 6.7                      0.1492537313432836       5.335404761791291E-13    5.354161519788451E-13    0.25                     5.0E10                   2700                     4714.045207910317        2721.655269759087        2502.294445801098
1                        1                        1                        0.290315                 6.8                      0.14705882352941177      5.332227478250738E-13    5.351898293877945E-13    0.25                     5.0E10                   2700                     4714.045207910317        2721.655269759087        2502.294445801098
1                        1                        1                        0.290315                 6.9                      0.14492753623188404      5.329293375731878E-13    5.349761969184462E-13    0.25                     5.0E10                   2700                     4714.045207910317        2721.655269759087        2502.294445801098
1                        1                        1                        0.290315                 7                        0.14285714285714285      5.326609995572836E-13    5.347766292061622E-13    0.25                     5.0E10                   2700                     4714.045207910317        2721.655269759087        2502.294445801098
1                        1                        1                        0.290315                 7.1                      0.14084507042253522      5.324180761140914E-13    5.345921081284515E-13    0.25                     5.0E10                   2700                     4714.045207910317        2721.655269759087        2502.294445801098
1                        1                        1                        0.290315                 7.2                      0.1388888888888889       5.322005612766637E-13    5.344232747511304E-13    0.25                     5.0E10                   2700                     4714.045207910317        2721.655269759087        2502.294445801098
1                        1                        1                        0.290315                 7.3                      0.13698630136986303      5.320081586890976E-13    5.342704779295413E-13    0.25                     5.0E10                   2700                     4714.045207910317        2721.655269759087        2502.294445801098
1                        1                        1                        0.290315                 7.4                      0.13513513513513514      5.31840333851823E-13     5.341338191073286E-13    0.25                     5.0E10                   2700                     4714.045207910317        2721.655269759087        2502.294445801098
1                        1                        1                        0.290315                 7.5                      0.13333333333333333      5.316963605638325E-13    5.340131929463488E-13    0.25                     5.0E10                   2700                     4714.045207910317        2721.655269759087        2502.294445801098
1                        1                        1                        0.290315                 7.6                      0.13157894736842105      5.315753618866643E-13    5.339083238268444E-13    0.25                     5.0E10                   2700                     4714.045207910317        2721.655269759087        2502.294445801098
1                        1                        1                        0.290315                 7.7                      0.12987012987012989      5.314763458042422E-13    5.338187982080349E-13    0.25                     5.0E10                   2700                     4714.045207910317        2721.655269759087        2502.294445801098
1                        1                        1                        0.290315                 7.8                      0.12820512820512822      5.314001586959452E-13    5.337459253766338E-13    0.25                     5.0E10                   2700                     4714.045207910317        2721.655269759087        2502.294445801098
1                        1                        1                        0.290315                 7.9                      0.12658227848101267      5.313418742134219E-13    5.336854875331354E-13    0.25                     5.0E10                   2700                     4714.045207910317        2721.655269759087        2502.294445801098
1                        1                        1                        0.290315                 8                        0.125                    5.313021914324252E-13    5.336385912644161E-13    0.25                     5.0E10                   2700                     4714.045207910317        2721.655269759087        2502.294445801098
1                        1                        1                        0.290315                 8.1                      0.1234567901234568       5.312799240524342E-13    5.336045209966148E-13    0.25                     5.0E10                   2700                     4714.045207910317        2721.655269759087        2502.294445801098
1                        1                        1                        0.290315                 8.2                      0.12195121951219513      5.312738846030278E-13    5.335825319478118E-13    0.25                     5.0E10                   2700                     4714.045207910317        2721.655269759087        2502.294445801098
1                        1                        1                        0.290315                 8.3                      0.12048192771084336      5.312828972982958E-13    5.335718633058209E-13    0.25                     5.0E10                   2700                     4714.045207910317        2721.655269759087        2502.294445801098
1                        1                        1                        0.290315                 8.4                      0.11904761904761904      5.313058083458437E-13    5.335717491673648E-13    0.25                     5.0E10                   2700                     4714.045207910317        2721.655269759087        2502.294445801098
1                        1                        1                        0.290315                 8.5                      0.11764705882352941      5.313414942101749E-13    5.335814275888474E-13    0.25                     5.0E10                   2700                     4714.045207910317        2721.655269759087        2502.294445801098
1                        1                        1                        0.290315                 8.6                      0.11627906976744186      5.313888680298871E-13    5.336001479595461E-13    0.25                     5.0E10                   2700                     4714.045207910317        2721.655269759087        2502.294445801098
1                        1                        1                        0.290315                 8.7                      0.11494252873563218      5.314468844841084E-13    5.336271769119621E-13    0.25                     5.0E10                   2700                     4714.045207910317        2721.655269759087        2502.294445801098
1                        1                        1                        0.290315                 8.8                      0.11363636363636362      5.315145432977789E-13    5.336618029643188E-13    0.25                     5.0E10                   2700                     4714.045207910317        2721.655269759087        2502.294445801098
1                        1                        1                        0.290315                 8.9                      0.11235955056179775      5.315908917125539E-13    5.337033401269872E-13    0.25                     5.0E10                   2700                     4714.045207910317        2721.655269759087        2502.294445801098
1                        1                        1                        0.290315                 9                        0.11111111111111112      5.316750259502004E-13    5.337511305570849E-13    0.25                     5.0E10                   2700                     4714.045207910317        2721.655269759087        2502.294445801098
1                        1                        1                        0.290315                 9.1                      0.1098901098901099       5.317660919241711E-13    5.33804546446156E-13     0.25                     5.0E10                   2700                     4714.045207910317        2721.655269759087        2502.294445801098
1                        1                        1                        0.290315                 9.2                      0.10869565217391305      5.318632853159909E-13    5.338629912618194E-13    0.25                     5.0E10                   2700                     4714.045207910317        2721.655269759087        2502.294445801098
1                        1                        1                        0.290315                 9.3                      0.10752688172043011      5.319658511287091E-13    5.339259004400501E-13    0.25                     5.0E10                   2700                     4714.045207910317        2721.655269759087        2502.294445801098
1                        1                        1                        0.290315                 9.4                      0.10638297872340426      5.320730828106789E-13    5.339927416214587E-13    0.25                     5.0E10                   2700                     4714.045207910317        2721.655269759087        2502.294445801098
1                        1                        1                        0.290315                 9.5                      0.10526315789473685      5.321843210922293E-13    5.340630145371004E-13    0.25                     5.0E10                   2700                     4714.045207910317        2721.655269759087        2502.294445801098
1                        1                        1                        0.290315                 9.6                      0.10416666666666667      5.322989524644119E-13    5.341362505519722E-13    0.25                     5.0E10                   2700                     4714.045207910317        2721.655269759087        2502.294445801098
1                        1                        1                        0.290315                 9.700000000000001        0.1030927835051546       5.324164076004898E-13    5.342120120294949E-13    0.25                     5.0E10                   2700                     4714.045207910317        2721.655269759087        2502.294445801098
1                        1                        1                        0.290315                 9.8                      0.10204081632653059      5.325361595260051E-13    5.342898914489216E-13    0.25                     5.0E10                   2700                     4714.045207910317        2721.655269759087        2502.294445801098
1                        1                        1                        0.290315                 9.9                      0.101010101010101        5.326577217375352E-13    5.343695104157631E-13    0.25                     5.0E10                   2700                     4714.045207910317        2721.655269759087        2502.294445801098
1                        1                        1                        0.290315                 10                       0.1                      5.327729835933334E-13    5.343979916083285E-13    0.25                     5.0E10                   2700                     4714.045207910317        2721.655269759087        2502.294445801098
