1                        1                        1                        0.999779                 0.1                      10                       5.331349928405958E-13    5.331374834799643E-13    0.25                     5.0E10                   2700                     4714.045207910317        2721.655269759087        2502.294445801098
1                        1                        1                        0.999779                 0.2                      5                        5.334832263326386E-13    5.331483430035316E-13    0.25                     5.0E10                   2700                     4714.045207910317        2721.655269759087        2502.294445801098
1                        1                        1                        0.999779                 0.30000000000000004      3.3333333333333326       5.366585249454266E-13    5.363078715769635E-13    0.25                     5.0E10                   2700                     4714.045207910317        2721.655269759087        2502.294445801098
1                        1                        1                        0.999779                 0.4                      2.5                      5.32922624195583E-13     5.331861362548473E-13    0.25                     5.0E10                   2700                     4714.045207910317        2721.655269759087        2502.294445801098
1                        1                        1                        0.999779                 0.5                      2                        5.331549345171491E-13    5.331661215592731E-13    0.25                     5.0E10                   2700                     4714.045207910317        2721.655269759087        2502.294445801098
1                        1                        1                        0.999779                 0.6                      1.6666666666666667       5.365549563339586E-13    5.36544880913405E-13     0.25                     5.0E10                   2700                     4714.045207910317        2721.655269759087        2502.294445801098
1                        1                        1                        0.999779                 0.7000000000000001       1.4285714285714284       5.373684566166471E-13    5.373669130589955E-13    0.25                     5.0E10                   2700                     4714.045207910317        2721.655269759087        2502.294445801098
1                        1                        1                        0.999779                 0.8                      1.25                     5.345757892114827E-13    5.33288298210637E-13     0.25                     5.0E10                   2700                     4714.045207910317        2721.655269759087        2502.294445801098
1                        1                        1                        0.999779                 0.9                      1.1111111111111112       5.324190326779138E-13    5.337318798773865E-13    0.25                     5.0E10                   2700                     4714.045207910317        2721.655269759087        2502.294445801098
1                        1                        1                        0.999779                 1                        1                        5.348109626835335E-13    5.331527240248525E-13    0.25                     5.0E10                   2700                     4714.045207910317        2721.655269759087        2502.294445801098
1                        1                        1                        0.999779                 1.1                      0.909090909090909        5.35191358130989E-13     5.359394129114955E-13    0.25                     5.0E10                   2700                     4714.045207910317        2721.655269759087        2502.294445801098
1                        1                        1                        0.999779                 1.2000000000000002       0.8333333333333331       5.355681585866872E-13    5.366015991254613E-13    0.25                     5.0E10                   2700                     4714.045207910317        2721.655269759087        2502.294445801098
1                        1                        1                        0.999779                 1.3000000000000003       0.769230769230769        5.361725727703515E-13    5.346422031870785E-13    0.25                     5.0E10                   2700                     4714.045207910317        2721.655269759087        2502.294445801098
1                        1                        1                        0.999779                 1.4000000000000001       0.7142857142857142       5.377242918505087E-13    5.360974506931639E-13    0.25                     5.0E10                   2700                     4714.045207910317        2721.655269759087        2502.294445801098
1                        1                        1                        0.999779                 1.5000000000000002       0.6666666666666665       5.364778069281474E-13    5.369584003342514E-13    0.25                     5.0E10                   2700                     4714.045207910317        2721.655269759087        2502.294445801098
1                        1                        1                        0.999779                 1.6                      0.625                    5.317863897159457E-13    5.336855212102062E-13    0.25                     5.0E10                   2700                     4714.045207910317        2721.655269759087        2502.294445801098
1                        1                        1                        0.999779                 1.7000000000000002       0.588235294117647        5.347962438154438E-13    5.363141238836052E-13    0.25                     5.0E10                   2700                     4714.045207910317        2721.655269759087        2502.294445801098
1                        1                        1                        0.999779                 1.8000000000000003       0.5555555555555555       5.37917537402814E-13     5.379933894399808E-13    0.25                     5.0E10                   2700                     4714.045207910317        2721.655269759087        2502.294445801098
1                        1                        1                        0.999779                 1.9000000000000001       0.5263157894736842       5.369437900610658E-13    5.355878708144836E-13    0.25                     5.0E10                   2700                     4714.045207910317        2721.655269759087        2502.294445801098
1                        1                        1                        0.999779                 2                        0.5                      5.360033815386247E-13    5.338263083254935E-13    0.25                     5.0E10                   2700                     4714.045207910317        2721.655269759087        2502.294445801098
1                        1                        1                        0.999779                 2.1                      0.47619047619047616      5.371068647898872E-13    5.34931482879859E-13     0.25                     5.0E10                   2700                     4714.045207910317        2721.655269759087        2502.294445801098
1                        1                        1                        0.999779                 2.2                      0.4545454545454545       5.385848286978681E-13    5.371179725081934E-13    0.25                     5.0E10                   2700                     4714.045207910317        2721.655269759087        2502.294445801098
1                        1                        1                        0.999779                 2.3000000000000003       0.43478260869565216      5.384239160770822E-13    5.380442967429542E-13    0.25                     5.0E10                   2700                     4714.045207910317        2721.655269759087        2502.294445801098
1                        1                        1                        0.999779                 2.4000000000000004       0.4166666666666666       5.364693505843303E-13    5.371830791981886E-13    0.25                     5.0E10                   2700                     4714.045207910317        2721.655269759087        2502.294445801098
1                        1                        1                        0.999779                 2.5000000000000004       0.3999999999999999       5.340193831879943E-13    5.355021865493146E-13    0.25                     5.0E10                   2700                     4714.045207910317        2721.655269759087        2502.294445801098
1                        1                        1                        0.999779                 2.6                      0.3846153846153846       5.321908165879312E-13    5.341659305926634E-13    0.25                     5.0E10                   2700                     4714.045207910317        2721.655269759087        2502.294445801098
1                        1                        1                        0.999779                 2.7                      0.37037037037037035      5.316498787527301E-13    5.337867333311658E-13    0.25                     5.0E10                   2700                     4714.045207910317        2721.655269759087        2502.294445801098
1                        1                        1                        0.999779                 2.8000000000000003       0.3571428571428571       5.323097218823374E-13    5.343468422324502E-13    0.25                     5.0E10                   2700                     4714.045207910317        2721.655269759087        2502.294445801098
1                        1                        1                        0.999779                 2.9000000000000004       0.3448275862068965       5.336999911516006E-13    5.354552012787454E-13    0.25                     5.0E10                   2700                     4714.045207910317        2721.655269759087        2502.294445801098
1                        1                        1                        0.999779                 3.0000000000000004       0.33333333333333326      5.352757740235779E-13    5.366359083189486E-13    0.25                     5.0E10                   2700                     4714.045207910317        2721.655269759087        2502.294445801098
1                        1                        1                        0.999779                 3.1                      0.32258064516129037      5.366149394853537E-13    5.375193887016383E-13    0.25                     5.0E10                   2700                     4714.045207910317        2721.655269759087        2502.294445801098
1                        1                        1                        0.999779                 3.2                      0.3125                   5.374930631773051E-13    5.379184260522501E-13    0.25                     5.0E10                   2700                     4714.045207910317        2721.655269759087        2502.294445801098
1                        1                        1                        0.999779                 3.3000000000000003       0.30303030303030304      5.378692543102423E-13    5.378175087443375E-13    0.25                     5.0E10                   2700                     4714.045207910317        2721.655269759087        2502.294445801098
1                        1                        1                        0.999779                 3.4000000000000004       0.2941176470588235       5.379221589825699E-13    5.374283249730817E-13    0.25                     5.0E10                   2700                     4714.045207910317        2721.655269759087        2502.294445801098
1                        1                        1                        0.999779                 3.5000000000000004       0.2857142857142857       5.375952738161742E-13    5.366755693243479E-13    0.25                     5.0E10                   2700                     4714.045207910317        2721.655269759087        2502.294445801098
1                        1                        1                        0.999779                 3.6                      0.2777777777777778       5.371494419292751E-13    5.358439607609326E-13    0.25                     5.0E10                   2700                     4714.045207910317        2721.655269759087        2502.294445801098
1                        1                        1                        0.999779                 3.7                      0.2702702702702703       5.367114466653721E-13    5.35066892959234E-13     0.25                     5.0E10                   2700                     4714.045207910317        2721.655269759087        2502.294445801098
1                        1                        1                        0.999779                 3.8000000000000003       0.2631578947368421       5.36369519418563E-13     5.344374788467006E-13    0.25                     5.0E10                   2700                     4714.045207910317        2721.655269759087        2502.294445801098
1                        1                        1                        0.999779                 3.9000000000000004       0.2564102564102564       5.361720827904185E-13    5.340075238812123E-13    0.25                     5.0E10                   2700                     4714.045207910317        2721.655269759087        2502.294445801098
1                        1                        1                        0.999779                 4                        0.25                     5.361337671714036E-13    5.337934580607991E-13    0.25                     5.0E10                   2700                     4714.045207910317        2721.655269759087        2502.294445801098
1                        1                        1                        0.999779                 4.1                      0.24390243902439027      5.362440442724677E-13    5.337850519667917E-13    0.25                     5.0E10                   2700                     4714.045207910317        2721.655269759087        2502.294445801098
1                        1                        1                        0.999779                 4.2                      0.23809523809523808      5.364761755481116E-13    5.339544140291229E-13    0.25                     5.0E10                   2700                     4714.045207910317        2721.655269759087        2502.294445801098
1                        1                        1                        0.999779                 4.3                      0.23255813953488372      5.367949659637316E-13    5.342638717483009E-13    0.25                     5.0E10                   2700                     4714.045207910317        2721.655269759087        2502.294445801098
1                        1                        1                        0.999779                 4.3999999999999995       0.22727272727272732      5.371628063803149E-13    5.346722000020543E-13    0.25                     5.0E10                   2700                     4714.045207910317        2721.655269759087        2502.294445801098
1                        1                        1                        0.999779                 4.5                      0.22222222222222224      5.375440529210317E-13    5.351391903700045E-13    0.25                     5.0E10                   2700                     4714.045207910317        2721.655269759087        2502.294445801098
1                        1                        1                        0.999779                 4.6                      0.2173913043478261       5.379073622147173E-13    5.35628387609526E-13     0.25                     5.0E10                   2700                     4714.045207910317        2721.655269759087        2502.294445801098
1                        1                        1                        0.999779                 4.7                      0.2127659574468085       5.382276872723236E-13    5.36109104646479E-13     0.25                     5.0E10                   2700                     4714.045207910317        2721.655269759087        2502.294445801098
1                        1                        1                        0.999779                 4.8                      0.20833333333333334      5.384864163581336E-13    5.365569507927455E-13    0.25                     5.0E10                   2700                     4714.045207910317        2721.655269759087        2502.294445801098
1                        1                        1                        0.999779                 4.9                      0.20408163265306117      5.386712760043784E-13    5.369539036795058E-13    0.25                     5.0E10                   2700                     4714.045207910317        2721.655269759087        2502.294445801098
1                        1                        1                        0.999779                 5                        0.2                      5.388750422716003E-13    5.373823983621774E-13    0.25                     5.0E10                   2700                     4714.045207910317        2721.655269759087        2502.294445801098
1                        1                        1                        0.999779                 5.1                      0.19607843137254904      5.388886388080134E-13    5.376380028440507E-13    0.25                     5.0E10                   2700                     4714.045207910317        2721.655269759087        2502.294445801098
1                        1                        1                        0.999779                 5.2                      0.1923076923076923       5.388232191348873E-13    5.378220214901204E-13    0.25                     5.0E10                   2700                     4714.045207910317        2721.655269759087        2502.294445801098
1                        1                        1                        0.999779                 5.3                      0.18867924528301888      5.386839537509894E-13    5.379353832957313E-13    0.25                     5.0E10                   2700                     4714.045207910317        2721.655269759087        2502.294445801098
1                        1                        1                        0.999779                 5.4                      0.18518518518518517      5.384781238793962E-13    5.379816450053298E-13    0.25                     5.0E10                   2700                     4714.045207910317        2721.655269759087        2502.294445801098
1                        1                        1                        0.999779                 5.5                      0.18181818181818182      5.382143616422361E-13    5.379662403345993E-13    0.25                     5.0E10                   2700                     4714.045207910317        2721.655269759087        2502.294445801098
1                        1                        1                        0.999779                 5.6                      0.17857142857142858      5.379020125834408E-13    5.378958315855097E-13    0.25                     5.0E10                   2700                     4714.045207910317        2721.655269759087        2502.294445801098
1                        1                        1                        0.999779                 5.7                      0.17543859649122806      5.375507928007161E-13    5.377779542489745E-13    0.25                     5.0E10                   2700                     4714.045207910317        2721.655269759087        2502.294445801098
1                        1                        1                        0.999779                 5.8                      0.1724137931034483       5.371697215083334E-13    5.376198635565532E-13    0.25                     5.0E10                   2700                     4714.045207910317        2721.655269759087        2502.294445801098
1                        1                        1                        0.999779                 5.9                      0.1694915254237288       5.367678338290802E-13    5.374292754087234E-13    0.25                     5.0E10                   2700                     4714.045207910317        2721.655269759087        2502.294445801098
1                        1                        1                        0.999779                 6                        0.16666666666666666      5.363533191695726E-13    5.372134159589596E-13    0.25                     5.0E10                   2700                     4714.045207910317        2721.655269759087        2502.294445801098
1                        1                        1                        0.999779                 6.1                      0.16393442622950818      5.359335627017682E-13    5.369790269668684E-13    0.25                     5.0E10                   2700                     4714.045207910317        2721.655269759087        2502.294445801098
1                        1                        1                        0.999779                 6.2                      0.16129032258064518      5.355150819341047E-13    5.36732257473987E-13     0.25                     5.0E10                   2700                     4714.045207910317        2721.655269759087        2502.294445801098
1                        1                        1                        0.999779                 6.3                      0.15873015873015872      5.351035093480988E-13    5.364786040420102E-13    0.25                     5.0E10                   2700                     4714.045207910317        2721.655269759087        2502.294445801098
1                        1                        1                        0.999779                 6.4                      0.15625                  5.347036093774713E-13    5.362228885464779E-13    0.25                     5.0E10                   2700                     4714.045207910317        2721.655269759087        2502.294445801098
1                        1                        1                        0.999779                 6.5                      0.15384615384615383      5.343193196501715E-13    5.359692639650257E-13    0.25                     5.0E10                   2700                     4714.045207910317        2721.655269759087        2502.294445801098
1                        1                        1                        0.999779                 6.6                      0.15151515151515152      5.339538084187773E-13    5.357212402394376E-13    0.25                     5.0E10                   2700                     4714.045207910317        2721.655269759087        2502.294445801098
1                        1                        1                        0.999779                 6.7                      0.1492537313432836       5.336095417266032E-13    5.354817237474489E-13    0.25                     5.0E10                   2700                     4714.045207910317        2721.655269759087        2502.294445801098
1                        1                        1                        0.999779                 6.8                      0.14705882352941177      5.33288355372471E-13     5.35253065283953E-13     0.25                     5.0E10                   2700                     4714.045207910317        2721.655269759087        2502.294445801098
1                        1                        1                        0.999779                 6.9                      0.14492753623188404      5.329915279583712E-13    5.350371126063946E-13    0.25                     5.0E10                   2700                     4714.045207910317        2721.655269759087        2502.294445801098
1                        1                        1                        0.999779                 7                        0.14285714285714285      5.327198523781343E-13    5.348352645810043E-13    0.25                     5.0E10                   2700                     4714.045207910317        2721.655269759087        2502.294445801098
1                        1                        1                        0.999779                 7.1                      0.14084507042253522      5.324737038708523E-13    5.346485247719063E-13    0.25                     5.0E10                   2700                     4714.045207910317        2721.655269759087        2502.294445801098
1                        1                        1                        0.999779                 7.2                      0.1388888888888889       5.322531035138876E-13    5.344775529697134E-13    0.25                     5.0E10                   2700                     4714.045207910317        2721.655269759087        2502.294445801098
1                        1                        1                        0.999779                 7.3                      0.13698630136986303      5.320577763758731E-13    5.343227136321848E-13    0.25                     5.0E10                   2700                     4714.045207910317        2721.655269759087        2502.294445801098
1                        1                        1                        0.999779                 7.4                      0.13513513513513514      5.318872041349661E-13    5.341841206690745E-13    0.25                     5.0E10                   2700                     4714.045207910317        2721.655269759087        2502.294445801098
1                        1                        1                        0.999779                 7.5                      0.13333333333333333      5.317411433108012E-13    5.340621500188177E-13    0.25                     5.0E10                   2700                     4714.045207910317        2721.655269759087        2502.294445801098
1                        1                        1                        0.999779                 7.6                      0.13157894736842105      5.316178096847931E-13    5.339556150878028E-13    0.25                     5.0E10                   2700                     4714.045207910317        2721.655269759087        2502.294445801098
1                        1                        1                        0.999779                 7.7                      0.12987012987012989      5.315166581888453E-13    5.338645528009455E-13    0.25                     5.0E10                   2700                     4714.045207910317        2721.655269759087        2502.294445801098
1                        1                        1                        0.999779                 7.8                      0.12820512820512822      5.314366126136523E-13    5.337884419212227E-13    0.25                     5.0E10                   2700                     4714.045207910317        2721.655269759087        2502.294445801098
1                        1                        1                        0.999779                 7.9                      0.12658227848101267      5.313765361670558E-13    5.337266746047045E-13    0.25                     5.0E10                   2700                     4714.045207910317        2721.655269759087        2502.294445801098
1                        1                        1                        0.999779                 8                        0.125                    5.313352543018249E-13    5.336785781407765E-13    0.25                     5.0E10                   2700                     4714.045207910317        2721.655269759087        2502.294445801098
1                        1                        1                        0.999779                 8.1                      0.1234567901234568       5.313115739601537E-13    5.336434336238681E-13    0.25                     5.0E10                   2700                     4714.045207910317        2721.655269759087        2502.294445801098
1                        1                        1                        0.999779                 8.2                      0.12195121951219513      5.313042994981977E-13    5.336204918022353E-13    0.25                     5.0E10                   2700                     4714.045207910317        2721.655269759087        2502.294445801098
1                        1                        1                        0.999779                 8.3                      0.12048192771084336      5.313122458855357E-13    5.336089864941095E-13    0.25                     5.0E10                   2700                     4714.045207910317        2721.655269759087        2502.294445801098
1                        1                        1                        0.999779                 8.4                      0.11904761904761904      5.313342493388884E-13    5.336081457547255E-13    0.25                     5.0E10                   2700                     4714.045207910317        2721.655269759087        2502.294445801098
1                        1                        1                        0.999779                 8.5                      0.11764705882352941      5.313691758392768E-13    5.336172011185493E-13    0.25                     5.0E10                   2700                     4714.045207910317        2721.655269759087        2502.294445801098
1                        1                        1                        0.999779                 8.6                      0.11627906976744186      5.314159277745256E-13    5.336353951373046E-13    0.25                     5.0E10                   2700                     4714.045207910317        2721.655269759087        2502.294445801098
1                        1                        1                        0.999779                 8.7                      0.11494252873563218      5.314734490003553E-13    5.336619874374197E-13    0.25                     5.0E10                   2700                     4714.045207910317        2721.655269759087        2502.294445801098
1                        1                        1                        0.999779                 8.8                      0.11363636363636362      5.315407285223399E-13    5.336962594976098E-13    0.25                     5.0E10                   2700                     4714.045207910317        2721.655269759087        2502.294445801098
1                        1                        1                        0.999779                 8.9                      0.11235955056179775      5.316168030627735E-13    5.337375183372457E-13    0.25                     5.0E10                   2700                     4714.045207910317        2721.655269759087        2502.294445801098
1                        1                        1                        0.999779                 9                        0.11111111111111112      5.317007586627311E-13    5.337850992781725E-13    0.25                     5.0E10                   2700                     4714.045207910317        2721.655269759087        2502.294445801098
1                        1                        1                        0.999779                 9.1                      0.1098901098901099       5.317917314441236E-13    5.338383678784735E-13    0.25                     5.0E10                   2700                     4714.045207910317        2721.655269759087        2502.294445801098
1                        1                        1                        0.999779                 9.2                      0.10869565217391305      5.318889077588429E-13    5.338967212391231E-13    0.25                     5.0E10                   2700                     4714.045207910317        2721.655269759087        2502.294445801098
1                        1                        1                        0.999779                 9.3                      0.10752688172043011      5.319915237952268E-13    5.339595887357356E-13    0.25                     5.0E10                   2700                     4714.045207910317        2721.655269759087        2502.294445801098
1                        1                        1                        0.999779                 9.4                      0.10638297872340426      5.320988647082298E-13    5.340264322752584E-13    0.25                     5.0E10                   2700                     4714.045207910317        2721.655269759087        2502.294445801098
1                        1                        1                        0.999779                 9.5                      0.10526315789473685      5.322102634820252E-13    5.340967462042116E-13    0.25                     5.0E10                   2700                     4714.045207910317        2721.655269759087        2502.294445801098
1                        1                        1                        0.999779                 9.6                      0.10416666666666667      5.32325099426497E-13     5.341700568684244E-13    0.25                     5.0E10                   2700                     4714.045207910317        2721.655269759087        2502.294445801098
1                        1                        1                        0.999779                 9.700000000000001        0.1030927835051546       5.324427965642858E-13    5.342459219656864E-13    0.25                     5.0E10                   2700                     4714.045207910317        2721.655269759087        2502.294445801098
1                        1                        1                        0.999779                 9.8                      0.10204081632653059      5.325628218343044E-13    5.343239296853612E-13    0.25                     5.0E10                   2700                     4714.045207910317        2721.655269759087        2502.294445801098
1                        1                        1                        0.999779                 9.9                      0.101010101010101        5.326846831600799E-13    5.344036976902922E-13    0.25                     5.0E10                   2700                     4714.045207910317        2721.655269759087        2502.294445801098
1                        1                        1                        0.999779                 10                       0.1                      5.328765454677443E-13    5.345287769569804E-13    0.25                     5.0E10                   2700                     4714.045207910317        2721.655269759087        2502.294445801098
