1                        1                        1                        0.506043                 0.1                      10                       5.331423657107301E-13    5.331448880179533E-13    0.25                     5.0E10                   2700                     4714.045207910317        2721.655269759087        2502.294445801098
1                        1                        1                        0.506043                 0.2                      5                        5.335091935265919E-13    5.331739567785823E-13    0.25                     5.0E10                   2700                     4714.045207910317        2721.655269759087        2502.294445801098
1                        1                        1                        0.506043                 0.30000000000000004      3.3333333333333326       5.366468637549824E-13    5.362958121625764E-13    0.25                     5.0E10                   2700                     4714.045207910317        2721.655269759087        2502.294445801098
1                        1                        1                        0.506043                 0.4                      2.5                      5.329481230097461E-13    5.332119902269311E-13    0.25                     5.0E10                   2700                     4714.045207910317        2721.655269759087        2502.294445801098
1                        1                        1                        0.506043                 0.5                      2                        5.33224880274725E-13     5.332371478870681E-13    0.25                     5.0E10                   2700                     4714.045207910317        2721.655269759087        2502.294445801098
1                        1                        1                        0.506043                 0.6                      1.6666666666666667       5.365968547402424E-13    5.365862748319433E-13    0.25                     5.0E10                   2700                     4714.045207910317        2721.655269759087        2502.294445801098
1                        1                        1                        0.506043                 0.7000000000000001       1.4285714285714284       5.374117118778213E-13    5.374093625298627E-13    0.25                     5.0E10                   2700                     4714.045207910317        2721.655269759087        2502.294445801098
1                        1                        1                        0.506043                 0.8                      1.25                     5.346303071063666E-13    5.3333433293792E-13      0.25                     5.0E10                   2700                     4714.045207910317        2721.655269759087        2502.294445801098
1                        1                        1                        0.506043                 0.9                      1.1111111111111112       5.324108130377466E-13    5.337208531553261E-13    0.25                     5.0E10                   2700                     4714.045207910317        2721.655269759087        2502.294445801098
1                        1                        1                        0.506043                 1                        1                        5.349396116082956E-13    5.332721987685875E-13    0.25                     5.0E10                   2700                     4714.045207910317        2721.655269759087        2502.294445801098
1                        1                        1                        0.506043                 1.1                      0.909090909090909        5.353607748596644E-13    5.360832559338141E-13    0.25                     5.0E10                   2700                     4714.045207910317        2721.655269759087        2502.294445801098
1                        1                        1                        0.506043                 1.2000000000000002       0.8333333333333331       5.355376636486789E-13    5.365777670564395E-13    0.25                     5.0E10                   2700                     4714.045207910317        2721.655269759087        2502.294445801098
1                        1                        1                        0.506043                 1.3000000000000003       0.769230769230769        5.362939932450043E-13    5.346870983989063E-13    0.25                     5.0E10                   2700                     4714.045207910317        2721.655269759087        2502.294445801098
1                        1                        1                        0.506043                 1.4000000000000001       0.7142857142857142       5.377921772013863E-13    5.360190208682487E-13    0.25                     5.0E10                   2700                     4714.045207910317        2721.655269759087        2502.294445801098
1                        1                        1                        0.506043                 1.5000000000000002       0.6666666666666665       5.365852797885364E-13    5.370149397901965E-13    0.25                     5.0E10                   2700                     4714.045207910317        2721.655269759087        2502.294445801098
1                        1                        1                        0.506043                 1.6                      0.625                    5.317554910310958E-13    5.336734358118394E-13    0.25                     5.0E10                   2700                     4714.045207910317        2721.655269759087        2502.294445801098
1                        1                        1                        0.506043                 1.7000000000000002       0.588235294117647        5.348166562193436E-13    5.363368345288863E-13    0.25                     5.0E10                   2700                     4714.045207910317        2721.655269759087        2502.294445801098
1                        1                        1                        0.506043                 1.8000000000000003       0.5555555555555555       5.379255189209018E-13    5.380057630852573E-13    0.25                     5.0E10                   2700                     4714.045207910317        2721.655269759087        2502.294445801098
1                        1                        1                        0.506043                 1.9000000000000001       0.5263157894736842       5.36957884241136E-13     5.356027120854523E-13    0.25                     5.0E10                   2700                     4714.045207910317        2721.655269759087        2502.294445801098
1                        1                        1                        0.506043                 2                        0.5                      5.359757167389135E-13    5.33788516949576E-13     0.25                     5.0E10                   2700                     4714.045207910317        2721.655269759087        2502.294445801098
1                        1                        1                        0.506043                 2.1                      0.47619047619047616      5.370837439989008E-13    5.348971748484382E-13    0.25                     5.0E10                   2700                     4714.045207910317        2721.655269759087        2502.294445801098
1                        1                        1                        0.506043                 2.2                      0.4545454545454545       5.385657954681344E-13    5.370915131624388E-13    0.25                     5.0E10                   2700                     4714.045207910317        2721.655269759087        2502.294445801098
1                        1                        1                        0.506043                 2.3000000000000003       0.43478260869565216      5.384055692823952E-13    5.380235335042108E-13    0.25                     5.0E10                   2700                     4714.045207910317        2721.655269759087        2502.294445801098
1                        1                        1                        0.506043                 2.4000000000000004       0.4166666666666666       5.364495775909906E-13    5.37164708693571E-13     0.25                     5.0E10                   2700                     4714.045207910317        2721.655269759087        2502.294445801098
1                        1                        1                        0.506043                 2.5000000000000004       0.3999999999999999       5.339200943953082E-13    5.354764054898402E-13    0.25                     5.0E10                   2700                     4714.045207910317        2721.655269759087        2502.294445801098
1                        1                        1                        0.506043                 2.6                      0.3846153846153846       5.321928732950184E-13    5.342277272150289E-13    0.25                     5.0E10                   2700                     4714.045207910317        2721.655269759087        2502.294445801098
1                        1                        1                        0.506043                 2.7                      0.37037037037037035      5.316614356115922E-13    5.338509668569845E-13    0.25                     5.0E10                   2700                     4714.045207910317        2721.655269759087        2502.294445801098
1                        1                        1                        0.506043                 2.8000000000000003       0.3571428571428571       5.323358308028035E-13    5.344174124260002E-13    0.25                     5.0E10                   2700                     4714.045207910317        2721.655269759087        2502.294445801098
1                        1                        1                        0.506043                 2.9000000000000004       0.3448275862068965       5.337386917529991E-13    5.355303907316991E-13    0.25                     5.0E10                   2700                     4714.045207910317        2721.655269759087        2502.294445801098
1                        1                        1                        0.506043                 3.0000000000000004       0.33333333333333326      5.353214511519957E-13    5.367110798246923E-13    0.25                     5.0E10                   2700                     4714.045207910317        2721.655269759087        2502.294445801098
1                        1                        1                        0.506043                 3.1                      0.32258064516129037      5.366617249018343E-13    5.375900104698497E-13    0.25                     5.0E10                   2700                     4714.045207910317        2721.655269759087        2502.294445801098
1                        1                        1                        0.506043                 3.2                      0.3125                   5.375366264842459E-13    5.379815863099667E-13    0.25                     5.0E10                   2700                     4714.045207910317        2721.655269759087        2502.294445801098
1                        1                        1                        0.506043                 3.3000000000000003       0.30303030303030304      5.37907439988742E-13     5.378724047627134E-13    0.25                     5.0E10                   2700                     4714.045207910317        2721.655269759087        2502.294445801098
1                        1                        1                        0.506043                 3.4000000000000004       0.2941176470588235       5.378728324984101E-13    5.373805466332362E-13    0.25                     5.0E10                   2700                     4714.045207910317        2721.655269759087        2502.294445801098
1                        1                        1                        0.506043                 3.5000000000000004       0.2857142857142857       5.375497754575398E-13    5.366283712840062E-13    0.25                     5.0E10                   2700                     4714.045207910317        2721.655269759087        2502.294445801098
1                        1                        1                        0.506043                 3.6                      0.2777777777777778       5.371063646953675E-13    5.357967942588546E-13    0.25                     5.0E10                   2700                     4714.045207910317        2721.655269759087        2502.294445801098
1                        1                        1                        0.506043                 3.7                      0.2702702702702703       5.366702360701173E-13    5.350200291306491E-13    0.25                     5.0E10                   2700                     4714.045207910317        2721.655269759087        2502.294445801098
1                        1                        1                        0.506043                 3.8000000000000003       0.2631578947368421       5.363302587359481E-13    5.343917310317394E-13    0.25                     5.0E10                   2700                     4714.045207910317        2721.655269759087        2502.294445801098
1                        1                        1                        0.506043                 3.9000000000000004       0.2564102564102564       5.36135093581197E-13     5.339637897256237E-13    0.25                     5.0E10                   2700                     4714.045207910317        2721.655269759087        2502.294445801098
1                        1                        1                        0.506043                 4                        0.25                     5.36099311492355E-13     5.33752469368554E-13     0.25                     5.0E10                   2700                     4714.045207910317        2721.655269759087        2502.294445801098
1                        1                        1                        0.506043                 4.1                      0.24390243902439027      5.36212236693405E-13     5.337472759060518E-13    0.25                     5.0E10                   2700                     4714.045207910317        2721.655269759087        2502.294445801098
1                        1                        1                        0.506043                 4.2                      0.23809523809523808      5.364469586702776E-13    5.339200376917314E-13    0.25                     5.0E10                   2700                     4714.045207910317        2721.655269759087        2502.294445801098
1                        1                        1                        0.506043                 4.3                      0.23255813953488372      5.367681358481999E-13    5.342328401234091E-13    0.25                     5.0E10                   2700                     4714.045207910317        2721.655269759087        2502.294445801098
1                        1                        1                        0.506043                 4.3999999999999995       0.22727272727272732      5.37138259709994E-13     5.346444294826895E-13    0.25                     5.0E10                   2700                     4714.045207910317        2721.655269759087        2502.294445801098
1                        1                        1                        0.506043                 4.5                      0.22222222222222224      5.375211634924949E-13    5.351141450232949E-13    0.25                     5.0E10                   2700                     4714.045207910317        2721.655269759087        2502.294445801098
1                        1                        1                        0.506043                 4.6                      0.2173913043478261       5.378858610003439E-13    5.356057113515294E-13    0.25                     5.0E10                   2700                     4714.045207910317        2721.655269759087        2502.294445801098
1                        1                        1                        0.506043                 4.7                      0.2127659574468085       5.382072505998823E-13    5.36088389156693E-13     0.25                     5.0E10                   2700                     4714.045207910317        2721.655269759087        2502.294445801098
1                        1                        1                        0.506043                 4.8                      0.20833333333333334      5.384667702163896E-13    5.365378139430507E-13    0.25                     5.0E10                   2700                     4714.045207910317        2721.655269759087        2502.294445801098
1                        1                        1                        0.506043                 4.9                      0.20408163265306117      5.386522050974726E-13    5.369360094143282E-13    0.25                     5.0E10                   2700                     4714.045207910317        2721.655269759087        2502.294445801098
1                        1                        1                        0.506043                 5                        0.2                      5.387635580124342E-13    5.372633131560372E-13    0.25                     5.0E10                   2700                     4714.045207910317        2721.655269759087        2502.294445801098
1                        1                        1                        0.506043                 5.1                      0.19607843137254904      5.388780872407381E-13    5.376282522265095E-13    0.25                     5.0E10                   2700                     4714.045207910317        2721.655269759087        2502.294445801098
1                        1                        1                        0.506043                 5.2                      0.1923076923076923       5.388121348565519E-13    5.378123086559691E-13    0.25                     5.0E10                   2700                     4714.045207910317        2721.655269759087        2502.294445801098
1                        1                        1                        0.506043                 5.3                      0.18867924528301888      5.386723156461708E-13    5.379256062726121E-13    0.25                     5.0E10                   2700                     4714.045207910317        2721.655269759087        2502.294445801098
1                        1                        1                        0.506043                 5.4                      0.18518518518518517      5.384659317398629E-13    5.379717284158772E-13    0.25                     5.0E10                   2700                     4714.045207910317        2721.655269759087        2502.294445801098
1                        1                        1                        0.506043                 5.5                      0.18181818181818182      5.382016309623088E-13    5.379561311014644E-13    0.25                     5.0E10                   2700                     4714.045207910317        2721.655269759087        2502.294445801098
1                        1                        1                        0.506043                 5.6                      0.17857142857142858      5.378887698044765E-13    5.378854945442627E-13    0.25                     5.0E10                   2700                     4714.045207910317        2721.655269759087        2502.294445801098
1                        1                        1                        0.506043                 5.7                      0.17543859649122806      5.375369015524976E-13    5.3776718517716E-13      0.25                     5.0E10                   2700                     4714.045207910317        2721.655269759087        2502.294445801098
1                        1                        1                        0.506043                 5.8                      0.1724137931034483       5.371553825175134E-13    5.376088256705138E-13    0.25                     5.0E10                   2700                     4714.045207910317        2721.655269759087        2502.294445801098
1                        1                        1                        0.506043                 5.9                      0.1694915254237288       5.367536049114441E-13    5.37418470941131E-13     0.25                     5.0E10                   2700                     4714.045207910317        2721.655269759087        2502.294445801098
1                        1                        1                        0.506043                 6                        0.16666666666666666      5.363387539096702E-13    5.37202374680436E-13     0.25                     5.0E10                   2700                     4714.045207910317        2721.655269759087        2502.294445801098
1                        1                        1                        0.506043                 6.1                      0.16393442622950818      5.359186976321458E-13    5.369677546217645E-13    0.25                     5.0E10                   2700                     4714.045207910317        2721.655269759087        2502.294445801098
1                        1                        1                        0.506043                 6.2                      0.16129032258064518      5.354999509862685E-13    5.367207617278902E-13    0.25                     5.0E10                   2700                     4714.045207910317        2721.655269759087        2502.294445801098
1                        1                        1                        0.506043                 6.3                      0.15873015873015872      5.350881435303406E-13    5.364668935745781E-13    0.25                     5.0E10                   2700                     4714.045207910317        2721.655269759087        2502.294445801098
1                        1                        1                        0.506043                 6.4                      0.15625                  5.346880367030896E-13    5.362109724296906E-13    0.25                     5.0E10                   2700                     4714.045207910317        2721.655269759087        2502.294445801098
1                        1                        1                        0.506043                 6.5                      0.15384615384615383      5.343035652205435E-13    5.359571512642302E-13    0.25                     5.0E10                   2700                     4714.045207910317        2721.655269759087        2502.294445801098
1                        1                        1                        0.506043                 6.6                      0.15151515151515152      5.339378945979738E-13    5.357089397589635E-13    0.25                     5.0E10                   2700                     4714.045207910317        2721.655269759087        2502.294445801098
1                        1                        1                        0.506043                 6.7                      0.1492537313432836       5.335934883813813E-13    5.354692438933627E-13    0.25                     5.0E10                   2700                     4714.045207910317        2721.655269759087        2502.294445801098
1                        1                        1                        0.506043                 6.8                      0.14705882352941177      5.332721801177238E-13    5.352404139910316E-13    0.25                     5.0E10                   2700                     4714.045207910317        2721.655269759087        2502.294445801098
1                        1                        1                        0.506043                 6.9                      0.14492753623188404      5.32975246397955E-13     5.350242973136812E-13    0.25                     5.0E10                   2700                     4714.045207910317        2721.655269759087        2502.294445801098
1                        1                        1                        0.506043                 7                        0.14285714285714285      5.327034783270562E-13    5.348222922233906E-13    0.25                     5.0E10                   2700                     4714.045207910317        2721.655269759087        2502.294445801098
1                        1                        1                        0.506043                 7.1                      0.14084507042253522      5.324572495492111E-13    5.346354017889975E-13    0.25                     5.0E10                   2700                     4714.045207910317        2721.655269759087        2502.294445801098
1                        1                        1                        0.506043                 7.2                      0.1388888888888889       5.322365797204374E-13    5.344642853232834E-13    0.25                     5.0E10                   2700                     4714.045207910317        2721.655269759087        2502.294445801098
1                        1                        1                        0.506043                 7.3                      0.13698630136986303      5.32041192634425E-13     5.343093068192003E-13    0.25                     5.0E10                   2700                     4714.045207910317        2721.655269759087        2502.294445801098
1                        1                        1                        0.506043                 7.4                      0.13513513513513514      5.318705688117129E-13    5.341705797344778E-13    0.25                     5.0E10                   2700                     4714.045207910317        2721.655269759087        2502.294445801098
1                        1                        1                        0.506043                 7.5                      0.13333333333333333      5.317239923840169E-13    5.340480077458469E-13    0.25                     5.0E10                   2700                     4714.045207910317        2721.655269759087        2502.294445801098
1                        1                        1                        0.506043                 7.6                      0.13157894736842105      5.316005925396402E-13    5.339413214362465E-13    0.25                     5.0E10                   2700                     4714.045207910317        2721.655269759087        2502.294445801098
1                        1                        1                        0.506043                 7.7                      0.12987012987012989      5.314993797224603E-13    5.338501109235723E-13    0.25                     5.0E10                   2700                     4714.045207910317        2721.655269759087        2502.294445801098
1                        1                        1                        0.506043                 7.8                      0.12820512820512822      5.314192769640834E-13    5.337738546174778E-13    0.25                     5.0E10                   2700                     4714.045207910317        2721.655269759087        2502.294445801098
1                        1                        1                        0.506043                 7.9                      0.12658227848101267      5.313591467670335E-13    5.337119443251282E-13    0.25                     5.0E10                   2700                     4714.045207910317        2721.655269759087        2502.294445801098
1                        1                        1                        0.506043                 8                        0.125                    5.313178139186893E-13    5.336637069937776E-13    0.25                     5.0E10                   2700                     4714.045207910317        2721.655269759087        2502.294445801098
1                        1                        1                        0.506043                 8.1                      0.1234567901234568       5.312940847400431E-13    5.336284233838712E-13    0.25                     5.0E10                   2700                     4714.045207910317        2721.655269759087        2502.294445801098
1                        1                        1                        0.506043                 8.2                      0.12195121951219513      5.312867630085346E-13    5.336053439219035E-13    0.25                     5.0E10                   2700                     4714.045207910317        2721.655269759087        2502.294445801098
1                        1                        1                        0.506043                 8.3                      0.12048192771084336      5.31294663162466E-13     5.335937021199546E-13    0.25                     5.0E10                   2700                     4714.045207910317        2721.655269759087        2502.294445801098
1                        1                        1                        0.506043                 8.4                      0.11904761904761904      5.313166209218005E-13    5.335927257424275E-13    0.25                     5.0E10                   2700                     4714.045207910317        2721.655269759087        2502.294445801098
1                        1                        1                        0.506043                 8.5                      0.11764705882352941      5.31351501805409E-13     5.336016460443908E-13    0.25                     5.0E10                   2700                     4714.045207910317        2721.655269759087        2502.294445801098
1                        1                        1                        0.506043                 8.6                      0.11627906976744186      5.313982077975292E-13    5.336197053275358E-13    0.25                     5.0E10                   2700                     4714.045207910317        2721.655269759087        2502.294445801098
1                        1                        1                        0.506043                 8.7                      0.11494252873563218      5.314556823827929E-13    5.33646162986503E-13     0.25                     5.0E10                   2700                     4714.045207910317        2721.655269759087        2502.294445801098
1                        1                        1                        0.506043                 8.8                      0.11363636363636362      5.31524657987275E-13     5.336819903144391E-13    0.25                     5.0E10                   2700                     4714.045207910317        2721.655269759087        2502.294445801098
1                        1                        1                        0.506043                 8.9                      0.11235955056179775      5.316007248924178E-13    5.337231573043287E-13    0.25                     5.0E10                   2700                     4714.045207910317        2721.655269759087        2502.294445801098
1                        1                        1                        0.506043                 9                        0.11111111111111112      5.316846711013342E-13    5.337706458948424E-13    0.25                     5.0E10                   2700                     4714.045207910317        2721.655269759087        2502.294445801098
1                        1                        1                        0.506043                 9.1                      0.1098901098901099       5.317756325662185E-13    5.338238215302193E-13    0.25                     5.0E10                   2700                     4714.045207910317        2721.655269759087        2502.294445801098
1                        1                        1                        0.506043                 9.2                      0.10869565217391305      5.318727954989013E-13    5.338820812143588E-13    0.25                     5.0E10                   2700                     4714.045207910317        2721.655269759087        2502.294445801098
1                        1                        1                        0.506043                 9.3                      0.10752688172043011      5.319753959745704E-13    5.339448542451577E-13    0.25                     5.0E10                   2700                     4714.045207910317        2721.655269759087        2502.294445801098
1                        1                        1                        0.506043                 9.4                      0.10638297872340426      5.320827190859759E-13    5.340116024806477E-13    0.25                     5.0E10                   2700                     4714.045207910317        2721.655269759087        2502.294445801098
1                        1                        1                        0.506043                 9.5                      0.10526315789473685      5.321940977513493E-13    5.340818202219527E-13    0.25                     5.0E10                   2700                     4714.045207910317        2721.655269759087        2502.294445801098
1                        1                        1                        0.506043                 9.6                      0.10416666666666667      5.323089112710419E-13    5.341550338018522E-13    0.25                     5.0E10                   2700                     4714.045207910317        2721.655269759087        2502.294445801098
1                        1                        1                        0.506043                 9.700000000000001        0.1030927835051546       5.324265836642124E-13    5.342308009100287E-13    0.25                     5.0E10                   2700                     4714.045207910317        2721.655269759087        2502.294445801098
1                        1                        1                        0.506043                 9.8                      0.10204081632653059      5.325465818997797E-13    5.343087097510532E-13    0.25                     5.0E10                   2700                     4714.045207910317        2721.655269759087        2502.294445801098
1                        1                        1                        0.506043                 9.9                      0.101010101010101        5.326684139299988E-13    5.343883780024212E-13    0.25                     5.0E10                   2700                     4714.045207910317        2721.655269759087        2502.294445801098
1                        1                        1                        0.506043                 10                       0.1                      5.327431212683048E-13    5.343958759819349E-13    0.25                     5.0E10                   2700                     4714.045207910317        2721.655269759087        2502.294445801098
