1                        1                        1                        0.113472                 0.1                      10                       5.331846430549532E-13    5.331873120356551E-13    0.25                     5.0E10                   2700                     4714.045207910317        2721.655269759087        2502.294445801098
1                        1                        1                        0.113472                 0.2                      5                        5.335328009274401E-13    5.331977691999569E-13    0.25                     5.0E10                   2700                     4714.045207910317        2721.655269759087        2502.294445801098
1                        1                        1                        0.113472                 0.30000000000000004      3.3333333333333326       5.366815175746572E-13    5.363305404150851E-13    0.25                     5.0E10                   2700                     4714.045207910317        2721.655269759087        2502.294445801098
1                        1                        1                        0.113472                 0.4                      2.5                      5.329736656386683E-13    5.332354809696959E-13    0.25                     5.0E10                   2700                     4714.045207910317        2721.655269759087        2502.294445801098
1                        1                        1                        0.113472                 0.5                      2                        5.33314460402041E-13     5.333222984297813E-13    0.25                     5.0E10                   2700                     4714.045207910317        2721.655269759087        2502.294445801098
1                        1                        1                        0.113472                 0.6                      1.6666666666666667       5.365890914368321E-13    5.365700997649526E-13    0.25                     5.0E10                   2700                     4714.045207910317        2721.655269759087        2502.294445801098
1                        1                        1                        0.113472                 0.7000000000000001       1.4285714285714284       5.374660249076666E-13    5.374576510512475E-13    0.25                     5.0E10                   2700                     4714.045207910317        2721.655269759087        2502.294445801098
1                        1                        1                        0.113472                 0.8                      1.25                     5.347017094574231E-13    5.333967131538817E-13    0.25                     5.0E10                   2700                     4714.045207910317        2721.655269759087        2502.294445801098
1                        1                        1                        0.113472                 0.9                      1.1111111111111112       5.325302385611729E-13    5.338271168237717E-13    0.25                     5.0E10                   2700                     4714.045207910317        2721.655269759087        2502.294445801098
1                        1                        1                        0.113472                 1                        1                        5.349470466963736E-13    5.332876536514257E-13    0.25                     5.0E10                   2700                     4714.045207910317        2721.655269759087        2502.294445801098
1                        1                        1                        0.113472                 1.1                      0.909090909090909        5.352404069458346E-13    5.360225639566893E-13    0.25                     5.0E10                   2700                     4714.045207910317        2721.655269759087        2502.294445801098
1                        1                        1                        0.113472                 1.2000000000000002       0.8333333333333331       5.357915044234249E-13    5.367521118439994E-13    0.25                     5.0E10                   2700                     4714.045207910317        2721.655269759087        2502.294445801098
1                        1                        1                        0.113472                 1.3000000000000003       0.769230769230769        5.362314412211051E-13    5.346714461740756E-13    0.25                     5.0E10                   2700                     4714.045207910317        2721.655269759087        2502.294445801098
1                        1                        1                        0.113472                 1.4000000000000001       0.7142857142857142       5.377422591784423E-13    5.36162070634444E-13     0.25                     5.0E10                   2700                     4714.045207910317        2721.655269759087        2502.294445801098
1                        1                        1                        0.113472                 1.5000000000000002       0.6666666666666665       5.364422930699003E-13    5.369938376267114E-13    0.25                     5.0E10                   2700                     4714.045207910317        2721.655269759087        2502.294445801098
1                        1                        1                        0.113472                 1.6                      0.625                    5.317744881231282E-13    5.337156450805991E-13    0.25                     5.0E10                   2700                     4714.045207910317        2721.655269759087        2502.294445801098
1                        1                        1                        0.113472                 1.7000000000000002       0.588235294117647        5.347502143676395E-13    5.362832639141154E-13    0.25                     5.0E10                   2700                     4714.045207910317        2721.655269759087        2502.294445801098
1                        1                        1                        0.113472                 1.8000000000000003       0.5555555555555555       5.378980005907921E-13    5.37963834439698E-13     0.25                     5.0E10                   2700                     4714.045207910317        2721.655269759087        2502.294445801098
1                        1                        1                        0.113472                 1.9000000000000001       0.5263157894736842       5.369325993419342E-13    5.355525615190253E-13    0.25                     5.0E10                   2700                     4714.045207910317        2721.655269759087        2502.294445801098
1                        1                        1                        0.113472                 2                        0.5                      5.359801182878871E-13    5.337596478868004E-13    0.25                     5.0E10                   2700                     4714.045207910317        2721.655269759087        2502.294445801098
1                        1                        1                        0.113472                 2.1                      0.47619047619047616      5.370907673786666E-13    5.348896717738196E-13    0.25                     5.0E10                   2700                     4714.045207910317        2721.655269759087        2502.294445801098
1                        1                        1                        0.113472                 2.2                      0.4545454545454545       5.385603371925124E-13    5.370873189452837E-13    0.25                     5.0E10                   2700                     4714.045207910317        2721.655269759087        2502.294445801098
1                        1                        1                        0.113472                 2.3000000000000003       0.43478260869565216      5.383813002843663E-13    5.380084479427948E-13    0.25                     5.0E10                   2700                     4714.045207910317        2721.655269759087        2502.294445801098
1                        1                        1                        0.113472                 2.4000000000000004       0.4166666666666666       5.364166487067046E-13    5.371411251796923E-13    0.25                     5.0E10                   2700                     4714.045207910317        2721.655269759087        2502.294445801098
1                        1                        1                        0.113472                 2.5000000000000004       0.3999999999999999       5.339263367102844E-13    5.354711012313734E-13    0.25                     5.0E10                   2700                     4714.045207910317        2721.655269759087        2502.294445801098
1                        1                        1                        0.113472                 2.6                      0.3846153846153846       5.321220818098396E-13    5.341450243628498E-13    0.25                     5.0E10                   2700                     4714.045207910317        2721.655269759087        2502.294445801098
1                        1                        1                        0.113472                 2.7                      0.37037037037037035      5.316148374924581E-13    5.337846842351251E-13    0.25                     5.0E10                   2700                     4714.045207910317        2721.655269759087        2502.294445801098
1                        1                        1                        0.113472                 2.8000000000000003       0.3571428571428571       5.323040813847588E-13    5.343616602157405E-13    0.25                     5.0E10                   2700                     4714.045207910317        2721.655269759087        2502.294445801098
1                        1                        1                        0.113472                 2.9000000000000004       0.3448275862068965       5.337123558970307E-13    5.354789679458263E-13    0.25                     5.0E10                   2700                     4714.045207910317        2721.655269759087        2502.294445801098
1                        1                        1                        0.113472                 3.0000000000000004       0.33333333333333326      5.352942332993457E-13    5.366602893127396E-13    0.25                     5.0E10                   2700                     4714.045207910317        2721.655269759087        2502.294445801098
1                        1                        1                        0.113472                 3.1                      0.32258064516129037      5.366311994273852E-13    5.375392295082786E-13    0.25                     5.0E10                   2700                     4714.045207910317        2721.655269759087        2502.294445801098
1                        1                        1                        0.113472                 3.2                      0.3125                   5.375033426664359E-13    5.379324011520562E-13    0.25                     5.0E10                   2700                     4714.045207910317        2721.655269759087        2502.294445801098
1                        1                        1                        0.113472                 3.3000000000000003       0.30303030303030304      5.378733278830083E-13    5.378271464768916E-13    0.25                     5.0E10                   2700                     4714.045207910317        2721.655269759087        2502.294445801098
1                        1                        1                        0.113472                 3.4000000000000004       0.2941176470588235       5.378811721962938E-13    5.373574803015136E-13    0.25                     5.0E10                   2700                     4714.045207910317        2721.655269759087        2502.294445801098
1                        1                        1                        0.113472                 3.5000000000000004       0.2857142857142857       5.375509456833891E-13    5.366042687263134E-13    0.25                     5.0E10                   2700                     4714.045207910317        2721.655269759087        2502.294445801098
1                        1                        1                        0.113472                 3.6                      0.2777777777777778       5.371039146668931E-13    5.357752823559363E-13    0.25                     5.0E10                   2700                     4714.045207910317        2721.655269759087        2502.294445801098
1                        1                        1                        0.113472                 3.7                      0.2702702702702703       5.366667724469856E-13    5.350033854521917E-13    0.25                     5.0E10                   2700                     4714.045207910317        2721.655269759087        2502.294445801098
1                        1                        1                        0.113472                 3.8000000000000003       0.2631578947368421       5.363269124939893E-13    5.343805331586616E-13    0.25                     5.0E10                   2700                     4714.045207910317        2721.655269759087        2502.294445801098
1                        1                        1                        0.113472                 3.9000000000000004       0.2564102564102564       5.361319506186107E-13    5.339574175505576E-13    0.25                     5.0E10                   2700                     4714.045207910317        2721.655269759087        2502.294445801098
1                        1                        1                        0.113472                 4                        0.25                     5.360958399785306E-13    5.337496022250932E-13    0.25                     5.0E10                   2700                     4714.045207910317        2721.655269759087        2502.294445801098
1                        1                        1                        0.113472                 4.1                      0.24390243902439027      5.362076697852706E-13    5.33746331217618E-13     0.25                     5.0E10                   2700                     4714.045207910317        2721.655269759087        2502.294445801098
1                        1                        1                        0.113472                 4.2                      0.23809523809523808      5.364405737461602E-13    5.339194942746672E-13    0.25                     5.0E10                   2700                     4714.045207910317        2721.655269759087        2502.294445801098
1                        1                        1                        0.113472                 4.3                      0.23255813953488372      5.367594211143175E-13    5.342314383482963E-13    0.25                     5.0E10                   2700                     4714.045207910317        2721.655269759087        2502.294445801098
1                        1                        1                        0.113472                 4.3999999999999995       0.22727272727272732      5.37126785081094E-13     5.346411144659539E-13    0.25                     5.0E10                   2700                     4714.045207910317        2721.655269759087        2502.294445801098
1                        1                        1                        0.113472                 4.5                      0.22222222222222224      5.375071568768975E-13    5.351085116914665E-13    0.25                     5.0E10                   2700                     4714.045207910317        2721.655269759087        2502.294445801098
1                        1                        1                        0.113472                 4.6                      0.2173913043478261       5.378701669516022E-13    5.355980721562981E-13    0.25                     5.0E10                   2700                     4714.045207910317        2721.655269759087        2502.294445801098
1                        1                        1                        0.113472                 4.7                      0.2127659574468085       5.381898163008633E-13    5.360783517101096E-13    0.25                     5.0E10                   2700                     4714.045207910317        2721.655269759087        2502.294445801098
1                        1                        1                        0.113472                 4.8                      0.20833333333333334      5.384481592778785E-13    5.365256525988757E-13    0.25                     5.0E10                   2700                     4714.045207910317        2721.655269759087        2502.294445801098
1                        1                        1                        0.113472                 4.9                      0.20408163265306117      5.386330160131553E-13    5.369221226087135E-13    0.25                     5.0E10                   2700                     4714.045207910317        2721.655269759087        2502.294445801098
1                        1                        1                        0.113472                 5                        0.2                      5.387523283848466E-13    5.372638759431716E-13    0.25                     5.0E10                   2700                     4714.045207910317        2721.655269759087        2502.294445801098
1                        1                        1                        0.113472                 5.1                      0.19607843137254904      5.387691576813645E-13    5.375240186380828E-13    0.25                     5.0E10                   2700                     4714.045207910317        2721.655269759087        2502.294445801098
1                        1                        1                        0.113472                 5.2                      0.1923076923076923       5.387071355066481E-13    5.377120775110327E-13    0.25                     5.0E10                   2700                     4714.045207910317        2721.655269759087        2502.294445801098
1                        1                        1                        0.113472                 5.3                      0.18867924528301888      5.385715452400878E-13    5.378291998734473E-13    0.25                     5.0E10                   2700                     4714.045207910317        2721.655269759087        2502.294445801098
1                        1                        1                        0.113472                 5.4                      0.18518518518518517      5.383697194769999E-13    5.378790970370987E-13    0.25                     5.0E10                   2700                     4714.045207910317        2721.655269759087        2502.294445801098
1                        1                        1                        0.113472                 5.5                      0.18181818181818182      5.381102923848804E-13    5.37867302043471E-13     0.25                     5.0E10                   2700                     4714.045207910317        2721.655269759087        2502.294445801098
1                        1                        1                        0.113472                 5.6                      0.17857142857142858      5.378025747870484E-13    5.378005313727547E-13    0.25                     5.0E10                   2700                     4714.045207910317        2721.655269759087        2502.294445801098
1                        1                        1                        0.113472                 5.7                      0.17543859649122806      5.374560533377188E-13    5.376861569271181E-13    0.25                     5.0E10                   2700                     4714.045207910317        2721.655269759087        2502.294445801098
1                        1                        1                        0.113472                 5.8                      0.1724137931034483       5.370800061111877E-13    5.375317850445534E-13    0.25                     5.0E10                   2700                     4714.045207910317        2721.655269759087        2502.294445801098
1                        1                        1                        0.113472                 5.9                      0.1694915254237288       5.366832221159249E-13    5.373449337359061E-13    0.25                     5.0E10                   2700                     4714.045207910317        2721.655269759087        2502.294445801098
1                        1                        1                        0.113472                 6                        0.16666666666666666      5.362738095005098E-13    5.371327959244865E-13    0.25                     5.0E10                   2700                     4714.045207910317        2721.655269759087        2502.294445801098
1                        1                        1                        0.113472                 6.1                      0.16393442622950818      5.358590769323572E-13    5.369020755166512E-13    0.25                     5.0E10                   2700                     4714.045207910317        2721.655269759087        2502.294445801098
1                        1                        1                        0.113472                 6.2                      0.16129032258064518      5.354454732929007E-13    5.366588831324019E-13    0.25                     5.0E10                   2700                     4714.045207910317        2721.655269759087        2502.294445801098
1                        1                        1                        0.113472                 6.3                      0.15873015873015872      5.350385722110178E-13    5.364086792128364E-13    0.25                     5.0E10                   2700                     4714.045207910317        2721.655269759087        2502.294445801098
1                        1                        1                        0.113472                 6.4                      0.15625                  5.346430899191503E-13    5.361562537058253E-13    0.25                     5.0E10                   2700                     4714.045207910317        2721.655269759087        2502.294445801098
1                        1                        1                        0.113472                 6.5                      0.15384615384615383      5.342629266166584E-13    5.359057329515339E-13    0.25                     5.0E10                   2700                     4714.045207910317        2721.655269759087        2502.294445801098
1                        1                        1                        0.113472                 6.6                      0.15151515151515152      5.339012234560435E-13    5.356606060188702E-13    0.25                     5.0E10                   2700                     4714.045207910317        2721.655269759087        2502.294445801098
1                        1                        1                        0.113472                 6.7                      0.1492537313432836       5.335604289151048E-13    5.354237642261721E-13    0.25                     5.0E10                   2700                     4714.045207910317        2721.655269759087        2502.294445801098
1                        1                        1                        0.113472                 6.8                      0.14705882352941177      5.332423697576207E-13    5.351975488546316E-13    0.25                     5.0E10                   2700                     4714.045207910317        2721.655269759087        2502.294445801098
1                        1                        1                        0.113472                 6.9                      0.14492753623188404      5.329503221158526E-13    5.349856793533486E-13    0.25                     5.0E10                   2700                     4714.045207910317        2721.655269759087        2502.294445801098
1                        1                        1                        0.113472                 7                        0.14285714285714285      5.326811587719872E-13    5.347858746334905E-13    0.25                     5.0E10                   2700                     4714.045207910317        2721.655269759087        2502.294445801098
1                        1                        1                        0.113472                 7.1                      0.14084507042253522      5.324371886521132E-13    5.346009450022784E-13    0.25                     5.0E10                   2700                     4714.045207910317        2721.655269759087        2502.294445801098
1                        1                        1                        0.113472                 7.2                      0.1388888888888889       5.322184465258169E-13    5.344315571845943E-13    0.25                     5.0E10                   2700                     4714.045207910317        2721.655269759087        2502.294445801098
1                        1                        1                        0.113472                 7.3                      0.13698630136986303      5.320246742636204E-13    5.342780851156283E-13    0.25                     5.0E10                   2700                     4714.045207910317        2721.655269759087        2502.294445801098
1                        1                        1                        0.113472                 7.4                      0.13513513513513514      5.318553726130123E-13    5.34140654149828E-13     0.25                     5.0E10                   2700                     4714.045207910317        2721.655269759087        2502.294445801098
1                        1                        1                        0.113472                 7.5                      0.13333333333333333      5.317098473343975E-13    5.340191812686933E-13    0.25                     5.0E10                   2700                     4714.045207910317        2721.655269759087        2502.294445801098
1                        1                        1                        0.113472                 7.6                      0.13157894736842105      5.315872500431834E-13    5.339134113100065E-13    0.25                     5.0E10                   2700                     4714.045207910317        2721.655269759087        2502.294445801098
1                        1                        1                        0.113472                 7.7                      0.12987012987012989      5.314866138685372E-13    5.338229491789449E-13    0.25                     5.0E10                   2700                     4714.045207910317        2721.655269759087        2502.294445801098
1                        1                        1                        0.113472                 7.8                      0.12820512820512822      5.314068843704096E-13    5.337472882704374E-13    0.25                     5.0E10                   2700                     4714.045207910317        2721.655269759087        2502.294445801098
1                        1                        1                        0.113472                 7.9                      0.12658227848101267      5.313469460726126E-13    5.33685835291271E-13     0.25                     5.0E10                   2700                     4714.045207910317        2721.655269759087        2502.294445801098
1                        1                        1                        0.113472                 8                        0.125                    5.31305645000723E-13     5.336379317595766E-13    0.25                     5.0E10                   2700                     4714.045207910317        2721.655269759087        2502.294445801098
1                        1                        1                        0.113472                 8.1                      0.1234567901234568       5.312818077343334E-13    5.336028725122473E-13    0.25                     5.0E10                   2700                     4714.045207910317        2721.655269759087        2502.294445801098
1                        1                        1                        0.113472                 8.2                      0.12195121951219513      5.312742571904911E-13    5.335799214127841E-13    0.25                     5.0E10                   2700                     4714.045207910317        2721.655269759087        2502.294445801098
1                        1                        1                        0.113472                 8.3                      0.12048192771084336      5.312818257014202E-13    5.33568324664975E-13     0.25                     5.0E10                   2700                     4714.045207910317        2721.655269759087        2502.294445801098
1                        1                        1                        0.113472                 8.4                      0.11904761904761904      5.313033655889004E-13    5.335673219114079E-13    0.25                     5.0E10                   2700                     4714.045207910317        2721.655269759087        2502.294445801098
1                        1                        1                        0.113472                 8.5                      0.11764705882352941      5.313377576735033E-13    5.335761554425446E-13    0.25                     5.0E10                   2700                     4714.045207910317        2721.655269759087        2502.294445801098
1                        1                        1                        0.113472                 8.6                      0.11627906976744186      5.313839178917117E-13    5.335940777045069E-13    0.25                     5.0E10                   2700                     4714.045207910317        2721.655269759087        2502.294445801098
1                        1                        1                        0.113472                 8.7                      0.11494252873563218      5.314408024078323E-13    5.336203573723077E-13    0.25                     5.0E10                   2700                     4714.045207910317        2721.655269759087        2502.294445801098
1                        1                        1                        0.113472                 8.8                      0.11363636363636362      5.31507411303019E-13     5.3365428412646E-13      0.25                     5.0E10                   2700                     4714.045207910317        2721.655269759087        2502.294445801098
1                        1                        1                        0.113472                 8.9                      0.11235955056179775      5.315827912162892E-13    5.336951723741653E-13    0.25                     5.0E10                   2700                     4714.045207910317        2721.655269759087        2502.294445801098
1                        1                        1                        0.113472                 9                        0.11111111111111112      5.316660369811685E-13    5.337423640383279E-13    0.25                     5.0E10                   2700                     4714.045207910317        2721.655269759087        2502.294445801098
1                        1                        1                        0.113472                 9.1                      0.1098901098901099       5.317562924855316E-13    5.337952305430412E-13    0.25                     5.0E10                   2700                     4714.045207910317        2721.655269759087        2502.294445801098
1                        1                        1                        0.113472                 9.2                      0.10869565217391305      5.318527508588564E-13    5.338531741474384E-13    0.25                     5.0E10                   2700                     4714.045207910317        2721.655269759087        2502.294445801098
1                        1                        1                        0.113472                 9.3                      0.10752688172043011      5.319546541575009E-13    5.339156287321954E-13    0.25                     5.0E10                   2700                     4714.045207910317        2721.655269759087        2502.294445801098
1                        1                        1                        0.113472                 9.4                      0.10638297872340426      5.320612925839903E-13    5.33982060109468E-13     0.25                     5.0E10                   2700                     4714.045207910317        2721.655269759087        2502.294445801098
1                        1                        1                        0.113472                 9.5                      0.10526315789473685      5.321720034040328E-13    5.340519659702098E-13    0.25                     5.0E10                   2700                     4714.045207910317        2721.655269759087        2502.294445801098
1                        1                        1                        0.113472                 9.6                      0.10416666666666667      5.322861695015578E-13    5.341248754915813E-13    0.25                     5.0E10                   2700                     4714.045207910317        2721.655269759087        2502.294445801098
1                        1                        1                        0.113472                 9.700000000000001        0.1030927835051546       5.324032178439719E-13    5.342003487340911E-13    0.25                     5.0E10                   2700                     4714.045207910317        2721.655269759087        2502.294445801098
1                        1                        1                        0.113472                 9.8                      0.10204081632653059      5.325226177595848E-13    5.342779758386329E-13    0.25                     5.0E10                   2700                     4714.045207910317        2721.655269759087        2502.294445801098
1                        1                        1                        0.113472                 9.9                      0.101010101010101        5.326438790336717E-13    5.343573760282659E-13    0.25                     5.0E10                   2700                     4714.045207910317        2721.655269759087        2502.294445801098
1                        1                        1                        0.113472                 10                       0.1                      5.327894475363532E-13    5.344174193090937E-13    0.25                     5.0E10                   2700                     4714.045207910317        2721.655269759087        2502.294445801098
